 Temperature (Hatree) = 0
 Electronic Temperature (eV) = 0
 xloss =   0.17050000000000001       eV
 efermi =   -10.117047500000000       eV
 Number of poles = 0
 Omega(Hart)    Re CCHI     Im CCHI   1-Fermi   Re xmu0    Im xmu0
  -0.1474273775E+001  -0.9477922968E-002   0.1700118840E-003   0.9981909583E+000  -0.9495100000E-002   0.1703200000E-003
  -0.1470598844E+001  -0.9378346486E-002   0.1671460629E-003   0.9981849081E+000  -0.9395400000E-002   0.1674500000E-003
  -0.1466923913E+001  -0.9280367918E-002   0.1643501423E-003   0.9981788173E+000  -0.9297300000E-002   0.1646500000E-003
  -0.1463248982E+001  -0.9183987245E-002   0.1616341030E-003   0.9981726855E+000  -0.9200800000E-002   0.1619300000E-003
  -0.1459574051E+001  -0.9089304261E-002   0.1589779804E-003   0.9981665123E+000  -0.9106000000E-002   0.1592700000E-003
  -0.1455899120E+001  -0.8996019495E-002   0.1563917554E-003   0.9981602972E+000  -0.9012600000E-002   0.1566800000E-003
  -0.1452224189E+001  -0.8904332559E-002   0.1538754268E-003   0.9981540399E+000  -0.8920800000E-002   0.1541600000E-003
  -0.1448549259E+001  -0.8814043802E-002   0.1514190121E-003   0.9981477398E+000  -0.8830400000E-002   0.1517000000E-003
  -0.1444874328E+001  -0.8725253019E-002   0.1490225105E-003   0.9981413966E+000  -0.8741500000E-002   0.1493000000E-003
  -0.1441199397E+001  -0.8637860375E-002   0.1466759397E-003   0.9981350098E+000  -0.8654000000E-002   0.1469500000E-003
  -0.1437524466E+001  -0.8551766039E-002   0.1443992615E-003   0.9981285790E+000  -0.8567800000E-002   0.1446700000E-003
  -0.1433849535E+001  -0.8467069805E-002   0.1421725124E-003   0.9981221036E+000  -0.8483000000E-002   0.1424400000E-003
  -0.1430174604E+001  -0.8383572030E-002   0.1399956917E-003   0.9981155833E+000  -0.8399400000E-002   0.1402600000E-003
  -0.1426499673E+001  -0.8301472321E-002   0.1378687986E-003   0.9981090175E+000  -0.8317200000E-002   0.1381300000E-003
  -0.1422824742E+001  -0.8220471225E-002   0.1358018133E-003   0.9981024059E+000  -0.8236100000E-002   0.1360600000E-003
  -0.1419149811E+001  -0.8140768348E-002   0.1337747731E-003   0.9980957478E+000  -0.8156300000E-002   0.1340300000E-003
  -0.1415474880E+001  -0.8062263861E-002   0.1317976581E-003   0.9980890428E+000  -0.8077700000E-002   0.1320500000E-003
  -0.1411799950E+001  -0.7984857940E-002   0.1298604868E-003   0.9980822905E+000  -0.8000200000E-002   0.1301100000E-003
  -0.1408125019E+001  -0.7908550570E-002   0.1279732394E-003   0.9980754903E+000  -0.7923800000E-002   0.1282200000E-003
  -0.1404450088E+001  -0.7833441541E-002   0.1261259342E-003   0.9980686417E+000  -0.7848600000E-002   0.1263700000E-003
  -0.1400775157E+001  -0.7759331223E-002   0.1243285515E-003   0.9980617441E+000  -0.7774400000E-002   0.1245700000E-003
  -0.1397100226E+001  -0.7686319409E-002   0.1225611291E-003   0.9980547971E+000  -0.7701300000E-002   0.1228000000E-003
  -0.1393425295E+001  -0.7614306277E-002   0.1208336472E-003   0.9980478002E+000  -0.7629200000E-002   0.1210700000E-003
  -0.1389750364E+001  -0.7543291813E-002   0.1191461051E-003   0.9980407527E+000  -0.7558100000E-002   0.1193800000E-003
  -0.1386075433E+001  -0.7473276002E-002   0.1174985021E-003   0.9980336542E+000  -0.7488000000E-002   0.1177300000E-003
  -0.1382400502E+001  -0.7404159028E-002   0.1158808574E-003   0.9980265040E+000  -0.7418800000E-002   0.1161100000E-003
  -0.1378725571E+001  -0.7336040679E-002   0.1143031506E-003   0.9980193016E+000  -0.7350600000E-002   0.1145300000E-003
  -0.1375050641E+001  -0.7268920940E-002   0.1127554010E-003   0.9980120465E+000  -0.7283400000E-002   0.1129800000E-003
  -0.1371375710E+001  -0.7202600195E-002   0.1112475882E-003   0.9980047381E+000  -0.7217000000E-002   0.1114700000E-003
  -0.1367700779E+001  -0.7137178232E-002   0.1097697313E-003   0.9979973757E+000  -0.7151500000E-002   0.1099900000E-003
  -0.1364025848E+001  -0.7072655039E-002   0.1083118502E-003   0.9979899587E+000  -0.7086900000E-002   0.1085300000E-003
  -0.1360350917E+001  -0.7008930802E-002   0.1068939041E-003   0.9979824867E+000  -0.7023100000E-002   0.1071100000E-003
  -0.1356675986E+001  -0.6946105308E-002   0.1055059126E-003   0.9979749588E+000  -0.6960200000E-002   0.1057200000E-003
  -0.1353001055E+001  -0.6883978950E-002   0.1041478752E-003   0.9979673746E+000  -0.6898000000E-002   0.1043600000E-003
  -0.1349326124E+001  -0.6822751309E-002   0.1028098117E-003   0.9979597334E+000  -0.6836700000E-002   0.1030200000E-003
  -0.1345651193E+001  -0.6762222781E-002   0.1015116809E-003   0.9979520345E+000  -0.6776100000E-002   0.1017200000E-003
  -0.1341976262E+001  -0.6702493149E-002   0.1002235438E-003   0.9979442772E+000  -0.6716300000E-002   0.1004300000E-003
  -0.1338301332E+001  -0.6643562402E-002   0.9897334233E-004   0.9979364610E+000  -0.6657300000E-002   0.9917800000E-004
  -0.1334626401E+001  -0.6585330733E-002   0.9774510906E-004   0.9979285851E+000  -0.6599000000E-002   0.9794800000E-004
  -0.1330951470E+001  -0.6527798133E-002   0.9654083942E-004   0.9979206489E+000  -0.6541400000E-002   0.9674200000E-004
  -0.1327276539E+001  -0.6470964589E-002   0.9536053299E-004   0.9979126516E+000  -0.6484500000E-002   0.9556000000E-004
  -0.1323601608E+001  -0.6414830093E-002   0.9420319145E-004   0.9979045926E+000  -0.6428300000E-002   0.9440100000E-004
  -0.1319926677E+001  -0.6359294841E-002   0.9306781648E-004   0.9978964711E+000  -0.6372700000E-002   0.9326400000E-004
  -0.1316251746E+001  -0.6304558405E-002   0.9195540559E-004   0.9978882864E+000  -0.6317900000E-002   0.9215000000E-004
  -0.1312576815E+001  -0.6250421193E-002   0.9086496048E-004   0.9978800378E+000  -0.6263700000E-002   0.9105800000E-004
  -0.1308901884E+001  -0.6196883196E-002   0.8979448500E-004   0.9978717244E+000  -0.6210100000E-002   0.8998600000E-004
  -0.1305226953E+001  -0.6144044192E-002   0.8874497665E-004   0.9978633457E+000  -0.6157200000E-002   0.8893500000E-004
  -0.1301552023E+001  -0.6091704597E-002   0.8771543719E-004   0.9978549006E+000  -0.6104800000E-002   0.8790400000E-004
  -0.1297877092E+001  -0.6040063975E-002   0.8670486840E-004   0.9978463886E+000  -0.6053100000E-002   0.8689200000E-004
  -0.1294202161E+001  -0.5989022528E-002   0.8571326993E-004   0.9978378087E+000  -0.6002000000E-002   0.8589900000E-004
  -0.1290527230E+001  -0.5938480464E-002   0.8474064143E-004   0.9978291602E+000  -0.5951400000E-002   0.8492500000E-004
  -0.1286852299E+001  -0.5888537558E-002   0.8378598472E-004   0.9978204423E+000  -0.5901400000E-002   0.8396900000E-004
  -0.1283177368E+001  -0.5839193799E-002   0.8284929944E-004   0.9978116540E+000  -0.5852000000E-002   0.8303100000E-004
  -0.1279502437E+001  -0.5790349397E-002   0.8192958746E-004   0.9978027946E+000  -0.5803100000E-002   0.8211000000E-004
  -0.1275827506E+001  -0.5742104124E-002   0.8102684845E-004   0.9977938631E+000  -0.5754800000E-002   0.8120600000E-004
  -0.1272152575E+001  -0.5694358189E-002   0.8014108207E-004   0.9977848588E+000  -0.5707000000E-002   0.8031900000E-004
  -0.1268477644E+001  -0.5647111586E-002   0.7927029244E-004   0.9977757806E+000  -0.5659700000E-002   0.7944700000E-004
  -0.1264802714E+001  -0.5600364305E-002   0.7841647481E-004   0.9977666278E+000  -0.5612900000E-002   0.7859200000E-004
  -0.1261127783E+001  -0.5554116339E-002   0.7757763331E-004   0.9977573993E+000  -0.5566600000E-002   0.7775200000E-004
  -0.1257452852E+001  -0.5508367678E-002   0.7675276989E-004   0.9977480942E+000  -0.5520800000E-002   0.7692600000E-004
  -0.1253777921E+001  -0.5463118315E-002   0.7594387977E-004   0.9977387116E+000  -0.5475500000E-002   0.7611600000E-004
  -0.1250102990E+001  -0.5418368240E-002   0.7514896714E-004   0.9977292504E+000  -0.5430700000E-002   0.7532000000E-004
  -0.1246428059E+001  -0.5374117445E-002   0.7436803173E-004   0.9977197098E+000  -0.5386400000E-002   0.7453800000E-004
  -0.1242753128E+001  -0.5330166378E-002   0.7360107324E-004   0.9977100886E+000  -0.5342400000E-002   0.7377000000E-004
  -0.1239078197E+001  -0.5286814345E-002   0.7284709368E-004   0.9977003860E+000  -0.5299000000E-002   0.7301500000E-004
  -0.1235403266E+001  -0.5243861797E-002   0.7210609279E-004   0.9976906007E+000  -0.5256000000E-002   0.7227300000E-004
  -0.1231728335E+001  -0.5201308727E-002   0.7137906796E-004   0.9976807318E+000  -0.5213400000E-002   0.7154500000E-004
  -0.1228053405E+001  -0.5159155128E-002   0.7066302588E-004   0.9976707782E+000  -0.5171200000E-002   0.7082800000E-004
  -0.1224378474E+001  -0.5117500760E-002   0.6996095931E-004   0.9976607389E+000  -0.5129500000E-002   0.7012500000E-004
  -0.1220703543E+001  -0.5076245847E-002   0.6926987498E-004   0.9976506126E+000  -0.5088200000E-002   0.6943300000E-004
  -0.1217028612E+001  -0.5035390382E-002   0.6859077030E-004   0.9976403982E+000  -0.5047300000E-002   0.6875300000E-004
  -0.1213353681E+001  -0.4994934358E-002   0.6792364499E-004   0.9976300946E+000  -0.5006800000E-002   0.6808500000E-004
  -0.1209678750E+001  -0.4954778006E-002   0.6726750118E-004   0.9976197007E+000  -0.4966600000E-002   0.6742800000E-004
  -0.1206003819E+001  -0.4915120842E-002   0.6662233861E-004   0.9976092152E+000  -0.4926900000E-002   0.6678200000E-004
  -0.1202328888E+001  -0.4875763338E-002   0.6598815704E-004   0.9975986369E+000  -0.4887500000E-002   0.6614700000E-004
  -0.1198653957E+001  -0.4836805246E-002   0.6536395862E-004   0.9975879646E+000  -0.4848500000E-002   0.6552200000E-004
  -0.1194979026E+001  -0.4798246560E-002   0.6475074070E-004   0.9975771970E+000  -0.4809900000E-002   0.6490800000E-004
  -0.1191304096E+001  -0.4760087270E-002   0.6414850303E-004   0.9975663328E+000  -0.4771700000E-002   0.6430500000E-004
  -0.1187629165E+001  -0.4722227614E-002   0.6355525023E-004   0.9975553708E+000  -0.4733800000E-002   0.6371100000E-004
  -0.1183954234E+001  -0.4684667587E-002   0.6297197963E-004   0.9975443096E+000  -0.4696200000E-002   0.6312700000E-004
  -0.1180279303E+001  -0.4647506935E-002   0.6239869099E-004   0.9975331478E+000  -0.4659000000E-002   0.6255300000E-004
  -0.1176604372E+001  -0.4610645900E-002   0.6183438655E-004   0.9975218841E+000  -0.4622100000E-002   0.6198800000E-004
  -0.1172929441E+001  -0.4574084476E-002   0.6128006359E-004   0.9975105170E+000  -0.4585500000E-002   0.6143300000E-004
  -0.1169254510E+001  -0.4537922406E-002   0.6073372687E-004   0.9974990452E+000  -0.4549300000E-002   0.6088600000E-004
  -0.1165579579E+001  -0.4502059934E-002   0.6019737116E-004   0.9974874672E+000  -0.4513400000E-002   0.6034900000E-004
  -0.1161904648E+001  -0.4466497054E-002   0.5966900125E-004   0.9974757815E+000  -0.4477800000E-002   0.5982000000E-004
  -0.1158229717E+001  -0.4431333507E-002   0.5914961440E-004   0.9974639866E+000  -0.4442600000E-002   0.5930000000E-004
  -0.1154554787E+001  -0.4396369792E-002   0.5863821293E-004   0.9974520809E+000  -0.4407600000E-002   0.5878800000E-004
  -0.1150879856E+001  -0.4361705651E-002   0.5813579407E-004   0.9974400629E+000  -0.4372900000E-002   0.5828500000E-004
  -0.1147204925E+001  -0.4327341079E-002   0.5764136014E-004   0.9974279311E+000  -0.4338500000E-002   0.5779000000E-004
  -0.1143529994E+001  -0.4293375810E-002   0.5715391351E-004   0.9974156837E+000  -0.4304500000E-002   0.5730200000E-004
  -0.1139855063E+001  -0.4259610355E-002   0.5667544880E-004   0.9974033191E+000  -0.4270700000E-002   0.5682300000E-004
  -0.1136180132E+001  -0.4226044709E-002   0.5620397098E-004   0.9973908356E+000  -0.4237100000E-002   0.5635100000E-004
  -0.1132505201E+001  -0.4192878347E-002   0.5573947984E-004   0.9973782315E+000  -0.4203900000E-002   0.5588600000E-004
  -0.1128830270E+001  -0.4159911785E-002   0.5528297258E-004   0.9973655050E+000  -0.4170900000E-002   0.5542900000E-004
  -0.1125155339E+001  -0.4127244755E-002   0.5483444894E-004   0.9973526544E+000  -0.4138200000E-002   0.5498000000E-004
  -0.1121480408E+001  -0.4094877249E-002   0.5439191401E-004   0.9973396778E+000  -0.4105800000E-002   0.5453700000E-004
  -0.1117805478E+001  -0.4062709530E-002   0.5395736228E-004   0.9973265734E+000  -0.4073600000E-002   0.5410200000E-004
  -0.1114130547E+001  -0.4030841323E-002   0.5352879886E-004   0.9973133393E+000  -0.4041700000E-002   0.5367300000E-004
  -0.1110455616E+001  -0.3999172893E-002   0.5310722089E-004   0.9972999734E+000  -0.4010000000E-002   0.5325100000E-004
  -0.1106780685E+001  -0.3967803965E-002   0.5269262814E-004   0.9972864740E+000  -0.3978600000E-002   0.5283600000E-004
  -0.1103105754E+001  -0.3936634804E-002   0.5228502039E-004   0.9972728388E+000  -0.3947400000E-002   0.5242800000E-004
  -0.1099430823E+001  -0.3905765132E-002   0.5188240291E-004   0.9972590659E+000  -0.3916500000E-002   0.5202500000E-004
  -0.1095755892E+001  -0.3875095217E-002   0.5148776726E-004   0.9972451533E+000  -0.3885800000E-002   0.5163000000E-004
  -0.1092080961E+001  -0.3844625055E-002   0.5109812149E-004   0.9972310986E+000  -0.3855300000E-002   0.5124000000E-004
  -0.1088406030E+001  -0.3814454364E-002   0.5071545988E-004   0.9972168999E+000  -0.3825100000E-002   0.5085700000E-004
  -0.1084731099E+001  -0.3784483415E-002   0.5033878496E-004   0.9972025547E+000  -0.3795100000E-002   0.5048000000E-004
  -0.1081056169E+001  -0.3754712206E-002   0.4996709936E-004   0.9971880609E+000  -0.3765300000E-002   0.5010800000E-004
  -0.1077381238E+001  -0.3725140731E-002   0.4960239724E-004   0.9971734162E+000  -0.3735700000E-002   0.4974300000E-004
  -0.1073706307E+001  -0.3695868702E-002   0.4924268404E-004   0.9971586181E+000  -0.3706400000E-002   0.4938300000E-004
  -0.1070031376E+001  -0.3666696682E-002   0.4888895672E-004   0.9971436643E+000  -0.3677200000E-002   0.4902900000E-004
  -0.1066356445E+001  -0.3637824097E-002   0.4854121505E-004   0.9971285522E+000  -0.3648300000E-002   0.4868100000E-004
  -0.1062681514E+001  -0.3609051515E-002   0.4819846170E-004   0.9971132794E+000  -0.3619500000E-002   0.4833800000E-004
  -0.1059006583E+001  -0.3580578355E-002   0.4786069647E-004   0.9970978432E+000  -0.3591000000E-002   0.4800000000E-004
  -0.1055331652E+001  -0.3552304900E-002   0.4752891627E-004   0.9970822411E+000  -0.3562700000E-002   0.4766800000E-004
  -0.1051656721E+001  -0.3524131439E-002   0.4720212377E-004   0.9970664703E+000  -0.3534500000E-002   0.4734100000E-004
  -0.1047981790E+001  -0.3496257382E-002   0.4688031878E-004   0.9970505281E+000  -0.3506600000E-002   0.4701900000E-004
  -0.1044306860E+001  -0.3468483312E-002   0.4656449813E-004   0.9970344117E+000  -0.3478800000E-002   0.4670300000E-004
  -0.1040631929E+001  -0.3441008631E-002   0.4625266752E-004   0.9970181182E+000  -0.3451300000E-002   0.4639100000E-004
  -0.1036956998E+001  -0.3413633931E-002   0.4594682080E-004   0.9970016447E+000  -0.3423900000E-002   0.4608500000E-004
  -0.1033282067E+001  -0.3386458909E-002   0.4564496371E-004   0.9969849882E+000  -0.3396700000E-002   0.4578300000E-004
  -0.1029607136E+001  -0.3359483560E-002   0.4534909004E-004   0.9969681456E+000  -0.3369700000E-002   0.4548700000E-004
  -0.1025932205E+001  -0.3332608183E-002   0.4505720558E-004   0.9969511137E+000  -0.3342800000E-002   0.4519500000E-004
  -0.1022257274E+001  -0.3305932471E-002   0.4477030711E-004   0.9969338894E+000  -0.3316100000E-002   0.4490800000E-004
  -0.1018582343E+001  -0.3279456418E-002   0.4448739745E-004   0.9969164694E+000  -0.3289600000E-002   0.4462500000E-004
  -0.1014907412E+001  -0.3253180018E-002   0.4420947332E-004   0.9968988504E+000  -0.3263300000E-002   0.4434700000E-004
  -0.1011232481E+001  -0.3227003578E-002   0.4393653446E-004   0.9968810288E+000  -0.3237100000E-002   0.4407400000E-004
  -0.1007557551E+001  -0.3201026783E-002   0.4366758377E-004   0.9968630012E+000  -0.3211100000E-002   0.4380500000E-004
  -0.1003882620E+001  -0.3175149943E-002   0.4340361787E-004   0.9968447641E+000  -0.3185200000E-002   0.4354100000E-004
  -0.1000207689E+001  -0.3149472738E-002   0.4314363968E-004   0.9968263136E+000  -0.3159500000E-002   0.4328100000E-004
  -0.9965327578E+000  -0.3123895482E-002   0.4288764897E-004   0.9968076461E+000  -0.3133900000E-002   0.4302500000E-004
  -0.9928578269E+000  -0.3098517853E-002   0.4263664232E-004   0.9967887577E+000  -0.3108500000E-002   0.4277400000E-004
  -0.9891828960E+000  -0.3073339845E-002   0.4238962267E-004   0.9967696445E+000  -0.3083300000E-002   0.4252700000E-004
  -0.9855079651E+000  -0.3048261775E-002   0.4214658979E-004   0.9967503024E+000  -0.3058200000E-002   0.4228400000E-004
  -0.9818330342E+000  -0.3023283642E-002   0.4190754343E-004   0.9967307273E+000  -0.3033200000E-002   0.4204500000E-004
  -0.9781581033E+000  -0.2998505116E-002   0.4167348006E-004   0.9967109149E+000  -0.3008400000E-002   0.4181100000E-004
  -0.9744831724E+000  -0.2973826522E-002   0.4144240600E-004   0.9966908610E+000  -0.2983700000E-002   0.4158000000E-004
  -0.9708082415E+000  -0.2949347524E-002   0.4121631438E-004   0.9966705610E+000  -0.2959200000E-002   0.4135400000E-004
  -0.9671333106E+000  -0.2924868785E-002   0.4099321158E-004   0.9966500104E+000  -0.2934700000E-002   0.4113100000E-004
  -0.9634583797E+000  -0.2900689300E-002   0.4077509065E-004   0.9966292045E+000  -0.2910500000E-002   0.4091300000E-004
  -0.9597834488E+000  -0.2876510071E-002   0.4055995803E-004   0.9966081387E+000  -0.2886300000E-002   0.4069800000E-004
  -0.9561085179E+000  -0.2852530420E-002   0.4034980668E-004   0.9965868078E+000  -0.2862300000E-002   0.4048800000E-004
  -0.9524335870E+000  -0.2828650684E-002   0.4014264310E-004   0.9965652070E+000  -0.2838400000E-002   0.4028100000E-004
  -0.9487586561E+000  -0.2804870860E-002   0.3993946362E-004   0.9965433311E+000  -0.2814600000E-002   0.4007800000E-004
  -0.9450837252E+000  -0.2781190946E-002   0.3974026793E-004   0.9965211747E+000  -0.2790900000E-002   0.3987900000E-004
  -0.9414087943E+000  -0.2757710592E-002   0.3954505570E-004   0.9964987325E+000  -0.2767400000E-002   0.3968400000E-004
  -0.9377338634E+000  -0.2734230493E-002   0.3935382662E-004   0.9964759988E+000  -0.2743900000E-002   0.3949300000E-004
  -0.9340589325E+000  -0.2710949945E-002   0.3916558391E-004   0.9964529680E+000  -0.2720600000E-002   0.3930500000E-004
  -0.9303840016E+000  -0.2687769295E-002   0.3898132372E-004   0.9964296342E+000  -0.2697400000E-002   0.3912100000E-004
  -0.9267090707E+000  -0.2664688543E-002   0.3880104571E-004   0.9964059914E+000  -0.2674300000E-002   0.3894100000E-004
  -0.9230341398E+000  -0.2641707685E-002   0.3862375314E-004   0.9963820334E+000  -0.2651300000E-002   0.3876400000E-004
  -0.9193592089E+000  -0.2618826720E-002   0.3845044208E-004   0.9963577539E+000  -0.2628400000E-002   0.3859100000E-004
  -0.9156842780E+000  -0.2596045646E-002   0.3828111215E-004   0.9963331463E+000  -0.2605600000E-002   0.3842200000E-004
  -0.9120093471E+000  -0.2573364460E-002   0.3811476665E-004   0.9963082039E+000  -0.2582900000E-002   0.3825600000E-004
  -0.9083344162E+000  -0.2550882788E-002   0.3795240155E-004   0.9962829200E+000  -0.2560400000E-002   0.3809400000E-004
  -0.9046594853E+000  -0.2528401369E-002   0.3779401645E-004   0.9962572873E+000  -0.2537900000E-002   0.3793600000E-004
  -0.9009845544E+000  -0.2506019832E-002   0.3763961093E-004   0.9962312986E+000  -0.2515500000E-002   0.3778200000E-004
  -0.8973096235E+000  -0.2483738173E-002   0.3748719214E-004   0.9962049466E+000  -0.2493200000E-002   0.3763000000E-004
  -0.8936346926E+000  -0.2461456772E-002   0.3733974835E-004   0.9961782234E+000  -0.2470900000E-002   0.3748300000E-004
  -0.8899597617E+000  -0.2439374866E-002   0.3719528672E-004   0.9961511212E+000  -0.2448800000E-002   0.3733900000E-004
  -0.8862848308E+000  -0.2417392830E-002   0.3705480298E-004   0.9961236320E+000  -0.2426800000E-002   0.3719900000E-004
  -0.8826098999E+000  -0.2395411053E-002   0.3691730058E-004   0.9960957472E+000  -0.2404800000E-002   0.3706200000E-004
  -0.8789349690E+000  -0.2373529147E-002   0.3678377517E-004   0.9960674584E+000  -0.2382900000E-002   0.3692900000E-004
  -0.8752600381E+000  -0.2351747108E-002   0.3665422624E-004   0.9960387566E+000  -0.2361100000E-002   0.3680000000E-004
  -0.8715851072E+000  -0.2330064935E-002   0.3652765728E-004   0.9960096329E+000  -0.2339400000E-002   0.3667400000E-004
  -0.8679101763E+000  -0.2308383026E-002   0.3640506380E-004   0.9959800778E+000  -0.2317700000E-002   0.3655200000E-004
  -0.8642352454E+000  -0.2286800982E-002   0.3628644527E-004   0.9959500816E+000  -0.2296100000E-002   0.3643400000E-004
  -0.8605603145E+000  -0.2265318800E-002   0.3617080520E-004   0.9959196344E+000  -0.2274600000E-002   0.3631900000E-004
  -0.8568853836E+000  -0.2243936477E-002   0.3605913899E-004   0.9958887259E+000  -0.2253200000E-002   0.3620800000E-004
  -0.8532104527E+000  -0.2222554424E-002   0.3595045018E-004   0.9958573457E+000  -0.2231800000E-002   0.3610000000E-004
  -0.8495355218E+000  -0.2201272230E-002   0.3584672990E-004   0.9958254828E+000  -0.2210500000E-002   0.3599700000E-004
  -0.8458605909E+000  -0.2179990311E-002   0.3574598584E-004   0.9957931259E+000  -0.2189200000E-002   0.3589700000E-004
  -0.8421856600E+000  -0.2158907827E-002   0.3564921320E-004   0.9957602636E+000  -0.2168100000E-002   0.3580100000E-004
  -0.8385107291E+000  -0.2137726047E-002   0.3555641129E-004   0.9957268838E+000  -0.2146900000E-002   0.3570900000E-004
  -0.8348357982E+000  -0.2116644125E-002   0.3546658375E-004   0.9956929743E+000  -0.2125800000E-002   0.3562000000E-004
  -0.8311608673E+000  -0.2095662058E-002   0.3538172125E-004   0.9956585224E+000  -0.2104800000E-002   0.3553600000E-004
  -0.8274859364E+000  -0.2074680280E-002   0.3529983172E-004   0.9956235149E+000  -0.2083800000E-002   0.3545500000E-004
  -0.8238110055E+000  -0.2053798358E-002   0.3522191008E-004   0.9955879382E+000  -0.2062900000E-002   0.3537800000E-004
  -0.8201360746E+000  -0.2032916732E-002   0.3514895109E-004   0.9955517785E+000  -0.2042000000E-002   0.3530600000E-004
  -0.8164611437E+000  -0.2012134961E-002   0.3507896280E-004   0.9955150212E+000  -0.2021200000E-002   0.3523700000E-004
  -0.8127862128E+000  -0.1991353494E-002   0.3501393543E-004   0.9954776513E+000  -0.2000400000E-002   0.3517300000E-004
  -0.8091112819E+000  -0.1970572338E-002   0.3495287256E-004   0.9954396536E+000  -0.1979600000E-002   0.3511300000E-004
  -0.8054363510E+000  -0.1949891042E-002   0.3489577328E-004   0.9954010119E+000  -0.1958900000E-002   0.3505700000E-004
  -0.8017614201E+000  -0.1929210066E-002   0.3484263665E-004   0.9953617099E+000  -0.1938200000E-002   0.3500500000E-004
  -0.7980864892E+000  -0.1908529418E-002   0.3479445705E-004   0.9953217304E+000  -0.1917500000E-002   0.3495800000E-004
  -0.7944115583E+000  -0.1887948635E-002   0.3475123334E-004   0.9952810557E+000  -0.1896900000E-002   0.3491600000E-004
  -0.7907366274E+000  -0.1867368188E-002   0.3471196913E-004   0.9952396676E+000  -0.1876300000E-002   0.3487800000E-004
  -0.7870616965E+000  -0.1846788088E-002   0.3467666333E-004   0.9951975471E+000  -0.1855700000E-002   0.3484400000E-004
  -0.7833867656E+000  -0.1826208343E-002   0.3464730515E-004   0.9951546747E+000  -0.1835100000E-002   0.3481600000E-004
  -0.7797118347E+000  -0.1805728475E-002   0.3462190295E-004   0.9951110299E+000  -0.1814600000E-002   0.3479200000E-004
  -0.7760369038E+000  -0.1785149466E-002   0.3460244566E-004   0.9950665918E+000  -0.1794000000E-002   0.3477400000E-004
  -0.7723619729E+000  -0.1764670344E-002   0.3458793675E-004   0.9950213385E+000  -0.1773500000E-002   0.3476100000E-004
  -0.7686870420E+000  -0.1744191609E-002   0.3457837477E-004   0.9949752475E+000  -0.1753000000E-002   0.3475300000E-004
  -0.7650121111E+000  -0.1723713271E-002   0.3457375825E-004   0.9949282951E+000  -0.1732500000E-002   0.3475000000E-004
  -0.7613371802E+000  -0.1703135854E-002   0.3457508052E-004   0.9948804570E+000  -0.1711900000E-002   0.3475300000E-004
  -0.7576622493E+000  -0.1682658351E-002   0.3458233983E-004   0.9948317080E+000  -0.1691400000E-002   0.3476200000E-004
  -0.7539873184E+000  -0.1662181280E-002   0.3459553437E-004   0.9947820217E+000  -0.1670900000E-002   0.3477700000E-004
  -0.7503123875E+000  -0.1641704655E-002   0.3461466225E-004   0.9947313709E+000  -0.1650400000E-002   0.3479800000E-004
  -0.7466374566E+000  -0.1621129020E-002   0.3464071618E-004   0.9946797273E+000  -0.1629800000E-002   0.3482600000E-004
  -0.7429625257E+000  -0.1600653330E-002   0.3467269936E-004   0.9946270613E+000  -0.1609300000E-002   0.3486000000E-004
  -0.7392875948E+000  -0.1580078669E-002   0.3471160422E-004   0.9945733422E+000  -0.1588700000E-002   0.3490100000E-004
  -0.7356126639E+000  -0.1559504520E-002   0.3475842291E-004   0.9945185383E+000  -0.1568100000E-002   0.3495000000E-004
  -0.7319377330E+000  -0.1538930899E-002   0.3481215834E-004   0.9944626162E+000  -0.1547500000E-002   0.3500600000E-004
  -0.7282628021E+000  -0.1518258381E-002   0.3487380234E-004   0.9944055415E+000  -0.1526800000E-002   0.3507000000E-004
  -0.7245878712E+000  -0.1497586436E-002   0.3494335205E-004   0.9943472781E+000  -0.1506100000E-002   0.3514200000E-004
  -0.7209129403E+000  -0.1476815652E-002   0.3502179877E-004   0.9942877885E+000  -0.1485300000E-002   0.3522300000E-004
  -0.7172380094E+000  -0.1456144913E-002   0.3510814501E-004   0.9942270335E+000  -0.1464600000E-002   0.3531200000E-004
  -0.7135630785E+000  -0.1435275971E-002   0.3520537000E-004   0.9941649724E+000  -0.1443700000E-002   0.3541200000E-004
  -0.7098881476E+000  -0.1414407703E-002   0.3531148161E-004   0.9941015627E+000  -0.1422800000E-002   0.3552100000E-004
  -0.7062132167E+000  -0.1393440730E-002   0.3542846415E-004   0.9940367598E+000  -0.1401800000E-002   0.3564100000E-004
  -0.7025382858E+000  -0.1372474490E-002   0.3555631334E-004   0.9939705173E+000  -0.1380800000E-002   0.3577200000E-004
  -0.6988633549E+000  -0.1351409619E-002   0.3569701249E-004   0.9939027868E+000  -0.1359700000E-002   0.3591600000E-004
  -0.6951884240E+000  -0.1330246163E-002   0.3584856881E-004   0.9938335175E+000  -0.1338500000E-002   0.3607100000E-004
  -0.6915134931E+000  -0.1308984171E-002   0.3601495243E-004   0.9937626564E+000  -0.1317200000E-002   0.3624100000E-004
  -0.6878385622E+000  -0.1287623694E-002   0.3619516364E-004   0.9936901481E+000  -0.1295800000E-002   0.3642500000E-004
  -0.6841636313E+000  -0.1266065423E-002   0.3639118359E-004   0.9936159343E+000  -0.1274200000E-002   0.3662500000E-004
  -0.6804887004E+000  -0.1244508147E-002   0.3660300545E-004   0.9935399543E+000  -0.1252600000E-002   0.3684100000E-004
  -0.6768137695E+000  -0.1222753207E-002   0.3683360246E-004   0.9934621441E+000  -0.1230800000E-002   0.3707600000E-004
  -0.6731388386E+000  -0.1200900028E-002   0.3708395976E-004   0.9933824370E+000  -0.1208900000E-002   0.3733100000E-004
  -0.6694639077E+000  -0.1178948675E-002   0.3735506178E-004   0.9933007627E+000  -0.1186900000E-002   0.3760700000E-004
  -0.6657889768E+000  -0.1156799895E-002   0.3765087183E-004   0.9932170474E+000  -0.1164700000E-002   0.3790800000E-004
  -0.6621140459E+000  -0.1134453785E-002   0.3797137883E-004   0.9931312137E+000  -0.1142300000E-002   0.3823400000E-004
  -0.6584391150E+000  -0.1111910449E-002   0.3832153633E-004   0.9930431802E+000  -0.1119700000E-002   0.3859000000E-004
  -0.6547641841E+000  -0.1089169994E-002   0.3870331663E-004   0.9929528613E+000  -0.1096900000E-002   0.3897800000E-004
  -0.6510892532E+000  -0.1066133247E-002   0.3912166915E-004   0.9928601667E+000  -0.1073800000E-002   0.3940300000E-004
  -0.6474143223E+000  -0.1042899634E-002   0.3958154061E-004   0.9927650014E+000  -0.1050500000E-002   0.3987000000E-004
  -0.6437393914E+000  -0.1019370015E-002   0.4008886752E-004   0.9926672655E+000  -0.1026900000E-002   0.4038500000E-004
  -0.6400644605E+000  -0.9955445540E-003   0.4065057548E-004   0.9925668534E+000  -0.1003000000E-002   0.4095500000E-004
  -0.6363895296E+000  -0.9714035748E-003   0.4127755582E-004   0.9924636536E+000  -0.9787800000E-003   0.4159100000E-004
  -0.6327145987E+000  -0.9468678783E-003   0.4198168608E-004   0.9923575483E+000  -0.9541600000E-003   0.4230500000E-004
  -0.6290396678E+000  -0.9218980008E-003   0.4278178259E-004   0.9922484133E+000  -0.9291000000E-003   0.4311600000E-004
  -0.6253647369E+000  -0.8964545097E-003   0.4370061954E-004   0.9921361169E+000  -0.9035600000E-003   0.4404700000E-004
  -0.6216898060E+000  -0.8704484049E-003   0.4477583817E-004   0.9920205196E+000  -0.8774500000E-003   0.4513600000E-004
  -0.6180148751E+000  -0.8438006648E-003   0.4606192064E-004   0.9919014739E+000  -0.8506900000E-003   0.4643800000E-004
  -0.6143399442E+000  -0.8164025738E-003   0.4765497245E-004   0.9917788231E+000  -0.8231700000E-003   0.4805000000E-004
  -0.6106650133E+000  -0.7881157457E-003   0.4972442634E-004   0.9916524010E+000  -0.7947500000E-003   0.5014300000E-004
  -0.6069900824E+000  -0.7588812169E-003   0.5258140482E-004   0.9915220310E+000  -0.7653700000E-003   0.5303100000E-004
  -0.6033151515E+000  -0.7288284530E-003   0.5663995209E-004   0.9913875252E+000  -0.7351600000E-003   0.5713200000E-004
  -0.5996402206E+000  -0.6983743476E-003   0.6211957251E-004   0.9912486837E+000  -0.7045400000E-003   0.6266800000E-004
  -0.5959652897E+000  -0.6678860353E-003   0.6896507075E-004   0.9911052936E+000  -0.6738800000E-003   0.6958400000E-004
  -0.5922903588E+000  -0.6375619968E-003   0.7703700710E-004   0.9909571276E+000  -0.6433800000E-003   0.7774000000E-004
  -0.5886154279E+000  -0.6075213458E-003   0.8620489707E-004   0.9908039431E+000  -0.6131600000E-003   0.8700500000E-004
  -0.5849404970E+000  -0.5778534155E-003   0.9636107658E-004   0.9906454809E+000  -0.5833100000E-003   0.9727100000E-004
  -0.5812655661E+000  -0.5485979682E-003   0.1074177147E-003   0.9904814635E+000  -0.5538700000E-003   0.1084500000E-003
  -0.5775906352E+000  -0.5197848462E-003   0.1193028377E-003   0.9903115937E+000  -0.5248700000E-003   0.1204700000E-003
  -0.5739157043E+000  -0.4914438802E-003   0.1319454637E-003   0.9901355526E+000  -0.4963400000E-003   0.1332600000E-003
  -0.5702407734E+000  -0.4635949889E-003   0.1452954015E-003   0.9899529979E+000  -0.4683000000E-003   0.1467700000E-003
  -0.5665658425E+000  -0.4362580849E-003   0.1593024452E-003   0.9897635613E+000  -0.4407700000E-003   0.1609500000E-003
  -0.5628909116E+000  -0.4094431783E-003   0.1739262689E-003   0.9895668463E+000  -0.4137600000E-003   0.1757600000E-003
  -0.5592159807E+000  -0.3831602801E-003   0.1891067340E-003   0.9893624255E+000  -0.3872800000E-003   0.1911400000E-003
  -0.5555410498E+000  -0.3574292936E-003   0.2048331483E-003   0.9891498371E+000  -0.3613500000E-003   0.2070800000E-003
  -0.5518661189E+000  -0.3322503357E-003   0.2210552059E-003   0.9889285820E+000  -0.3359700000E-003   0.2235300000E-003
  -0.5481911880E+000  -0.3076433068E-003   0.2377324628E-003   0.9886981193E+000  -0.3111600000E-003   0.2404500000E-003
  -0.5445162571E+000  -0.2835885607E-003   0.2548442061E-003   0.9884578623E+000  -0.2869000000E-003   0.2578200000E-003
  -0.5408413262E+000  -0.2601158922E-003   0.2723498970E-003   0.9882071733E+000  -0.2632200000E-003   0.2756000000E-003
  -0.5371663953E+000  -0.2372254394E-003   0.2902385874E-003   0.9879453583E+000  -0.2401200000E-003   0.2937800000E-003
  -0.5334914644E+000  -0.2149074765E-003   0.3084696129E-003   0.9876716600E+000  -0.2175900000E-003   0.3123200000E-003
  -0.5298165335E+000  -0.1931720505E-003   0.3270121213E-003   0.9873852511E+000  -0.1956400000E-003   0.3311900000E-003
  -0.5261416026E+000  -0.1720292131E-003   0.3458351797E-003   0.9870852257E+000  -0.1742800000E-003   0.3503600000E-003
  -0.5224666717E+000  -0.1514692855E-003   0.3649373671E-003   0.9867705895E+000  -0.1535000000E-003   0.3698300000E-003
  -0.5187917408E+000  -0.1314924852E-003   0.3842776635E-003   0.9864402493E+000  -0.1333000000E-003   0.3895600000E-003
  -0.5151168099E+000  -0.1121089132E-003   0.4038248054E-003   0.9860930002E+000  -0.1136900000E-003   0.4095200000E-003
  -0.5114418790E+000  -0.9330206606E-004   0.4235671113E-003   0.9857275105E+000  -0.9465300000E-004   0.4297000000E-003
  -0.5077669481E+000  -0.7508308368E-004   0.4434828649E-003   0.9853423055E+000  -0.7620000000E-004   0.4500800000E-003
  -0.5040920172E+000  -0.5744637743E-004   0.4635403105E-003   0.9849357468E+000  -0.5832500000E-004   0.4706300000E-003
  -0.5004170863E+000  -0.4039034355E-004   0.4837173377E-003   0.9845060097E+000  -0.4102600000E-004   0.4913300000E-003
  -0.4967421554E+000  -0.2391047255E-004   0.5040014291E-003   0.9840510555E+000  -0.2429800000E-004   0.5121700000E-003
  -0.4930672245E+000  -0.8003592767E-005   0.5243699276E-003   0.9835685997E+000  -0.8137300000E-005   0.5331300000E-003
  -0.4893922936E+000   0.7333106778E-005   0.5447900147E-003   0.9830560732E+000   0.7459500000E-005   0.5541800000E-003
  -0.4857173627E+000   0.2210452297E-004   0.5652481602E-003   0.9825105772E+000   0.2249800000E-004   0.5753100000E-003
  -0.4820424318E+000   0.3631467385E-004   0.5857205460E-003   0.9819288282E+000   0.3698300000E-004   0.5965000000E-003
  -0.4783675009E+000   0.4996815714E-004   0.6061926432E-003   0.9813070923E+000   0.5092000000E-004   0.6177400000E-003
  -0.4746925700E+000   0.6307091332E-004   0.6266296662E-003   0.9806411052E+000   0.6431600000E-004   0.6390000000E-003
  -0.4710176391E+000   0.7562774696E-004   0.6470255227E-003   0.9799259748E+000   0.7717700000E-004   0.6602800000E-003
  -0.4673427082E+000   0.8764425907E-004   0.6673536053E-003   0.9791560615E+000   0.8951000000E-004   0.6815600000E-003
  -0.4636677773E+000   0.9912387174E-004   0.6875862568E-003   0.9783248297E+000   0.1013200000E-003   0.7028200000E-003
  -0.4599928464E+000   0.1100775655E-003   0.7077043271E-003   0.9774246628E+000   0.1126200000E-003   0.7240500000E-003
  -0.4563179155E+000   0.1205032787E-003   0.7276773229E-003   0.9764466311E+000   0.1234100000E-003   0.7452300000E-003
  -0.4526429846E+000   0.1304180860E-003   0.7474923670E-003   0.9753801960E+000   0.1337100000E-003   0.7663600000E-003
  -0.4489680537E+000   0.1398092835E-003   0.7671146679E-003   0.9742128316E+000   0.1435100000E-003   0.7874200000E-003
  -0.4452931228E+000   0.1487025500E-003   0.7865162356E-003   0.9729295344E+000   0.1528400000E-003   0.8084000000E-003
  -0.4416181919E+000   0.1570838045E-003   0.8056556210E-003   0.9715121804E+000   0.1616900000E-003   0.8292800000E-003
  -0.4379432610E+000   0.1649671694E-003   0.8245060680E-003   0.9699386725E+000   0.1700800000E-003   0.8500600000E-003
  -0.4342683301E+000   0.1723557226E-003   0.8430249314E-003   0.9681817917E+000   0.1780200000E-003   0.8707300000E-003
  -0.4305933992E+000   0.1792411771E-003   0.8611518728E-003   0.9662076282E+000   0.1855100000E-003   0.8912700000E-003
  -0.4269184683E+000   0.1856227181E-003   0.8788352704E-003   0.9639734012E+000   0.1925600000E-003   0.9116800000E-003
  -0.4232435374E+000   0.1915061202E-003   0.8959994411E-003   0.9614243695E+000   0.1991900000E-003   0.9319500000E-003
  -0.4195686065E+000   0.1968833004E-003   0.9125393847E-003   0.9584893648E+000   0.2054100000E-003   0.9520600000E-003
  -0.4158936756E+000   0.2017307674E-003   0.9283416496E-003   0.9550741758E+000   0.2112200000E-003   0.9720100000E-003
  -0.4122187447E+000   0.2060262829E-003   0.9432528612E-003   0.9510514834E+000   0.2166300000E-003   0.9918000000E-003
  -0.4085438138E+000   0.2097352212E-003   0.9570322703E-003   0.9462450765E+000   0.2216500000E-003   0.1011400000E-002
  -0.4048688829E+000   0.2128134729E-003   0.9693686606E-003   0.9404042109E+000   0.2263000000E-003   0.1030800000E-002
  -0.4011939520E+000   0.2151680871E-003   0.9799115631E-003   0.9331602353E+000   0.2305800000E-003   0.1050100000E-002
  -0.3975190211E+000   0.2166661981E-003   0.9877945945E-003   0.9239496721E+000   0.2345000000E-003   0.1069100000E-002
  -0.3938440902E+000   0.2170980326E-003   0.9921146651E-003   0.9118700966E+000   0.2380800000E-003   0.1088000000E-002
  -0.3901691593E+000   0.2160671290E-003   0.9908411790E-003   0.8953923540E+000   0.2413100000E-003   0.1106600000E-002
  -0.3864942284E+000   0.2128972556E-003   0.9807988790E-003   0.8717437375E+000   0.2442200000E-003   0.1125100000E-002
  -0.3828192975E+000   0.2062083661E-003   0.9552207164E-003   0.8354943728E+000   0.2468100000E-003   0.1143300000E-002
  -0.3791443666E+000   0.1931172740E-003   0.9003456194E-003   0.7752911559E+000   0.2490900000E-003   0.1161300000E-002
  -0.3754694357E+000   0.1679268592E-003   0.7886348812E-003   0.6688447809E+000   0.2510700000E-003   0.1179100000E-002
  -0.3717945048E+000   0.1263850000E-003   0.5983500000E-003   0.5000000000E+000   0.2527700000E-003   0.1196700000E-002
  -0.3681195739E+000   0.8370610472E-004   0.3962934507E-003   0.3311552191E+000   0.2527700000E-003   0.1196700000E-002
  -0.3644446430E+000   0.5679965451E-004   0.2689090737E-003   0.2247088441E+000   0.2527700000E-003   0.1196700000E-002
  -0.3607697121E+000   0.4158208739E-004   0.1968638841E-003   0.1645056272E+000   0.2527700000E-003   0.1196700000E-002
  -0.3570947812E+000   0.3241933548E-004   0.1534842694E-003   0.1282562625E+000   0.2527700000E-003   0.1196700000E-002
  -0.3534198503E+000   0.2644167467E-004   0.1251839699E-003   0.1046076460E+000   0.2527700000E-003   0.1196700000E-002
  -0.3497449194E+000   0.2227659569E-004   0.1054650554E-003   0.8812990344E-001   0.2527700000E-003   0.1196700000E-002
  -0.3460699885E+000   0.1922324138E-004   0.9100942737E-004   0.7605032788E-001   0.2527700000E-003   0.1196700000E-002
  -0.3423950576E+000   0.1689508731E-004   0.7998714636E-004   0.6683976466E-001   0.2527700000E-003   0.1196700000E-002
  -0.3387201267E+000   0.1506402761E-004   0.7131828079E-004   0.5959578908E-001   0.2527700000E-003   0.1196700000E-002
  -0.3350451958E+000   0.1358763202E-004   0.6432851698E-004   0.5375492353E-001   0.2527700000E-003   0.1196700000E-002
  -0.3313702649E+000   0.1237271654E-004   0.5857668980E-004   0.4894851659E-001   0.2527700000E-003   0.1196700000E-002
  -0.3276953340E+000   0.1135590058E-004   0.5376273382E-004   0.4492582420E-001   0.2527700000E-003   0.1196700000E-002
  -0.3240204031E+000   0.1049264325E-004   0.4967577709E-004   0.4151063515E-001   0.2527700000E-003   0.1196700000E-002
  -0.3203454722E+000   0.9750762126E-005   0.4616345704E-004   0.3857563052E-001   0.2527700000E-003   0.1196700000E-002
  -0.3166705413E+000   0.9106443385E-005   0.4311303081E-004   0.3602659882E-001   0.2527700000E-003   0.1196700000E-002
  -0.3129956104E+000   0.8541697816E-005   0.4043933131E-004   0.3379237178E-001   0.2527700000E-003   0.1196700000E-002
  -0.3093206795E+000   0.8042688524E-005   0.3807684993E-004   0.3181820835E-001   0.2527700000E-003   0.1196700000E-002
  -0.3056457486E+000   0.7598601745E-005   0.3597439058E-004   0.3006132747E-001   0.2527700000E-003   0.1196700000E-002
  -0.3019708177E+000   0.7200866148E-005   0.3409137366E-004   0.2848781955E-001   0.2527700000E-003   0.1196700000E-002
  -0.2982958868E+000   0.6842601600E-005   0.3239522623E-004   0.2707046564E-001   0.2527700000E-003   0.1196700000E-002
  -0.2946209559E+000   0.6518222558E-005   0.3085950443E-004   0.2578716841E-001   0.2527700000E-003   0.1196700000E-002
  -0.2909460250E+000   0.6223147852E-005   0.2946251942E-004   0.2461980398E-001   0.2527700000E-003   0.1196700000E-002
  -0.2872710941E+000   0.5953585046E-005   0.2818631651E-004   0.2355336886E-001   0.2527700000E-003   0.1196700000E-002
  -0.2835961632E+000   0.5706367979E-005   0.2701590600E-004   0.2257533718E-001   0.2527700000E-003   0.1196700000E-002
  -0.2799212323E+000   0.5478832808E-005   0.2593867635E-004   0.2167517035E-001   0.2527700000E-003   0.1196700000E-002
  -0.2762463014E+000   0.5268722330E-005   0.2494394118E-004   0.2084393848E-001   0.2527700000E-003   0.1196700000E-002
  -0.2725713705E+000   0.5074111344E-005   0.2402258593E-004   0.2007402518E-001   0.2527700000E-003   0.1196700000E-002
  -0.2688964396E+000   0.4893347847E-005   0.2316678945E-004   0.1935889483E-001   0.2527700000E-003   0.1196700000E-002
  -0.2652215087E+000   0.4725006288E-005   0.2236980269E-004   0.1869290774E-001   0.2527700000E-003   0.1196700000E-002
  -0.2615465778E+000   0.4567850096E-005   0.2162577129E-004   0.1807117180E-001   0.2527700000E-003   0.1196700000E-002
  -0.2578716469E+000   0.4420801395E-005   0.2092959224E-004   0.1748942278E-001   0.2527700000E-003   0.1196700000E-002
  -0.2541967160E+000   0.4282916365E-005   0.2027679715E-004   0.1694392675E-001   0.2527700000E-003   0.1196700000E-002
  -0.2505217851E+000   0.4153365048E-005   0.1966345671E-004   0.1643140028E-001   0.2527700000E-003   0.1196700000E-002
  -0.2468468542E+000   0.4031414690E-005   0.1908610183E-004   0.1594894446E-001   0.2527700000E-003   0.1196700000E-002
  -0.2431719233E+000   0.3916415933E-005   0.1854165822E-004   0.1549399032E-001   0.2527700000E-003   0.1196700000E-002
  -0.2394969924E+000   0.3807791282E-005   0.1802739181E-004   0.1506425320E-001   0.2527700000E-003   0.1196700000E-002
  -0.2358220615E+000   0.3705025440E-005   0.1754086301E-004   0.1465769450E-001   0.2527700000E-003   0.1196700000E-002
  -0.2321471306E+000   0.3607657161E-005   0.1707988814E-004   0.1427248946E-001   0.2527700000E-003   0.1196700000E-002
  -0.2284721997E+000   0.3515272348E-005   0.1664250670E-004   0.1390699983E-001   0.2527700000E-003   0.1196700000E-002
  -0.2247972688E+000   0.3427498179E-005   0.1622695364E-004   0.1355975068E-001   0.2527700000E-003   0.1196700000E-002
  -0.2211223379E+000   0.3343998098E-005   0.1583163557E-004   0.1322941052E-001   0.2527700000E-003   0.1196700000E-002
  -0.2174474070E+000   0.3264467508E-005   0.1545511044E-004   0.1291477433E-001   0.2527700000E-003   0.1196700000E-002
  -0.2137724761E+000   0.3188630068E-005   0.1509606995E-004   0.1261474885E-001   0.2527700000E-003   0.1196700000E-002
  -0.2100975452E+000   0.3116234494E-005   0.1475332444E-004   0.1232833997E-001   0.2527700000E-003   0.1196700000E-002
  -0.2064226143E+000   0.3047051782E-005   0.1442578972E-004   0.1205464170E-001   0.2527700000E-003   0.1196700000E-002
  -0.2027476834E+000   0.2980872794E-005   0.1411247566E-004   0.1179282666E-001   0.2527700000E-003   0.1196700000E-002
  -0.1990727525E+000   0.2917506152E-005   0.1381247621E-004   0.1154213772E-001   0.2527700000E-003   0.1196700000E-002
  -0.1953978216E+000   0.2856776387E-005   0.1352496064E-004   0.1130188071E-001   0.2527700000E-003   0.1196700000E-002
  -0.1917228907E+000   0.2798522327E-005   0.1324916591E-004   0.1107141800E-001   0.2527700000E-003   0.1196700000E-002
  -0.1880479598E+000   0.2742595667E-005   0.1298438990E-004   0.1085016286E-001   0.2527700000E-003   0.1196700000E-002
