nat, nph =   315    6
    1   14   10   18    6    2    4
 iat     x       y        z       iph  
 -----------------------------------------------------------------------
   1      0.00000      0.00000      0.00000   0   1
   2      1.65694     -0.88174     -2.43974   5   1
   3      1.65694     -0.88174      2.43974   5   1
   4     -1.12379     -2.97001     -0.00000   6   1
   5      1.83562      2.59121      0.00000   6   1
   6     -0.48392      2.00752     -2.43974   4   1
   7     -0.48392      2.00752      2.43974   4   1
   8     -1.93541     -0.72007     -2.43974   4   1
   9     -1.93541     -0.72007      2.43974   4   1
  10      1.77983     -2.75801     -0.00000   2   1
  11      3.28180      0.06445      0.00000   2   1
  12     -1.96568      2.80321      0.00000   2   1
  13     -3.42312      0.06445     -0.00000   2   1
  14     -0.30949     -3.40334      2.43974   1   1
  15     -0.30949     -3.40334     -2.43974   1   1
  16      2.64992      2.15788     -2.43974   1   1
  17      2.64992      2.15788      2.43974   1   1
  18      0.00000      0.00000     -4.87948   3   1
  19      0.00000      0.00000      4.87948   3   1
  20     -4.05500      2.15788     -2.43974   1   1
  21     -4.05500      2.15788      2.43974   1   1
  22      3.26159     -3.55370     -2.43974   4   1
  23      3.26159     -3.55370      2.43974   4   1
  24      4.76951     -0.72007     -2.43974   4   1
  25      4.76951     -0.72007      2.43974   4   1
  26      0.32239     -5.49676     -0.00000   2   1
  27      4.73924      2.80321      0.00000   2   1
  28     -4.86931      2.59121      0.00000   6   1
  29      1.02400      4.84115     -2.43974   4   1
  30      1.02400      4.84115      2.43974   4   1
  31     -3.44333     -3.55370      2.43974   4   1
  32     -3.44333     -3.55370     -2.43974   4   1
  33     -0.46371      5.62566      0.00000   2   1
  34     -4.92509     -2.75801     -0.00000   2   1
  35     -2.08857      4.67947     -2.43974   5   1
  36     -2.08857      4.67947      2.43974   5   1
  37     -5.04798     -0.88174      2.43974   5   1
  38     -5.04798     -0.88174     -2.43974   5   1
  39     -1.12379     -2.97001      4.87948   6   1
  40     -1.12379     -2.97001     -4.87948   6   1
  41      1.83562      2.59121     -4.87948   6   1
  42      1.83562      2.59121      4.87948   6   1
  43      1.77983     -2.75801     -4.87948   2   1
  44      1.77983     -2.75801      4.87948   2   1
  45      3.28180      0.06445     -4.87948   2   1
  46      3.28180      0.06445      4.87948   2   1
  47     -1.96568      2.80321     -4.87948   2   1
  48     -1.96568      2.80321      4.87948   2   1
  49     -3.42312      0.06445     -4.87948   2   1
  50     -3.42312      0.06445      4.87948   2   1
  51      2.95941      5.56121      0.00000   3   1
  52     -2.95941     -5.56121     -0.00000   3   1
  53      5.58113     -2.97001      0.00000   6   1
  54     -3.74551      5.56121      0.00000   3   1
  55      3.74551     -5.56121     -0.00000   3   1
  56     -6.70492      0.00000     -0.00000   3   1
  57      6.70492      0.00000      0.00000   3   1
  58      1.81010     -6.28128      2.43974   4   1
  59      1.81010     -6.28128     -2.43974   4   1
  60      6.22100      2.00752     -2.43974   4   1
  61      6.22100      2.00752      2.43974   4   1
  62     -1.30247     -6.44296      2.43974   5   1
  63     -1.30247     -6.44296     -2.43974   5   1
  64      4.61635      4.67947     -2.43974   5   1
  65      4.61635      4.67947      2.43974   5   1
  66      0.32239     -5.49676      4.87948   2   1
  67      0.32239     -5.49676     -4.87948   2   1
  68      4.73924      2.80321     -4.87948   2   1
  69      4.73924      2.80321      4.87948   2   1
  70     -4.86931      2.59121     -4.87948   6   1
  71     -4.86931      2.59121      4.87948   6   1
  72     -0.46371      5.62566     -4.87948   2   1
  73     -0.46371      5.62566      4.87948   2   1
  74     -4.92509     -2.75801      4.87948   2   1
  75     -4.92509     -2.75801     -4.87948   2   1
  76      1.65694     -0.88174     -7.31923   5   1
  77      1.65694     -0.88174      7.31923   5   1
  78     -0.48392      2.00752     -7.31923   4   1
  79     -0.48392      2.00752      7.31923   4   1
  80     -1.93541     -0.72007      7.31923   4   1
  81     -1.93541     -0.72007     -7.31923   4   1
  82      6.39543     -3.40334     -2.43974   1   1
  83      6.39543     -3.40334      2.43974   1   1
  84     -5.68092      4.84115     -2.43974   4   1
  85     -5.68092      4.84115      2.43974   4   1
  86     -7.18884      2.00752     -2.43974   4   1
  87     -7.18884      2.00752      2.43974   4   1
  88      2.95941      5.56121     -4.87948   3   1
  89     -2.95941     -5.56121      4.87948   3   1
  90     -2.95941     -5.56121     -4.87948   3   1
  91      2.95941      5.56121      4.87948   3   1
  92      5.58113     -2.97001     -4.87948   6   1
  93      5.58113     -2.97001      4.87948   6   1
  94     -0.30949     -3.40334      7.31923   1   1
  95     -0.30949     -3.40334     -7.31923   1   1
  96      2.64992      2.15788     -7.31923   1   1
  97      2.64992      2.15788      7.31923   1   1
  98     -1.09559      7.71909     -2.43974   1   1
  99     -1.09559      7.71909      2.43974   1   1
 100     -7.01441     -3.40334      2.43974   1   1
 101     -7.01441     -3.40334     -2.43974   1   1
 102     -3.74551      5.56121     -4.87948   3   1
 103     -3.74551      5.56121      4.87948   3   1
 104      3.74551     -5.56121     -4.87948   3   1
 105      3.74551     -5.56121      4.87948   3   1
 106     -6.70492      0.00000     -4.87948   3   1
 107     -6.70492      0.00000      4.87948   3   1
 108      6.70492      0.00000     -4.87948   3   1
 109      6.70492      0.00000      4.87948   3   1
 110      2.47549      7.56873     -2.43974   4   1
 111      2.47549      7.56873      2.43974   4   1
 112     -4.89482     -6.28128     -2.43974   4   1
 113     -4.89482     -6.28128      2.43974   4   1
 114     -1.90990      8.15242      0.00000   6   1
 115     -7.82872     -2.97001     -0.00000   6   1
 116     -1.17958     -8.31922     -0.00000   2   1
 117      6.24121      5.62566      0.00000   2   1
 118      0.99373      8.36442      0.00000   2   1
 119     -6.38253     -5.49676     -0.00000   2   1
 120     -4.05500      2.15788     -7.31923   1   1
 121     -4.05500      2.15788      7.31923   1   1
 122      5.40245     -6.44296     -2.43974   5   1
 123      5.40245     -6.44296      2.43974   5   1
 124      8.36186     -0.88174     -2.43974   5   1
 125      8.36186     -0.88174      2.43974   5   1
 126      3.26159     -3.55370      7.31923   4   1
 127      3.26159     -3.55370     -7.31923   4   1
 128      4.76951     -0.72007     -7.31923   4   1
 129      4.76951     -0.72007      7.31923   4   1
 130      1.02400      4.84115     -7.31923   4   1
 131      1.02400      4.84115      7.31923   4   1
 132     -3.44333     -3.55370      7.31923   4   1
 133     -3.44333     -3.55370     -7.31923   4   1
 134      7.02732     -5.49676     -0.00000   2   1
 135      8.48475     -2.75801      0.00000   2   1
 136      2.62172     -8.53122     -0.00000   6   1
 137      8.54054      2.59121      0.00000   6   1
 138     -2.08857      4.67947     -7.31923   5   1
 139     -2.08857      4.67947      7.31923   5   1
 140     -5.04798     -0.88174      7.31923   5   1
 141     -5.04798     -0.88174     -7.31923   5   1
 142     -4.22943      7.56873     -2.43974   4   1
 143     -4.22943      7.56873      2.43974   4   1
 144     -8.64033     -0.72007      2.43974   4   1
 145     -8.64033     -0.72007     -2.43974   4   1
 146     -7.16863      5.62566      0.00000   2   1
 147     -8.67060      2.80321     -0.00000   2   1
 148      0.30218     -9.11491     -2.43974   4   1
 149      0.30218     -9.11491      2.43974   4   1
 150      7.72892      4.84115     -2.43974   4   1
 151      7.72892      4.84115      2.43974   4   1
 152     -4.08320     -8.53122     -0.00000   6   1
 153      4.79503      8.15242      0.00000   6   1
 154     -1.90990      8.15242     -4.87948   6   1
 155     -1.90990      8.15242      4.87948   6   1
 156     -7.82872     -2.97001      4.87948   6   1
 157     -7.82872     -2.97001     -4.87948   6   1
 158     -1.17958     -8.31922      4.87948   2   1
 159     -1.17958     -8.31922     -4.87948   2   1
 160      6.24121      5.62566     -4.87948   2   1
 161      6.24121      5.62566      4.87948   2   1
 162      0.99373      8.36442     -4.87948   2   1
 163      0.99373      8.36442      4.87948   2   1
 164     -6.38253     -5.49676      4.87948   2   1
 165     -6.38253     -5.49676     -4.87948   2   1
 166      0.00000      0.00000     -9.75897   3   1
 167      0.00000      0.00000      9.75897   3   1
 168      1.81010     -6.28128     -7.31923   4   1
 169      1.81010     -6.28128      7.31923   4   1
 170      6.22100      2.00752     -7.31923   4   1
 171      6.22100      2.00752      7.31923   4   1
 172     -1.30247     -6.44296      7.31923   5   1
 173     -1.30247     -6.44296     -7.31923   5   1
 174      4.61635      4.67947     -7.31923   5   1
 175      4.61635      4.67947      7.31923   5   1
 176     -3.26890     -8.96455      2.43974   1   1
 177     -3.26890     -8.96455     -2.43974   1   1
 178      5.60933      7.71909     -2.43974   1   1
 179      5.60933      7.71909      2.43974   1   1
 180      3.43602     -8.96455      2.43974   1   1
 181      3.43602     -8.96455     -2.43974   1   1
 182      9.35484      2.15788     -2.43974   1   1
 183      9.35484      2.15788      2.43974   1   1
 184      5.52534     -8.31922     -0.00000   2   1
 185      9.98673      0.06445      0.00000   2   1
 186     -5.71119      8.36442      0.00000   2   1
 187    -10.12804      0.06445     -0.00000   2   1
 188      7.02732     -5.49676     -4.87948   2   1
 189      7.02732     -5.49676      4.87948   2   1
 190      8.48475     -2.75801     -4.87948   2   1
 191      8.48475     -2.75801      4.87948   2   1
 192      2.62172     -8.53122      4.87948   6   1
 193      2.62172     -8.53122     -4.87948   6   1
 194      8.54054      2.59121     -4.87948   6   1
 195      8.54054      2.59121      4.87948   6   1
 196     -8.79349      4.67947     -2.43974   5   1
 197     -8.79349      4.67947      2.43974   5   1
 198     -1.12379     -2.97001     -9.75897   6   1
 199     -1.12379     -2.97001      9.75897   6   1
 200      1.83562      2.59121     -9.75897   6   1
 201      1.83562      2.59121      9.75897   6   1
 202      1.77983     -2.75801     -9.75897   2   1
 203      1.77983     -2.75801      9.75897   2   1
 204      3.28180      0.06445     -9.75897   2   1
 205      3.28180      0.06445      9.75897   2   1
 206      6.39543     -3.40334     -7.31923   1   1
 207      6.39543     -3.40334      7.31923   1   1
 208     -7.16863      5.62566     -4.87948   2   1
 209     -7.16863      5.62566      4.87948   2   1
 210     -8.67060      2.80321     -4.87948   2   1
 211     -8.67060      2.80321      4.87948   2   1
 212     -1.96568      2.80321     -9.75897   2   1
 213     -1.96568      2.80321      9.75897   2   1
 214     -3.42312      0.06445     -9.75897   2   1
 215     -3.42312      0.06445      9.75897   2   1
 216     -5.68092      4.84115     -7.31923   4   1
 217     -5.68092      4.84115      7.31923   4   1
 218     -7.18884      2.00752      7.31923   4   1
 219     -7.18884      2.00752     -7.31923   4   1
 220      0.87084     10.24069     -2.43974   5   1
 221      0.87084     10.24069      2.43974   5   1
 222     -8.00739     -6.44296      2.43974   5   1
 223     -8.00739     -6.44296     -2.43974   5   1
 224     -4.08320     -8.53122      4.87948   6   1
 225     -4.08320     -8.53122     -4.87948   6   1
 226      4.79503      8.15242     -4.87948   6   1
 227      4.79503      8.15242      4.87948   6   1
 228     -1.09559      7.71909     -7.31923   1   1
 229     -1.09559      7.71909      7.31923   1   1
 230     -7.01441     -3.40334      7.31923   1   1
 231     -7.01441     -3.40334     -7.31923   1   1
 232      2.47549      7.56873     -7.31923   4   1
 233      2.47549      7.56873      7.31923   4   1
 234     -4.89482     -6.28128      7.31923   4   1
 235     -4.89482     -6.28128     -7.31923   4   1
 236      8.51502     -6.28128     -2.43974   4   1
 237      8.51502     -6.28128      2.43974   4   1
 238      9.96651     -3.55370     -2.43974   4   1
 239      9.96651     -3.55370      2.43974   4   1
 240     -2.72151     10.40236     -2.43974   4   1
 241     -2.72151     10.40236      2.43974   4   1
 242    -10.14825     -3.55370      2.43974   4   1
 243    -10.14825     -3.55370     -2.43974   4   1
 244      5.52534     -8.31922      4.87948   2   1
 245      5.52534     -8.31922     -4.87948   2   1
 246      9.98673      0.06445     -4.87948   2   1
 247      9.98673      0.06445      4.87948   2   1
 248      5.40245     -6.44296     -7.31923   5   1
 249      5.40245     -6.44296      7.31923   5   1
 250      8.36186     -0.88174     -7.31923   5   1
 251      8.36186     -0.88174      7.31923   5   1
 252     -0.78610     11.12243      0.00000   3   1
 253      0.78610    -11.12243     -0.00000   3   1
 254     -9.66433     -5.56121     -0.00000   3   1
 255      9.66433      5.56121      0.00000   3   1
 256      0.32239     -5.49676     -9.75897   2   1
 257      0.32239     -5.49676      9.75897   2   1
 258      4.73924      2.80321     -9.75897   2   1
 259      4.73924      2.80321      9.75897   2   1
 260     -4.86931      2.59121     -9.75897   6   1
 261     -4.86931      2.59121      9.75897   6   1
 262     -7.80051      7.71909     -2.43974   1   1
 263     -7.80051      7.71909      2.43974   1   1
 264    -10.75992      2.15788     -2.43974   1   1
 265    -10.75992      2.15788      2.43974   1   1
 266     -5.71119      8.36442     -4.87948   2   1
 267     -5.71119      8.36442      4.87948   2   1
 268    -10.12804      0.06445     -4.87948   2   1
 269    -10.12804      0.06445      4.87948   2   1
 270     -0.46371      5.62566     -9.75897   2   1
 271     -0.46371      5.62566      9.75897   2   1
 272     -4.92509     -2.75801     -9.75897   2   1
 273     -4.92509     -2.75801      9.75897   2   1
 274     -4.22943      7.56873     -7.31923   4   1
 275     -4.22943      7.56873      7.31923   4   1
 276     -8.64033     -0.72007     -7.31923   4   1
 277     -8.64033     -0.72007      7.31923   4   1
 278     -2.63702    -11.05798     -0.00000   2   1
 279      7.69865      8.36442      0.00000   2   1
 280      3.98341     10.40236     -2.43974   4   1
 281      3.98341     10.40236      2.43974   4   1
 282     -6.40274     -9.11491     -2.43974   4   1
 283     -6.40274     -9.11491      2.43974   4   1
 284      2.49570     11.18688      0.00000   2   1
 285     -7.88450     -8.31922     -0.00000   2   1
 286      2.95941      5.56121     -9.75897   3   1
 287     -2.95941     -5.56121     -9.75897   3   1
 288     -2.95941     -5.56121      9.75897   3   1
 289      2.95941      5.56121      9.75897   3   1
 290      5.58113     -2.97001     -9.75897   6   1
 291      5.58113     -2.97001      9.75897   6   1
 292      0.30218     -9.11491      7.31923   4   1
 293      0.30218     -9.11491     -7.31923   4   1
 294      7.72892      4.84115     -7.31923   4   1
 295      7.72892      4.84115      7.31923   4   1
 296      7.00710     -9.11491      2.43974   4   1
 297      7.00710     -9.11491     -2.43974   4   1
 298     11.47443     -0.72007     -2.43974   4   1
 299     11.47443     -0.72007      2.43974   4   1
 300      4.06791    -11.05798     -0.00000   2   1
 301     11.44416      2.80321      0.00000   2   1
 302    -10.45043      5.56121      0.00000   3   1
 303     10.45043     -5.56121      0.00000   3   1
 304     -3.74551      5.56121     -9.75897   3   1
 305     -3.74551      5.56121      9.75897   3   1
 306      3.74551     -5.56121     -9.75897   3   1
 307      3.74551     -5.56121      9.75897   3   1
 308     -6.70492      0.00000     -9.75897   3   1
 309     -6.70492      0.00000      9.75897   3   1
 310      6.70492      0.00000     -9.75897   3   1
 311      6.70492      0.00000      9.75897   3   1
 312     -8.61482      8.15242      0.00000   6   1
 313    -11.57423      2.59121     -0.00000   6   1
 314     -4.20922     11.18688      0.00000   2   1
 315    -11.63001     -2.75801     -0.00000   2   1
