natx =      499
    x       y        z       iph  
      0.00000      0.00000      0.00000   0      0.00000
     -1.94382      0.00000     -0.66777   2      2.05532
      0.00000     -1.94382      0.66777   2      2.05532
      1.94382      0.00000     -0.66777   2      2.05532
     -0.00000      1.94382      0.66777   2      2.05532
     -1.94382     -1.94382     -0.00000   3      2.74897
      1.94382      1.94382      0.00000   3      2.74897
     -1.94382      1.94382      0.00000   3      2.74897
      1.94382     -1.94382      0.00000   3      2.74897
     -1.94382      0.00000     -2.49969   4      3.16653
      0.00000     -1.94382      2.49969   4      3.16653
      1.94382      0.00000     -2.49969   4      3.16653
     -0.00000      1.94382      2.49969   4      3.16653
     -1.94382      0.00000      2.60808   1      3.25277
      0.00000     -1.94382     -2.60808   1      3.25277
     -0.00000      1.94382     -2.60808   1      3.25277
      1.94382      0.00000      2.60808   1      3.25277
     -3.88763      0.00000     -0.00000   3      3.88763
      0.00000     -3.88763     -0.00000   3      3.88763
      3.88763      0.00000      0.00000   3      3.88763
     -0.00000      3.88763      0.00000   3      3.88763
     -1.94382     -3.88763     -0.66777   2      4.39750
     -3.88763     -1.94382      0.66777   2      4.39750
     -1.94382      3.88763     -0.66777   2      4.39750
     -3.88763      1.94382      0.66777   2      4.39750
      1.94382     -3.88763     -0.66777   2      4.39750
      3.88763     -1.94382      0.66777   2      4.39750
      1.94382      3.88763     -0.66777   2      4.39750
      3.88763      1.94382      0.66777   2      4.39750
     -3.88763     -1.94382      2.49969   4      5.01404
     -1.94382      3.88763     -2.49969   4      5.01404
     -3.88763      1.94382      2.49969   4      5.01404
      1.94382     -3.88763     -2.49969   4      5.01404
      3.88763     -1.94382      2.49969   4      5.01404
      1.94382      3.88763     -2.49969   4      5.01404
      3.88763      1.94382      2.49969   4      5.01404
     -1.94382     -3.88763     -2.49969   4      5.01404
     -1.94382     -3.88763      2.60808   1      5.06894
     -1.94382      3.88763      2.60808   1      5.06894
      3.88763     -1.94382     -2.60808   1      5.06894
      1.94382     -3.88763      2.60808   1      5.06894
      3.88763      1.94382     -2.60808   1      5.06894
      1.94382      3.88763      2.60808   1      5.06894
     -3.88763     -1.94382     -2.60808   1      5.06894
     -3.88763      1.94382     -2.60808   1      5.06894
      0.00000     -1.94382      5.10235   1      5.46007
     -1.94382      0.00000     -5.10235   1      5.46007
      1.94382      0.00000     -5.10235   1      5.46007
     -0.00000      1.94382      5.10235   1      5.46007
     -3.88763     -3.88763     -0.00000   3      5.49794
      3.88763      3.88763      0.00000   3      5.49794
     -3.88763      3.88763      0.00000   3      5.49794
      3.88763     -3.88763      0.00000   3      5.49794
     -1.94382      0.00000      5.21074   4      5.56149
      0.00000     -1.94382     -5.21074   4      5.56149
     -0.00000      1.94382     -5.21074   4      5.56149
      1.94382      0.00000      5.21074   4      5.56149
     -5.83145      0.00000     -0.66777   2      5.86956
      0.00000     -5.83145      0.66777   2      5.86956
      5.83145      0.00000     -0.66777   2      5.86956
     -0.00000      5.83145      0.66777   2      5.86956
     -1.94382     -5.83145     -0.00000   3      6.14688
     -5.83145     -1.94382     -0.00000   3      6.14688
     -1.94382      5.83145      0.00000   3      6.14688
     -5.83145      1.94382     -0.00000   3      6.14688
      5.83145     -1.94382      0.00000   3      6.14688
      1.94382     -5.83145     -0.00000   3      6.14688
      5.83145      1.94382      0.00000   3      6.14688
      1.94382      5.83145      0.00000   3      6.14688
     -5.83145      0.00000     -2.49969   4      6.34462
      0.00000     -5.83145      2.49969   4      6.34462
      5.83145      0.00000     -2.49969   4      6.34462
     -0.00000      5.83145      2.49969   4      6.34462
     -5.83145      0.00000      2.60808   1      6.38810
      0.00000     -5.83145     -2.60808   1      6.38810
     -0.00000      5.83145     -2.60808   1      6.38810
      5.83145      0.00000      2.60808   1      6.38810
     -3.88763     -1.94382      5.10235   1      6.70269
     -3.88763      1.94382      5.10235   1      6.70269
     -1.94382     -3.88763     -5.10235   1      6.70269
     -1.94382      3.88763     -5.10235   1      6.70269
      1.94382     -3.88763     -5.10235   1      6.70269
      1.94382      3.88763     -5.10235   1      6.70269
      3.88763     -1.94382      5.10235   1      6.70269
      3.88763      1.94382      5.10235   1      6.70269
      3.88763      1.94382     -5.21074   4      6.78556
     -3.88763     -1.94382     -5.21074   4      6.78556
     -1.94382     -3.88763      5.21074   4      6.78556
     -3.88763      1.94382     -5.21074   4      6.78556
     -1.94382      3.88763      5.21074   4      6.78556
      3.88763     -1.94382     -5.21074   4      6.78556
      1.94382     -3.88763      5.21074   4      6.78556
      1.94382      3.88763      5.21074   4      6.78556
     -5.83145     -3.88763     -0.66777   2      7.04027
     -3.88763     -5.83145      0.66777   2      7.04027
     -5.83145      3.88763     -0.66777   2      7.04027
      5.83145     -3.88763     -0.66777   2      7.04027
      5.83145      3.88763     -0.66777   2      7.04027
      3.88763      5.83145      0.66777   2      7.04027
     -3.88763      5.83145      0.66777   2      7.04027
      3.88763     -5.83145      0.66777   2      7.04027
     -1.94382      0.00000      7.04266   2      7.30599
      0.00000     -1.94382     -7.04266   2      7.30599
     -0.00000      1.94382     -7.04266   2      7.30599
      1.94382      0.00000      7.04266   2      7.30599
     -3.88763     -5.83145      2.49969   4      7.44096
     -5.83145      3.88763     -2.49969   4      7.44096
      5.83145     -3.88763     -2.49969   4      7.44096
      5.83145      3.88763     -2.49969   4      7.44096
     -5.83145     -3.88763     -2.49969   4      7.44096
     -3.88763      5.83145      2.49969   4      7.44096
      3.88763     -5.83145      2.49969   4      7.44096
      3.88763      5.83145      2.49969   4      7.44096
     -5.83145     -3.88763      2.60808   1      7.47807
     -5.83145      3.88763      2.60808   1      7.47807
      5.83145     -3.88763      2.60808   1      7.47807
      3.88763      5.83145     -2.60808   1      7.47807
     -3.88763     -5.83145     -2.60808   1      7.47807
     -3.88763      5.83145     -2.60808   1      7.47807
      3.88763     -5.83145     -2.60808   1      7.47807
      5.83145      3.88763      2.60808   1      7.47807
      0.00000      0.00000     -7.71043   3      7.71043
      0.00000      0.00000      7.71043   3      7.71043
      0.00000     -5.83145      5.10235   1      7.74853
     -5.83145      0.00000     -5.10235   1      7.74853
      5.83145      0.00000     -5.10235   1      7.74853
     -0.00000      5.83145      5.10235   1      7.74853
     -7.77526      0.00000     -0.00000   3      7.77526
      0.00000     -7.77526     -0.00000   3      7.77526
      7.77526      0.00000      0.00000   3      7.77526
     -0.00000      7.77526      0.00000   3      7.77526
     -5.83145      0.00000      5.21074   4      7.82033
      0.00000     -5.83145     -5.21074   4      7.82033
     -0.00000      5.83145     -5.21074   4      7.82033
      5.83145      0.00000      5.21074   4      7.82033
     -1.94382     -7.77526     -0.66777   2      8.04233
     -7.77526     -1.94382      0.66777   2      8.04233
     -1.94382      7.77526     -0.66777   2      8.04233
     -7.77526      1.94382      0.66777   2      8.04233
      1.94382     -7.77526     -0.66777   2      8.04233
      7.77526     -1.94382      0.66777   2      8.04233
      1.94382      7.77526     -0.66777   2      8.04233
      7.77526      1.94382      0.66777   2      8.04233
     -1.94382     -1.94382      7.71043   3      8.18582
     -1.94382     -1.94382     -7.71043   3      8.18582
     -1.94382      1.94382     -7.71043   3      8.18582
     -1.94382      1.94382      7.71043   3      8.18582
      1.94382     -1.94382     -7.71043   3      8.18582
      1.94382     -1.94382      7.71043   3      8.18582
      1.94382      1.94382     -7.71043   3      8.18582
      1.94382      1.94382      7.71043   3      8.18582
     -5.83145     -5.83145     -0.00000   3      8.24691
     -5.83145      5.83145      0.00000   3      8.24691
      5.83145     -5.83145      0.00000   3      8.24691
      5.83145      5.83145      0.00000   3      8.24691
     -1.94382     -3.88763      7.04266   2      8.27594
     -3.88763      1.94382     -7.04266   2      8.27594
      3.88763     -1.94382     -7.04266   2      8.27594
      1.94382     -3.88763      7.04266   2      8.27594
      3.88763      1.94382     -7.04266   2      8.27594
     -3.88763     -1.94382     -7.04266   2      8.27594
     -1.94382      3.88763      7.04266   2      8.27594
      1.94382      3.88763      7.04266   2      8.27594
     -7.77526     -1.94382      2.49969   4      8.39533
     -1.94382     -7.77526     -2.49969   4      8.39533
     -1.94382      7.77526     -2.49969   4      8.39533
     -7.77526      1.94382      2.49969   4      8.39533
      1.94382     -7.77526     -2.49969   4      8.39533
      7.77526     -1.94382      2.49969   4      8.39533
      1.94382      7.77526     -2.49969   4      8.39533
      7.77526      1.94382      2.49969   4      8.39533
     -7.77526     -1.94382     -2.60808   1      8.42824
     -7.77526      1.94382     -2.60808   1      8.42824
      7.77526     -1.94382     -2.60808   1      8.42824
      7.77526      1.94382     -2.60808   1      8.42824
     -1.94382     -7.77526      2.60808   1      8.42824
     -1.94382      7.77526      2.60808   1      8.42824
      1.94382     -7.77526      2.60808   1      8.42824
      1.94382      7.77526      2.60808   1      8.42824
      0.00000     -1.94382      8.37820   2      8.60073
     -1.94382      0.00000     -8.37820   2      8.60073
      1.94382      0.00000     -8.37820   2      8.60073
     -0.00000      1.94382      8.37820   2      8.60073
     -3.88763      0.00000     -7.71043   3      8.63507
     -3.88763      0.00000      7.71043   3      8.63507
      0.00000     -3.88763     -7.71043   3      8.63507
      0.00000     -3.88763      7.71043   3      8.63507
      3.88763      0.00000     -7.71043   3      8.63507
     -0.00000      3.88763     -7.71043   3      8.63507
      3.88763      0.00000      7.71043   3      8.63507
     -0.00000      3.88763      7.71043   3      8.63507
     -5.83145     -3.88763     -5.10235   1      8.66911
     -3.88763     -5.83145      5.10235   1      8.66911
     -5.83145      3.88763     -5.10235   1      8.66911
      5.83145     -3.88763     -5.10235   1      8.66911
      3.88763     -5.83145      5.10235   1      8.66911
      5.83145      3.88763     -5.10235   1      8.66911
      3.88763      5.83145      5.10235   1      8.66911
     -3.88763      5.83145      5.10235   1      8.66911
     -3.88763     -7.77526     -0.00000   3      8.69301
     -7.77526     -3.88763     -0.00000   3      8.69301
     -3.88763      7.77526      0.00000   3      8.69301
     -7.77526      3.88763     -0.00000   3      8.69301
      7.77526     -3.88763      0.00000   3      8.69301
      3.88763     -7.77526     -0.00000   3      8.69301
      7.77526      3.88763      0.00000   3      8.69301
      3.88763      7.77526      0.00000   3      8.69301
     -3.88763     -5.83145     -5.21074   4      8.73334
     -5.83145     -3.88763      5.21074   4      8.73334
     -3.88763      5.83145     -5.21074   4      8.73334
     -5.83145      3.88763      5.21074   4      8.73334
      3.88763     -5.83145     -5.21074   4      8.73334
      5.83145     -3.88763      5.21074   4      8.73334
      3.88763      5.83145     -5.21074   4      8.73334
      5.83145      3.88763      5.21074   4      8.73334
     -0.00000      5.83145     -7.04266   2      9.14357
     -5.83145      0.00000      7.04266   2      9.14357
      0.00000     -5.83145     -7.04266   2      9.14357
      5.83145      0.00000      7.04266   2      9.14357
     -3.88763     -1.94382      8.37820   2      9.43855
     -3.88763      1.94382      8.37820   2      9.43855
     -1.94382     -3.88763     -8.37820   2      9.43855
     -1.94382      3.88763     -8.37820   2      9.43855
      1.94382     -3.88763     -8.37820   2      9.43855
      3.88763     -1.94382      8.37820   2      9.43855
      1.94382      3.88763     -8.37820   2      9.43855
      3.88763      1.94382      8.37820   2      9.43855
     -3.88763     -3.88763     -7.71043   3      9.46985
     -3.88763     -3.88763      7.71043   3      9.46985
     -3.88763      3.88763     -7.71043   3      9.46985
      3.88763     -3.88763     -7.71043   3      9.46985
      3.88763      3.88763     -7.71043   3      9.46985
     -3.88763      3.88763      7.71043   3      9.46985
      3.88763     -3.88763      7.71043   3      9.46985
      3.88763      3.88763      7.71043   3      9.46985
     -7.77526     -1.94382      5.10235   1      9.50090
     -7.77526      1.94382      5.10235   1      9.50090
      7.77526     -1.94382      5.10235   1      9.50090
      1.94382      7.77526     -5.10235   1      9.50090
      7.77526      1.94382      5.10235   1      9.50090
     -1.94382     -7.77526     -5.10235   1      9.50090
     -1.94382      7.77526     -5.10235   1      9.50090
      1.94382     -7.77526     -5.10235   1      9.50090
     -7.77526     -1.94382     -5.21074   4      9.55954
     -7.77526      1.94382     -5.21074   4      9.55954
      7.77526     -1.94382     -5.21074   4      9.55954
      7.77526      1.94382     -5.21074   4      9.55954
     -1.94382     -7.77526      5.21074   4      9.55954
     -1.94382      7.77526      5.21074   4      9.55954
      1.94382     -7.77526      5.21074   4      9.55954
      1.94382      7.77526      5.21074   4      9.55954
     -5.83145     -7.77526     -0.66777   2      9.74199
      5.83145      7.77526     -0.66777   2      9.74199
     -7.77526     -5.83145      0.66777   2      9.74199
     -5.83145      7.77526     -0.66777   2      9.74199
     -9.71908      0.00000     -0.66777   2      9.74199
     -7.77526      5.83145      0.66777   2      9.74199
      5.83145     -7.77526     -0.66777   2      9.74199
      7.77526     -5.83145      0.66777   2      9.74199
      0.00000     -9.71908      0.66777   2      9.74199
      9.71908      0.00000     -0.66777   2      9.74199
      7.77526      5.83145      0.66777   2      9.74199
     -0.00000      9.71908      0.66777   2      9.74199
     -1.94382     -5.83145      7.71043   3      9.86078
     -5.83145     -1.94382      7.71043   3      9.86078
     -5.83145      1.94382      7.71043   3      9.86078
      1.94382     -5.83145      7.71043   3      9.86078
     -1.94382     -5.83145     -7.71043   3      9.86078
     -5.83145     -1.94382     -7.71043   3      9.86078
     -1.94382      5.83145     -7.71043   3      9.86078
     -5.83145      1.94382     -7.71043   3      9.86078
     -1.94382      5.83145      7.71043   3      9.86078
      5.83145     -1.94382     -7.71043   3      9.86078
      1.94382     -5.83145     -7.71043   3      9.86078
      5.83145     -1.94382      7.71043   3      9.86078
      5.83145      1.94382     -7.71043   3      9.86078
      1.94382      5.83145     -7.71043   3      9.86078
      5.83145      1.94382      7.71043   3      9.86078
      1.94382      5.83145      7.71043   3      9.86078
     -1.94382     -9.71908     -0.00000   3      9.91155
     -9.71908     -1.94382     -0.00000   3      9.91155
     -1.94382      9.71908      0.00000   3      9.91155
     -9.71908      1.94382     -0.00000   3      9.91155
      9.71908     -1.94382      0.00000   3      9.91155
      1.94382     -9.71908     -0.00000   3      9.91155
      9.71908      1.94382      0.00000   3      9.91155
      1.94382      9.71908      0.00000   3      9.91155
      3.88763      5.83145     -7.04266   2      9.93572
     -3.88763     -5.83145     -7.04266   2      9.93572
     -5.83145     -3.88763      7.04266   2      9.93572
     -3.88763      5.83145     -7.04266   2      9.93572
     -5.83145      3.88763      7.04266   2      9.93572
      3.88763     -5.83145     -7.04266   2      9.93572
      5.83145     -3.88763      7.04266   2      9.93572
      5.83145      3.88763      7.04266   2      9.93572
      5.83145      7.77526     -2.49969   4     10.03538
     -5.83145     -7.77526     -2.49969   4     10.03538
     -7.77526     -5.83145      2.49969   4     10.03538
     -5.83145      7.77526     -2.49969   4     10.03538
     -9.71908      0.00000     -2.49969   4     10.03538
     -7.77526      5.83145      2.49969   4     10.03538
      5.83145     -7.77526     -2.49969   4     10.03538
      7.77526     -5.83145      2.49969   4     10.03538
      0.00000     -9.71908      2.49969   4     10.03538
      9.71908      0.00000     -2.49969   4     10.03538
      7.77526      5.83145      2.49969   4     10.03538
     -0.00000      9.71908      2.49969   4     10.03538
     -5.83145     -7.77526      2.60808   1     10.06293
      5.83145      7.77526      2.60808   1     10.06293
     -7.77526     -5.83145     -2.60808   1     10.06293
     -7.77526      5.83145     -2.60808   1     10.06293
     -5.83145      7.77526      2.60808   1     10.06293
     -9.71908      0.00000      2.60808   1     10.06293
      7.77526     -5.83145     -2.60808   1     10.06293
      0.00000     -9.71908     -2.60808   1     10.06293
      5.83145     -7.77526      2.60808   1     10.06293
      7.77526      5.83145     -2.60808   1     10.06293
     -0.00000      9.71908     -2.60808   1     10.06293
      9.71908      0.00000      2.60808   1     10.06293
      0.00000     -5.83145      8.37820   2     10.20784
     -5.83145      0.00000     -8.37820   2     10.20784
      5.83145      0.00000     -8.37820   2     10.20784
     -0.00000      5.83145      8.37820   2     10.20784
     -1.94382      0.00000    -10.21013   4     10.39351
      0.00000     -1.94382     10.21013   4     10.39351
      1.94382      0.00000    -10.21013   4     10.39351
     -0.00000      1.94382     10.21013   4     10.39351
     -9.71908     -3.88763     -0.66777   2     10.48904
     -3.88763     -9.71908      0.66777   2     10.48904
     -9.71908      3.88763     -0.66777   2     10.48904
     -3.88763      9.71908      0.66777   2     10.48904
      9.71908     -3.88763     -0.66777   2     10.48904
      3.88763     -9.71908      0.66777   2     10.48904
      9.71908      3.88763     -0.66777   2     10.48904
      3.88763      9.71908      0.66777   2     10.48904
     -1.94382      0.00000     10.31851   1     10.50001
      0.00000     -1.94382    -10.31851   1     10.50001
     -0.00000      1.94382    -10.31851   1     10.50001
      1.94382      0.00000     10.31851   1     10.50001
      7.77526     -1.94382     -7.04266   2     10.66922
      7.77526      1.94382     -7.04266   2     10.66922
     -7.77526     -1.94382     -7.04266   2     10.66922
     -1.94382     -7.77526      7.04266   2     10.66922
     -7.77526      1.94382     -7.04266   2     10.66922
     -1.94382      7.77526      7.04266   2     10.66922
      1.94382     -7.77526      7.04266   2     10.66922
      1.94382      7.77526      7.04266   2     10.66922
     -3.88763     -9.71908      2.49969   4     10.76209
      9.71908      3.88763     -2.49969   4     10.76209
      3.88763      9.71908      2.49969   4     10.76209
     -9.71908     -3.88763     -2.49969   4     10.76209
     -9.71908      3.88763     -2.49969   4     10.76209
     -3.88763      9.71908      2.49969   4     10.76209
      9.71908     -3.88763     -2.49969   4     10.76209
      3.88763     -9.71908      2.49969   4     10.76209
     -3.88763     -9.71908     -2.60808   1     10.78778
      3.88763      9.71908     -2.60808   1     10.78778
     -9.71908     -3.88763      2.60808   1     10.78778
     -3.88763      9.71908     -2.60808   1     10.78778
     -9.71908      3.88763      2.60808   1     10.78778
      3.88763     -9.71908     -2.60808   1     10.78778
      9.71908     -3.88763      2.60808   1     10.78778
      9.71908      3.88763      2.60808   1     10.78778
     -3.88763     -5.83145      8.37820   2     10.92308
      3.88763     -5.83145      8.37820   2     10.92308
      5.83145      3.88763     -8.37820   2     10.92308
     -5.83145     -3.88763     -8.37820   2     10.92308
     -5.83145      3.88763     -8.37820   2     10.92308
     -3.88763      5.83145      8.37820   2     10.92308
      5.83145     -3.88763     -8.37820   2     10.92308
      3.88763      5.83145      8.37820   2     10.92308
     -7.77526      0.00000     -7.71043   3     10.95013
     -7.77526      0.00000      7.71043   3     10.95013
      0.00000     -7.77526     -7.71043   3     10.95013
      0.00000     -7.77526      7.71043   3     10.95013
      7.77526      0.00000     -7.71043   3     10.95013
     -0.00000      7.77526     -7.71043   3     10.95013
      7.77526      0.00000      7.71043   3     10.95013
     -0.00000      7.77526      7.71043   3     10.95013
     -5.83145     -7.77526     -5.10235   1     10.97700
     -7.77526     -5.83145      5.10235   1     10.97700
     -5.83145      7.77526     -5.10235   1     10.97700
     -9.71908      0.00000     -5.10235   1     10.97700
     -7.77526      5.83145      5.10235   1     10.97700
      5.83145     -7.77526     -5.10235   1     10.97700
      7.77526     -5.83145      5.10235   1     10.97700
      0.00000     -9.71908      5.10235   1     10.97700
      9.71908      0.00000     -5.10235   1     10.97700
      5.83145      7.77526     -5.10235   1     10.97700
      7.77526      5.83145      5.10235   1     10.97700
     -0.00000      9.71908      5.10235   1     10.97700
     -7.77526     -7.77526     -0.00000   3     10.99588
      7.77526      7.77526      0.00000   3     10.99588
     -7.77526      7.77526      0.00000   3     10.99588
      7.77526     -7.77526      0.00000   3     10.99588
     -5.83145     -7.77526      5.21074   4     11.02779
     -7.77526     -5.83145     -5.21074   4     11.02779
     -7.77526      5.83145     -5.21074   4     11.02779
     -5.83145      7.77526      5.21074   4     11.02779
     -9.71908      0.00000      5.21074   4     11.02779
      7.77526     -5.83145     -5.21074   4     11.02779
      0.00000     -9.71908     -5.21074   4     11.02779
      5.83145     -7.77526      5.21074   4     11.02779
      7.77526      5.83145     -5.21074   4     11.02779
     -0.00000      9.71908     -5.21074   4     11.02779
      9.71908      0.00000      5.21074   4     11.02779
      5.83145      7.77526      5.21074   4     11.02779
     -1.94382     -3.88763    -10.21013   4     11.09679
     -3.88763     -1.94382     10.21013   4     11.09679
     -1.94382      3.88763    -10.21013   4     11.09679
     -3.88763      1.94382     10.21013   4     11.09679
      1.94382     -3.88763    -10.21013   4     11.09679
      3.88763     -1.94382     10.21013   4     11.09679
      1.94382      3.88763    -10.21013   4     11.09679
      3.88763      1.94382     10.21013   4     11.09679
     -1.94382     -3.88763     10.31851   1     11.19660
      1.94382     -3.88763     10.31851   1     11.19660
     -3.88763     -1.94382    -10.31851   1     11.19660
     -3.88763      1.94382    -10.31851   1     11.19660
     -1.94382      3.88763     10.31851   1     11.19660
      3.88763     -1.94382    -10.31851   1     11.19660
      3.88763      1.94382    -10.31851   1     11.19660
      1.94382      3.88763     10.31851   1     11.19660
     -5.83145     -5.83145     -7.71043   3     11.28992
     -5.83145     -5.83145      7.71043   3     11.28992
     -5.83145      5.83145     -7.71043   3     11.28992
     -5.83145      5.83145      7.71043   3     11.28992
      5.83145     -5.83145     -7.71043   3     11.28992
      5.83145     -5.83145      7.71043   3     11.28992
      5.83145      5.83145     -7.71043   3     11.28992
      5.83145      5.83145      7.71043   3     11.28992
     -5.83145     -9.71908     -0.00000   3     11.33429
      5.83145      9.71908      0.00000   3     11.33429
     -9.71908     -5.83145     -0.00000   3     11.33429
     -5.83145      9.71908      0.00000   3     11.33429
     -9.71908      5.83145     -0.00000   3     11.33429
      9.71908     -5.83145      0.00000   3     11.33429
      5.83145     -9.71908     -0.00000   3     11.33429
      9.71908      5.83145      0.00000   3     11.33429
     -7.77526     -1.94382      8.37820   2     11.59428
     -7.77526      1.94382      8.37820   2     11.59428
      7.77526     -1.94382      8.37820   2     11.59428
      1.94382      7.77526     -8.37820   2     11.59428
      7.77526      1.94382      8.37820   2     11.59428
     -1.94382     -7.77526     -8.37820   2     11.59428
     -1.94382      7.77526     -8.37820   2     11.59428
      1.94382     -7.77526     -8.37820   2     11.59428
     -3.88763     -7.77526      7.71043   3     11.61977
     -7.77526     -3.88763      7.71043   3     11.61977
     -7.77526      3.88763      7.71043   3     11.61977
      3.88763     -7.77526      7.71043   3     11.61977
      7.77526      3.88763     -7.71043   3     11.61977
      3.88763      7.77526     -7.71043   3     11.61977
     -3.88763     -7.77526     -7.71043   3     11.61977
     -7.77526     -3.88763     -7.71043   3     11.61977
     -3.88763      7.77526     -7.71043   3     11.61977
     -7.77526      3.88763     -7.71043   3     11.61977
     -3.88763      7.77526      7.71043   3     11.61977
      7.77526     -3.88763     -7.71043   3     11.61977
      3.88763     -7.77526     -7.71043   3     11.61977
      7.77526     -3.88763      7.71043   3     11.61977
      7.77526      3.88763      7.71043   3     11.61977
      3.88763      7.77526      7.71043   3     11.61977
     -3.88763     -9.71908      5.10235   1     11.64509
     -9.71908      3.88763     -5.10235   1     11.64509
      9.71908     -3.88763     -5.10235   1     11.64509
      3.88763     -9.71908      5.10235   1     11.64509
      9.71908      3.88763     -5.10235   1     11.64509
      3.88763      9.71908      5.10235   1     11.64509
     -9.71908     -3.88763     -5.10235   1     11.64509
     -3.88763      9.71908      5.10235   1     11.64509
    -11.66289      0.00000     -0.00000   3     11.66289
      0.00000    -11.66289     -0.00000   3     11.66289
     11.66289      0.00000      0.00000   3     11.66289
     -0.00000     11.66289      0.00000   3     11.66289
     -9.71908     -3.88763      5.21074   4     11.69299
      3.88763      9.71908     -5.21074   4     11.69299
     -3.88763     -9.71908     -5.21074   4     11.69299
     -3.88763      9.71908     -5.21074   4     11.69299
     -9.71908      3.88763      5.21074   4     11.69299
      3.88763     -9.71908     -5.21074   4     11.69299
      9.71908     -3.88763      5.21074   4     11.69299
      9.71908      3.88763      5.21074   4     11.69299
     -5.83145      0.00000    -10.21013   4     11.75808
      0.00000     -5.83145     10.21013   4     11.75808
      5.83145      0.00000    -10.21013   4     11.75808
     -0.00000      5.83145     10.21013   4     11.75808
     -1.94382    -11.66289     -0.66777   2     11.84261
    -11.66289     -1.94382      0.66777   2     11.84261
     -1.94382     11.66289     -0.66777   2     11.84261
    -11.66289      1.94382      0.66777   2     11.84261
      1.94382    -11.66289     -0.66777   2     11.84261
     11.66289     -1.94382      0.66777   2     11.84261
      1.94382     11.66289     -0.66777   2     11.84261
     11.66289      1.94382      0.66777   2     11.84261
     -5.83145      0.00000     10.31851   1     11.85232
      0.00000     -5.83145    -10.31851   1     11.85232
     -0.00000      5.83145    -10.31851   1     11.85232
      5.83145      0.00000     10.31851   1     11.85232
