  -0.5426148074E+000   0.1837465450E-003  -0.3713900000E-004   0.1827400000E-003
  -0.5426148074E+000   0.3674930900E-003  -0.3721600000E-004   0.1827500000E-003
  -0.5426148074E+000   0.5274628321E-003  -0.3728400000E-004   0.1827700000E-003
  -0.5426148074E+000   0.7868762044E-003  -0.3739300000E-004   0.1827800000E-003
  -0.5426148074E+000   0.1173883177E-002  -0.3755600000E-004   0.1828100000E-003
  -0.5426148074E+000   0.1751214822E-002  -0.3779900000E-004   0.1828500000E-003
  -0.5426148074E+000   0.2612508377E-002  -0.3816100000E-004   0.1829100000E-003
  -0.5426148074E+000   0.3897264220E-002  -0.3869900000E-004   0.1829900000E-003
  -0.5426148074E+000   0.5814108177E-002  -0.3949900000E-004   0.1831300000E-003
  -0.5426148074E+000   0.8673939404E-002  -0.4068600000E-004   0.1833400000E-003
  -0.5426148074E+000   0.1293979919E-001  -0.4244200000E-004   0.1836600000E-003
  -0.5426148074E+000   0.1930404453E-001  -0.4502900000E-004   0.1841700000E-003
  -0.5426148074E+000   0.2405095277E-001  -0.4693300000E-004   0.1845700000E-003
  -0.5462897383E+000   0.2405095277E-001  -0.4725900000E-004   0.1831100000E-003
  -0.5499646692E+000   0.2405095277E-001  -0.4759800000E-004   0.1816300000E-003
  -0.5536396001E+000   0.2405095277E-001  -0.4795000000E-004   0.1801400000E-003
  -0.5573145310E+000   0.2405095277E-001  -0.4831700000E-004   0.1786400000E-003
  -0.5609894619E+000   0.2405095277E-001  -0.4869700000E-004   0.1771300000E-003
  -0.5646643928E+000   0.2405095277E-001  -0.4909200000E-004   0.1756000000E-003
  -0.5683393237E+000   0.2405095277E-001  -0.4950200000E-004   0.1740700000E-003
  -0.5720142546E+000   0.2405095277E-001  -0.4992600000E-004   0.1725300000E-003
  -0.5756891855E+000   0.2405095277E-001  -0.5036600000E-004   0.1709800000E-003
  -0.5793641164E+000   0.2405095277E-001  -0.5082100000E-004   0.1694100000E-003
  -0.5830390473E+000   0.2405095277E-001  -0.5129200000E-004   0.1678400000E-003
  -0.5867139782E+000   0.2405095277E-001  -0.5177900000E-004   0.1662600000E-003
  -0.5903889091E+000   0.2405095277E-001  -0.5228300000E-004   0.1646600000E-003
  -0.5940638400E+000   0.2405095277E-001  -0.5280200000E-004   0.1630600000E-003
  -0.5977387709E+000   0.2405095277E-001  -0.5333900000E-004   0.1614400000E-003
  -0.6014137018E+000   0.2405095277E-001  -0.5389300000E-004   0.1598200000E-003
  -0.6050886327E+000   0.2405095277E-001  -0.5446500000E-004   0.1581800000E-003
  -0.6087635636E+000   0.2405095277E-001  -0.5505400000E-004   0.1565400000E-003
  -0.6124384945E+000   0.2405095277E-001  -0.5566100000E-004   0.1548800000E-003
  -0.6161134254E+000   0.2405095277E-001  -0.5628700000E-004   0.1532200000E-003
  -0.6197883563E+000   0.2405095277E-001  -0.5693200000E-004   0.1515400000E-003
  -0.6234632872E+000   0.2405095277E-001  -0.5759500000E-004   0.1498600000E-003
  -0.6271382181E+000   0.2405095277E-001  -0.5827900000E-004   0.1481700000E-003
  -0.6308131490E+000   0.2405095277E-001  -0.5898100000E-004   0.1464700000E-003
  -0.6344880799E+000   0.2405095277E-001  -0.5970400000E-004   0.1447500000E-003
  -0.6381630108E+000   0.2405095277E-001  -0.6044800000E-004   0.1430300000E-003
  -0.6418379417E+000   0.2405095277E-001  -0.6121200000E-004   0.1413000000E-003
  -0.6455128726E+000   0.2405095277E-001  -0.6199700000E-004   0.1395700000E-003
  -0.6491878035E+000   0.2405095277E-001  -0.6280300000E-004   0.1378200000E-003
  -0.6528627344E+000   0.2405095277E-001  -0.6363200000E-004   0.1360700000E-003
  -0.6565376653E+000   0.2405095277E-001  -0.6448200000E-004   0.1343000000E-003
  -0.6602125962E+000   0.2405095277E-001  -0.6535500000E-004   0.1325300000E-003
  -0.6638875271E+000   0.2405095277E-001  -0.6625100000E-004   0.1307500000E-003
  -0.6675624580E+000   0.2405095277E-001  -0.6717100000E-004   0.1289700000E-003
  -0.6712373889E+000   0.2405095277E-001  -0.6811400000E-004   0.1271700000E-003
  -0.6749123198E+000   0.2405095277E-001  -0.6908100000E-004   0.1253700000E-003
  -0.6785872507E+000   0.2405095277E-001  -0.7007200000E-004   0.1235600000E-003
  -0.6822621816E+000   0.2405095277E-001  -0.7108800000E-004   0.1217500000E-003
  -0.6859371125E+000   0.2405095277E-001  -0.7212900000E-004   0.1199300000E-003
  -0.6896120434E+000   0.2405095277E-001  -0.7319600000E-004   0.1181000000E-003
  -0.6932869743E+000   0.2405095277E-001  -0.7428900000E-004   0.1162700000E-003
  -0.6969619052E+000   0.2405095277E-001  -0.7540900000E-004   0.1144300000E-003
  -0.7006368361E+000   0.2405095277E-001  -0.7655500000E-004   0.1125800000E-003
  -0.7043117670E+000   0.2405095277E-001  -0.7772800000E-004   0.1107400000E-003
  -0.7079866979E+000   0.2405095277E-001  -0.7892900000E-004   0.1088800000E-003
  -0.7116616288E+000   0.2405095277E-001  -0.8015800000E-004   0.1070200000E-003
  -0.7153365597E+000   0.2405095277E-001  -0.8141600000E-004   0.1051600000E-003
  -0.7190114906E+000   0.2405095277E-001  -0.8270200000E-004   0.1033000000E-003
  -0.7226864215E+000   0.2405095277E-001  -0.8401800000E-004   0.1014300000E-003
  -0.7263613524E+000   0.2405095277E-001  -0.8536300000E-004   0.9955800000E-004
  -0.7300362833E+000   0.2405095277E-001  -0.8673800000E-004   0.9768500000E-004
  -0.7337112142E+000   0.2405095277E-001  -0.8814500000E-004   0.9580900000E-004
  -0.7373861451E+000   0.2405095277E-001  -0.8958200000E-004   0.9393300000E-004
  -0.7410610760E+000   0.2405095277E-001  -0.9105000000E-004   0.9205600000E-004
  -0.7447360069E+000   0.2405095277E-001  -0.9255100000E-004   0.9017800000E-004
  -0.7484109378E+000   0.2405095277E-001  -0.9408400000E-004   0.8830100000E-004
  -0.7520858687E+000   0.2405095277E-001  -0.9564900000E-004   0.8642400000E-004
  -0.7557607996E+000   0.2405095277E-001  -0.9724800000E-004   0.8454900000E-004
  -0.7594357305E+000   0.2405095277E-001  -0.9888100000E-004   0.8267600000E-004
  -0.7631106614E+000   0.2405095277E-001  -0.1005500000E-003   0.8080500000E-004
  -0.7667855923E+000   0.2405095277E-001  -0.1022500000E-003   0.7893800000E-004
  -0.7704605232E+000   0.2405095277E-001  -0.1039900000E-003   0.7707400000E-004
  -0.7741354541E+000   0.2405095277E-001  -0.1057600000E-003   0.7521600000E-004
  -0.7778103850E+000   0.2405095277E-001  -0.1075600000E-003   0.7336300000E-004
  -0.7814853159E+000   0.2405095277E-001  -0.1094100000E-003   0.7151600000E-004
  -0.7851602468E+000   0.2405095277E-001  -0.1112900000E-003   0.6967700000E-004
  -0.7888351777E+000   0.2405095277E-001  -0.1132100000E-003   0.6784500000E-004
  -0.7925101086E+000   0.2405095277E-001  -0.1151600000E-003   0.6602300000E-004
  -0.7961850395E+000   0.2405095277E-001  -0.1171600000E-003   0.6421000000E-004
  -0.7998599704E+000   0.2405095277E-001  -0.1191900000E-003   0.6240900000E-004
  -0.8035349013E+000   0.2405095277E-001  -0.1212600000E-003   0.6061900000E-004
  -0.8072098322E+000   0.2405095277E-001  -0.1233700000E-003   0.5884300000E-004
  -0.8108847631E+000   0.2405095277E-001  -0.1255200000E-003   0.5708100000E-004
  -0.8145596940E+000   0.2405095277E-001  -0.1277100000E-003   0.5533500000E-004
  -0.8182346249E+000   0.2405095277E-001  -0.1299300000E-003   0.5360500000E-004
  -0.8219095558E+000   0.2405095277E-001  -0.1322000000E-003   0.5189400000E-004
  -0.8255844867E+000   0.2405095277E-001  -0.1345100000E-003   0.5020200000E-004
  -0.8292594176E+000   0.2405095277E-001  -0.1368600000E-003   0.4853200000E-004
  -0.8329343485E+000   0.2405095277E-001  -0.1392500000E-003   0.4688400000E-004
  -0.8366092794E+000   0.2405095277E-001  -0.1416900000E-003   0.4526100000E-004
  -0.8402842103E+000   0.2405095277E-001  -0.1441600000E-003   0.4366400000E-004
  -0.8439591412E+000   0.2405095277E-001  -0.1466700000E-003   0.4209500000E-004
  -0.8476340721E+000   0.2405095277E-001  -0.1492300000E-003   0.4055700000E-004
  -0.8513090030E+000   0.2405095277E-001  -0.1518300000E-003   0.3905000000E-004
  -0.8549839339E+000   0.2405095277E-001  -0.1544600000E-003   0.3757900000E-004
  -0.8586588648E+000   0.2405095277E-001  -0.1571400000E-003   0.3614400000E-004
  -0.8623337957E+000   0.2405095277E-001  -0.1598500000E-003   0.3474800000E-004
  -0.8660087266E+000   0.2405095277E-001  -0.1626100000E-003   0.3339500000E-004
  -0.8696836575E+000   0.2405095277E-001  -0.1654000000E-003   0.3208700000E-004
  -0.8733585884E+000   0.2405095277E-001  -0.1682300000E-003   0.3082700000E-004
  -0.8770335193E+000   0.2405095277E-001  -0.1710900000E-003   0.2961700000E-004
  -0.8807084502E+000   0.2405095277E-001  -0.1739800000E-003   0.2846200000E-004
  -0.8843833811E+000   0.2405095277E-001  -0.1769000000E-003   0.2736400000E-004
  -0.8880583120E+000   0.2405095277E-001  -0.1798500000E-003   0.2632700000E-004
  -0.8917332429E+000   0.2405095277E-001  -0.1828200000E-003   0.2535400000E-004
  -0.8954081738E+000   0.2405095277E-001  -0.1858000000E-003   0.2444800000E-004
  -0.8990831047E+000   0.2405095277E-001  -0.1888000000E-003   0.2361000000E-004
  -0.9027580356E+000   0.2405095277E-001  -0.1918000000E-003   0.2284300000E-004
  -0.9064329665E+000   0.2405095277E-001  -0.1947900000E-003   0.2214500000E-004
  -0.9101078974E+000   0.2405095277E-001  -0.1977800000E-003   0.2151500000E-004
  -0.9137828283E+000   0.2405095277E-001  -0.2007500000E-003   0.2095000000E-004
  -0.9174577592E+000   0.2405095277E-001  -0.2037000000E-003   0.2044500000E-004
  -0.9211326901E+000   0.2405095277E-001  -0.2066100000E-003   0.1999400000E-004
  -0.9248076210E+000   0.2405095277E-001  -0.2095000000E-003   0.1959000000E-004
  -0.9284825519E+000   0.2405095277E-001  -0.2123600000E-003   0.1922800000E-004
  -0.9321574828E+000   0.2405095277E-001  -0.2151800000E-003   0.1890300000E-004
  -0.9358324137E+000   0.2405095277E-001  -0.2179700000E-003   0.1860900000E-004
  -0.9395073446E+000   0.2405095277E-001  -0.2207300000E-003   0.1834200000E-004
  -0.9431822755E+000   0.2405095277E-001  -0.2234600000E-003   0.1809800000E-004
  -0.9468572064E+000   0.2405095277E-001  -0.2261700000E-003   0.1787600000E-004
  -0.9505321373E+000   0.2405095277E-001  -0.2288400000E-003   0.1767200000E-004
  -0.9542070682E+000   0.2405095277E-001  -0.2315000000E-003   0.1748400000E-004
  -0.9578819991E+000   0.2405095277E-001  -0.2341300000E-003   0.1731100000E-004
  -0.9615569300E+000   0.2405095277E-001  -0.2367300000E-003   0.1715000000E-004
  -0.9652318609E+000   0.2405095277E-001  -0.2393200000E-003   0.1700200000E-004
  -0.9689067918E+000   0.2405095277E-001  -0.2418900000E-003   0.1686400000E-004
  -0.9725817227E+000   0.2405095277E-001  -0.2444400000E-003   0.1673500000E-004
  -0.9762566536E+000   0.2405095277E-001  -0.2469700000E-003   0.1661500000E-004
  -0.9799315845E+000   0.2405095277E-001  -0.2494900000E-003   0.1650300000E-004
  -0.9836065154E+000   0.2405095277E-001  -0.2519900000E-003   0.1639900000E-004
  -0.9872814463E+000   0.2405095277E-001  -0.2544800000E-003   0.1630100000E-004
  -0.9909563772E+000   0.2405095277E-001  -0.2569500000E-003   0.1621000000E-004
  -0.9946313081E+000   0.2405095277E-001  -0.2594100000E-003   0.1612500000E-004
  -0.9983062390E+000   0.2405095277E-001  -0.2618600000E-003   0.1604500000E-004
  -0.1001981170E+001   0.2405095277E-001  -0.2643000000E-003   0.1597000000E-004
  -0.1005656101E+001   0.2405095277E-001  -0.2667300000E-003   0.1590000000E-004
  -0.1009331032E+001   0.2405095277E-001  -0.2691500000E-003   0.1583500000E-004
  -0.1013005963E+001   0.2405095277E-001  -0.2715600000E-003   0.1577400000E-004
  -0.1016680894E+001   0.2405095277E-001  -0.2739600000E-003   0.1571600000E-004
  -0.1020355824E+001   0.2405095277E-001  -0.2763500000E-003   0.1566300000E-004
  -0.1024030755E+001   0.2405095277E-001  -0.2787400000E-003   0.1561300000E-004
  -0.1027705686E+001   0.2405095277E-001  -0.2811100000E-003   0.1556700000E-004
  -0.1031380617E+001   0.2405095277E-001  -0.2834900000E-003   0.1552300000E-004
  -0.1035055548E+001   0.2405095277E-001  -0.2858500000E-003   0.1548300000E-004
  -0.1038730479E+001   0.2405095277E-001  -0.2882100000E-003   0.1544600000E-004
  -0.1042405410E+001   0.2405095277E-001  -0.2905700000E-003   0.1541200000E-004
  -0.1046080341E+001   0.2405095277E-001  -0.2929200000E-003   0.1538000000E-004
  -0.1049755272E+001   0.2405095277E-001  -0.2952700000E-003   0.1535100000E-004
  -0.1053430203E+001   0.2405095277E-001  -0.2976100000E-003   0.1532400000E-004
  -0.1057105133E+001   0.2405095277E-001  -0.2999500000E-003   0.1530000000E-004
  -0.1060780064E+001   0.2405095277E-001  -0.3022800000E-003   0.1527800000E-004
  -0.1064454995E+001   0.2405095277E-001  -0.3046200000E-003   0.1525800000E-004
  -0.1068129926E+001   0.2405095277E-001  -0.3069500000E-003   0.1524000000E-004
  -0.1071804857E+001   0.2405095277E-001  -0.3092700000E-003   0.1522500000E-004
  -0.1075479788E+001   0.2405095277E-001  -0.3116000000E-003   0.1521100000E-004
  -0.1079154719E+001   0.2405095277E-001  -0.3139200000E-003   0.1519900000E-004
  -0.1082829650E+001   0.2405095277E-001  -0.3162400000E-003   0.1519000000E-004
  -0.1086504581E+001   0.2405095277E-001  -0.3185700000E-003   0.1518200000E-004
  -0.1090179512E+001   0.2405095277E-001  -0.3208900000E-003   0.1517500000E-004
  -0.1093854442E+001   0.2405095277E-001  -0.3232000000E-003   0.1517100000E-004
  -0.1097529373E+001   0.2405095277E-001  -0.3255200000E-003   0.1516800000E-004
  -0.1101204304E+001   0.2405095277E-001  -0.3278400000E-003   0.1516600000E-004
  -0.1104879235E+001   0.2405095277E-001  -0.3301600000E-003   0.1516700000E-004
  -0.1108554166E+001   0.2405095277E-001  -0.3324800000E-003   0.1516800000E-004
  -0.1112229097E+001   0.2405095277E-001  -0.3348000000E-003   0.1517200000E-004
  -0.1115904028E+001   0.2405095277E-001  -0.3371200000E-003   0.1517600000E-004
  -0.1119578959E+001   0.2405095277E-001  -0.3394400000E-003   0.1518300000E-004
  -0.1123253890E+001   0.2405095277E-001  -0.3417600000E-003   0.1519000000E-004
  -0.1126928821E+001   0.2405095277E-001  -0.3440900000E-003   0.1519900000E-004
  -0.1130603751E+001   0.2405095277E-001  -0.3464100000E-003   0.1520900000E-004
  -0.1134278682E+001   0.2405095277E-001  -0.3487400000E-003   0.1522100000E-004
  -0.1137953613E+001   0.2405095277E-001  -0.3510700000E-003   0.1523400000E-004
  -0.1141628544E+001   0.2405095277E-001  -0.3534000000E-003   0.1524800000E-004
  -0.1145303475E+001   0.2405095277E-001  -0.3557300000E-003   0.1526400000E-004
  -0.1148978406E+001   0.2405095277E-001  -0.3580700000E-003   0.1528000000E-004
  -0.1152653337E+001   0.2405095277E-001  -0.3604100000E-003   0.1529800000E-004
  -0.1156328268E+001   0.2405095277E-001  -0.3627500000E-003   0.1531700000E-004
  -0.1160003199E+001   0.2405095277E-001  -0.3650900000E-003   0.1533800000E-004
  -0.1163678130E+001   0.2405095277E-001  -0.3674400000E-003   0.1535900000E-004
  -0.1167353060E+001   0.2405095277E-001  -0.3697900000E-003   0.1538200000E-004
  -0.1171027991E+001   0.2405095277E-001  -0.3721500000E-003   0.1540600000E-004
  -0.1174702922E+001   0.2405095277E-001  -0.3745100000E-003   0.1543000000E-004
  -0.1178377853E+001   0.2405095277E-001  -0.3768700000E-003   0.1545600000E-004
  -0.1182052784E+001   0.2405095277E-001  -0.3792400000E-003   0.1548400000E-004
  -0.1185727715E+001   0.2405095277E-001  -0.3816100000E-003   0.1551200000E-004
  -0.1189402646E+001   0.2405095277E-001  -0.3839800000E-003   0.1554100000E-004
  -0.1193077577E+001   0.2405095277E-001  -0.3863600000E-003   0.1557100000E-004
  -0.1196752508E+001   0.2405095277E-001  -0.3887500000E-003   0.1560300000E-004
  -0.1200427439E+001   0.2405095277E-001  -0.3911400000E-003   0.1563500000E-004
  -0.1204102369E+001   0.2405095277E-001  -0.3935300000E-003   0.1566900000E-004
  -0.1207777300E+001   0.2405095277E-001  -0.3959300000E-003   0.1570300000E-004
  -0.1211452231E+001   0.2405095277E-001  -0.3983400000E-003   0.1573900000E-004
  -0.1215127162E+001   0.2405095277E-001  -0.4007500000E-003   0.1577500000E-004
  -0.1218802093E+001   0.2405095277E-001  -0.4031700000E-003   0.1581300000E-004
  -0.1222477024E+001   0.2405095277E-001  -0.4055900000E-003   0.1585200000E-004
  -0.1226151955E+001   0.2405095277E-001  -0.4080200000E-003   0.1589100000E-004
  -0.1229826886E+001   0.2405095277E-001  -0.4104500000E-003   0.1593200000E-004
  -0.1233501817E+001   0.2405095277E-001  -0.4128900000E-003   0.1597400000E-004
  -0.1237176748E+001   0.2405095277E-001  -0.4153400000E-003   0.1601600000E-004
  -0.1240851678E+001   0.2405095277E-001  -0.4178000000E-003   0.1606000000E-004
  -0.1244526609E+001   0.2405095277E-001  -0.4202600000E-003   0.1610500000E-004
  -0.1248201540E+001   0.2405095277E-001  -0.4227300000E-003   0.1615000000E-004
  -0.1251876471E+001   0.2405095277E-001  -0.4252000000E-003   0.1619700000E-004
  -0.1255551402E+001   0.2405095277E-001  -0.4276800000E-003   0.1624400000E-004
  -0.1259226333E+001   0.2405095277E-001  -0.4301700000E-003   0.1629300000E-004
  -0.1262901264E+001   0.2405095277E-001  -0.4326700000E-003   0.1634300000E-004
  -0.1266576195E+001   0.2405095277E-001  -0.4351800000E-003   0.1639300000E-004
  -0.1270251126E+001   0.2405095277E-001  -0.4376900000E-003   0.1644500000E-004
  -0.1273926057E+001   0.2405095277E-001  -0.4402100000E-003   0.1649700000E-004
  -0.1277600987E+001   0.2405095277E-001  -0.4427400000E-003   0.1655000000E-004
  -0.1281275918E+001   0.2405095277E-001  -0.4452800000E-003   0.1660500000E-004
  -0.1284950849E+001   0.2405095277E-001  -0.4478200000E-003   0.1666000000E-004
  -0.1288625780E+001   0.2405095277E-001  -0.4503800000E-003   0.1671700000E-004
  -0.1292300711E+001   0.2405095277E-001  -0.4529400000E-003   0.1677400000E-004
  -0.1295975642E+001   0.2405095277E-001  -0.4555100000E-003   0.1683200000E-004
  -0.1299650573E+001   0.2405095277E-001  -0.4580900000E-003   0.1689100000E-004
  -0.1303325504E+001   0.2405095277E-001  -0.4606800000E-003   0.1695200000E-004
  -0.1307000435E+001   0.2405095277E-001  -0.4632800000E-003   0.1701300000E-004
  -0.1310675366E+001   0.2405095277E-001  -0.4658900000E-003   0.1707500000E-004
  -0.1314350296E+001   0.2405095277E-001  -0.4685100000E-003   0.1713800000E-004
  -0.1318025227E+001   0.2405095277E-001  -0.4711400000E-003   0.1720200000E-004
  -0.1321700158E+001   0.2405095277E-001  -0.4737700000E-003   0.1726700000E-004
  -0.1325375089E+001   0.2405095277E-001  -0.4764200000E-003   0.1733300000E-004
  -0.1329050020E+001   0.2405095277E-001  -0.4790800000E-003   0.1740000000E-004
  -0.1332724951E+001   0.2405095277E-001  -0.4817500000E-003   0.1746800000E-004
  -0.1336399882E+001   0.2405095277E-001  -0.4844300000E-003   0.1753700000E-004
  -0.1340074813E+001   0.2405095277E-001  -0.4871200000E-003   0.1760600000E-004
  -0.1343749744E+001   0.2405095277E-001  -0.4898200000E-003   0.1767700000E-004
  -0.1347424675E+001   0.2405095277E-001  -0.4925300000E-003   0.1774900000E-004
  -0.1351099605E+001   0.2405095277E-001  -0.4952500000E-003   0.1782100000E-004
  -0.1354774536E+001   0.2405095277E-001  -0.4979900000E-003   0.1789500000E-004
  -0.1358449467E+001   0.2405095277E-001  -0.5007300000E-003   0.1796900000E-004
  -0.1362124398E+001   0.2405095277E-001  -0.5034900000E-003   0.1804400000E-004
  -0.1365799329E+001   0.2405095277E-001  -0.5062600000E-003   0.1812000000E-004
  -0.1369474260E+001   0.2405095277E-001  -0.5090400000E-003   0.1819700000E-004
  -0.1373149191E+001   0.2405095277E-001  -0.5118300000E-003   0.1827500000E-004
  -0.1376824122E+001   0.2405095277E-001  -0.5146300000E-003   0.1835400000E-004
  -0.1380499053E+001   0.2405095277E-001  -0.5174500000E-003   0.1843300000E-004
  -0.1384173984E+001   0.2405095277E-001  -0.5202800000E-003   0.1851300000E-004
  -0.1387848914E+001   0.2405095277E-001  -0.5231200000E-003   0.1859400000E-004
  -0.1391523845E+001   0.2405095277E-001  -0.5259700000E-003   0.1867500000E-004
  -0.1395198776E+001   0.2405095277E-001  -0.5288400000E-003   0.1875700000E-004
  -0.1398873707E+001   0.2405095277E-001  -0.5317200000E-003   0.1884000000E-004
  -0.1402548638E+001   0.2405095277E-001  -0.5346100000E-003   0.1892300000E-004
  -0.1406223569E+001   0.2405095277E-001  -0.5375100000E-003   0.1900600000E-004
  -0.1409898500E+001   0.2405095277E-001  -0.5404300000E-003   0.1909000000E-004
  -0.1413573431E+001   0.2405095277E-001  -0.5433600000E-003   0.1917400000E-004
  -0.1417248362E+001   0.2405095277E-001  -0.5463100000E-003   0.1925800000E-004
  -0.1420923293E+001   0.2405095277E-001  -0.5492700000E-003   0.1934200000E-004
  -0.1424598223E+001   0.2405095277E-001  -0.5522400000E-003   0.1942600000E-004
  -0.1428273154E+001   0.2405095277E-001  -0.5552200000E-003   0.1950900000E-004
  -0.1431948085E+001   0.2405095277E-001  -0.5582200000E-003   0.1959100000E-004
  -0.1435623016E+001   0.2405095277E-001  -0.5612300000E-003   0.1967300000E-004
  -0.1439297947E+001   0.2405095277E-001  -0.5642500000E-003   0.1975300000E-004
  -0.1442972878E+001   0.2405095277E-001  -0.5672900000E-003   0.1983100000E-004
  -0.1446647809E+001   0.2405095277E-001  -0.5703400000E-003   0.1990700000E-004
  -0.1450322740E+001   0.2405095277E-001  -0.5734100000E-003   0.1998000000E-004
  -0.1453997671E+001   0.2405095277E-001  -0.5764800000E-003   0.2004900000E-004
  -0.1457672602E+001   0.2405095277E-001  -0.5795800000E-003   0.2011300000E-004
  -0.1461347532E+001   0.2405095277E-001  -0.5826800000E-003   0.2017200000E-004
  -0.1465022463E+001   0.2405095277E-001  -0.5858000000E-003   0.2022200000E-004
  -0.1468697394E+001   0.2405095277E-001  -0.5889300000E-003   0.2026400000E-004
  -0.1472372325E+001   0.2405095277E-001  -0.5920700000E-003   0.2029400000E-004
  -0.1476047256E+001   0.2405095277E-001  -0.5952300000E-003   0.2031000000E-004
  -0.1479722187E+001   0.2405095277E-001  -0.5984100000E-003   0.2030900000E-004
  -0.1483397118E+001   0.2405095277E-001  -0.6016000000E-003   0.2028500000E-004
  -0.1487072049E+001   0.2405095277E-001  -0.6048200000E-003   0.2023400000E-004
  -0.1490746980E+001   0.2405095277E-001  -0.6080600000E-003   0.2015100000E-004
  -0.1494421911E+001   0.2405095277E-001  -0.6113400000E-003   0.2003000000E-004
  -0.1498096841E+001   0.2405095277E-001  -0.6146700000E-003   0.1986500000E-004
  -0.1501771772E+001   0.2405095277E-001  -0.6180700000E-003   0.1965500000E-004
  -0.1505446703E+001   0.2405095277E-001  -0.6215700000E-003   0.1940700000E-004
  -0.1509121634E+001   0.2405095277E-001  -0.6251900000E-003   0.1914100000E-004
  -0.1512796565E+001   0.2405095277E-001  -0.6289500000E-003   0.1889500000E-004
  -0.1516471496E+001   0.2405095277E-001  -0.6328700000E-003   0.1872800000E-004
  -0.1520146427E+001   0.2405095277E-001  -0.6369000000E-003   0.1870000000E-004
  -0.1523821358E+001   0.2405095277E-001  -0.6409800000E-003   0.1884900000E-004
  -0.1527496289E+001   0.2405095277E-001  -0.6450300000E-003   0.1916900000E-004
  -0.1531171220E+001   0.2405095277E-001  -0.6490000000E-003   0.1961100000E-004
  -0.1534846150E+001   0.2405095277E-001  -0.6528500000E-003   0.2011200000E-004
  -0.1538521081E+001   0.2405095277E-001  -0.6565900000E-003   0.2061900000E-004
  -0.1542196012E+001   0.2405095277E-001  -0.6602700000E-003   0.2109700000E-004
  -0.1545870943E+001   0.2405095277E-001  -0.6638900000E-003   0.2152900000E-004
  -0.1549545874E+001   0.2405095277E-001  -0.6674900000E-003   0.2191000000E-004
  -0.1553220805E+001   0.2405095277E-001  -0.6710900000E-003   0.2224000000E-004
  -0.1556895736E+001   0.2405095277E-001  -0.6746900000E-003   0.2252300000E-004
  -0.1560570667E+001   0.2405095277E-001  -0.6783100000E-003   0.2276300000E-004
  -0.1564245598E+001   0.2405095277E-001  -0.6819500000E-003   0.2296100000E-004
  -0.1567920529E+001   0.2405095277E-001  -0.6856100000E-003   0.2311900000E-004
  -0.1571595459E+001   0.2405095277E-001  -0.6893200000E-003   0.2323600000E-004
  -0.1575270390E+001   0.2405095277E-001  -0.6930600000E-003   0.2331100000E-004
  -0.1578945321E+001   0.2405095277E-001  -0.6968500000E-003   0.2334300000E-004
  -0.1582620252E+001   0.2405095277E-001  -0.7007100000E-003   0.2333000000E-004
  -0.1586295183E+001   0.2405095277E-001  -0.7046500000E-003   0.2327600000E-004
  -0.1589970114E+001   0.2405095277E-001  -0.7086900000E-003   0.2319300000E-004
  -0.1593645045E+001   0.2405095277E-001  -0.7128700000E-003   0.2310700000E-004
  -0.1597319976E+001   0.2405095277E-001  -0.7171800000E-003   0.2305800000E-004
  -0.1600994907E+001   0.2405095277E-001  -0.7216200000E-003   0.2309800000E-004
  -0.1604669838E+001   0.2405095277E-001  -0.7261400000E-003   0.2326900000E-004
  -0.1608344768E+001   0.2405095277E-001  -0.7306900000E-003   0.2358700000E-004
  -0.1612019699E+001   0.2405095277E-001  -0.7352000000E-003   0.2402700000E-004
  -0.1615694630E+001   0.2405095277E-001  -0.7396400000E-003   0.2454100000E-004
  -0.1619369561E+001   0.2405095277E-001  -0.7440100000E-003   0.2508100000E-004
  -0.1623044492E+001   0.2405095277E-001  -0.7483200000E-003   0.2561300000E-004
  -0.1626719423E+001   0.2405095277E-001  -0.7526000000E-003   0.2611700000E-004
  -0.1630394354E+001   0.2405095277E-001  -0.7568800000E-003   0.2658600000E-004
  -0.1634069285E+001   0.2405095277E-001  -0.7611500000E-003   0.2702100000E-004
  -0.1637744216E+001   0.2405095277E-001  -0.7654500000E-003   0.2742500000E-004
  -0.1641419147E+001   0.2405095277E-001  -0.7697700000E-003   0.2780300000E-004
  -0.1645094077E+001   0.2405095277E-001  -0.7741300000E-003   0.2816000000E-004
