# # Once                                                         FEFF 10.0.0 
# # POT  SCF  30  0.0000   0, NO core-hole, AFOLP (folp(0)= 1.150)
# # Abs   Z=57 Rmt= 1.863 Rnm= 1.904 K  shell
# # Pot 1 Z=57 Rmt= 1.863 Rnm= 1.905
# # Pot 2 Z=57 Rmt= 1.863 Rnm= 1.904
# # Pot 3 Z=28 Rmt= 1.400 Rnm= 1.472
# # Pot 4 Z=33 Rmt= 1.444 Rnm= 1.516
# # Gam_ch=1.706E+01 H-L exch Vi= 0.000E+00 Vr= 0.000E+00
# # Mu=-1.016E+01eV kf=1.820E+00 Vint=-1.838E+01eV Rs_int= 1.993
# FMS rfms= 4.0000
# # PATH  Rmax= 0.100,  Keep_limit= 0.00, Heap_limit 0.00  Pwcrit= 2.50%
#  S02=1.000  Temp=   0.00  Debye_temp=   0.00  Global_sig2= 0.00000
#  Energy zero shift, vr, vi    0.00000E+00   0.00000E+00
#  Curved wave amplitude ratio filter   4.000%
#     file         sig2 tot  cw amp ratio   deg  nlegs   reff  inp sig2
#     0/   0 paths used
#  xsedge+ 50, used to normalize mu           1.0000E+00
#  -----------------------------------------------------------------------
#  omega    e    k    mu    mu0     chi     @#
     38949.4540053426      -40.1643843000       -2.8060734827    4.4103891886E-05    4.3947928474E-05    1.5596341150E-07
     38949.5540053426      -40.0643843000       -2.8013927219    4.4477165603E-05    4.4320231590E-05    1.5693401252E-07
     38949.6540053426      -39.9643843000       -2.7967044314    4.4855506672E-05    4.4697598621E-05    1.5790805093E-07
     38949.7540053426      -39.8643843000       -2.7920079635    4.5238824429E-05    4.5079939682E-05    1.5888474709E-07
     38949.8540053426      -39.7643843000       -2.7873035823    4.5627031560E-05    4.5467167988E-05    1.5986357235E-07
     38949.9540053426      -39.6643843000       -2.7825912477    4.6018934619E-05    4.5858090318E-05    1.6084430105E-07
     38950.0540053426      -39.5643843000       -2.7778710724    4.6417259049E-05    4.6255432615E-05    1.6182643381E-07
     38950.1540053426      -39.4643843000       -2.7731428629    4.6820340553E-05    4.6657530929E-05    1.6280962440E-07
     38950.2540053426      -39.3643843000       -2.7684065780    4.7228483800E-05    4.7064690315E-05    1.6379348491E-07
     38950.3540053426      -39.2643843000       -2.7636620222    4.7642009514E-05    4.7477232130E-05    1.6477738356E-07
     38950.4540053426      -39.1643843000       -2.7589093071    4.8060359206E-05    4.7894598461E-05    1.6576074454E-07
     38950.5540053426      -39.0643843000       -2.7541485450    4.8484022136E-05    4.8317279330E-05    1.6674280603E-07
     38950.6540053426      -38.9643843000       -2.7493792296    4.8913347124E-05    4.8745624007E-05    1.6772311606E-07
     38950.7540053426      -38.8643843000       -2.7446019368    4.9348107089E-05    4.9179405917E-05    1.6870117218E-07
     38950.8540053426      -38.7643843000       -2.7398161586    4.9788829649E-05    4.9619153552E-05    1.6967609607E-07
     38950.9540053426      -38.6643843000       -2.7350221619    5.0234670629E-05    5.0064023223E-05    1.7064740595E-07
     38951.0540053426      -38.5643843000       -2.7302195915    5.0685648450E-05    5.0514034266E-05    1.7161418390E-07
     38951.1540053426      -38.4643843000       -2.7254087145    5.1143282240E-05    5.0970706757E-05    1.7257548313E-07
     38951.2540053426      -38.3643843000       -2.7205891738    5.1606184751E-05    5.1432654031E-05    1.7353072047E-07
     38951.3540053426      -38.2643843000       -2.7157610802    5.2075301403E-05    5.1900822495E-05    1.7447890708E-07
     38951.4540053426      -38.1643843000       -2.7109245448    5.2549444923E-05    5.2374025873E-05    1.7541905029E-07
     38951.5540053426      -38.0643843000       -2.7060793652    5.3030463256E-05    5.2854113176E-05    1.7635008029E-07
     38951.6540053426      -37.9643843000       -2.7012253372    5.3516726686E-05    5.3339455897E-05    1.7727078869E-07
     38951.7540053426      -37.8643843000       -2.6963627289    5.4009461906E-05    5.3831281624E-05    1.7818028181E-07
     38951.8540053426      -37.7643843000       -2.6914911773    5.4508614679E-05    5.4329536864E-05    1.7907781528E-07
     38951.9540053426      -37.6643843000       -2.6866107923    5.5013589742E-05    5.4833628211E-05    1.7996153124E-07
     38952.0540053426      -37.5643843000       -2.6817216844    5.5524418931E-05    5.5343588775E-05    1.8083015559E-07
     38952.1540053426      -37.4643843000       -2.6768236467    5.6041328597E-05    5.5859645865E-05    1.8168273198E-07
     38952.2540053426      -37.3643843000       -2.6719164709    5.6564688769E-05    5.6382171168E-05    1.8251760147E-07
     38952.3540053426      -37.2643843000       -2.6670003458    5.7094329230E-05    5.6910995865E-05    1.8333336536E-07
     38952.4540053426      -37.1643843000       -2.6620749822    5.7630567463E-05    5.7446439054E-05    1.8412840927E-07
     38952.5540053426      -37.0643843000       -2.6571408892    5.8172672079E-05    5.7987771218E-05    1.8490086119E-07
     38952.6540053426      -36.9643843000       -2.6521972158    5.8722304033E-05    5.8536654415E-05    1.8564961807E-07
     38952.7540053426      -36.8643843000       -2.6472443905    5.9277408996E-05    5.9091036452E-05    1.8637254364E-07
     38952.8540053426      -36.7643843000       -2.6422825231    5.9838975786E-05    5.9651907825E-05    1.8706796069E-07
     38952.9540053426      -36.6643843000       -2.6373109976    6.0406994173E-05    6.0219260524E-05    1.8773364866E-07
     38953.0540053426      -36.5643843000       -2.6323304061    6.0981723571E-05    6.0793355697E-05    1.8836787354E-07
     38953.1540053426      -36.4643843000       -2.6273402110    6.1562548524E-05    6.1373580377E-05    1.8896814715E-07
     38953.2540053426      -36.3643843000       -2.6223404386    6.2150249694E-05    6.1960717191E-05    1.8953250318E-07
     38953.3540053426      -36.2643843000       -2.6173310341    6.2744441524E-05    6.2554382622E-05    1.9005890209E-07
     38953.4540053426      -36.1643843000       -2.6123121864    6.3344680420E-05    6.3154135615E-05    1.9054480452E-07
     38953.5540053426      -36.0643843000       -2.6072836779    6.3952356856E-05    6.3761369114E-05    1.9098774181E-07
     38953.6540053426      -35.9643843000       -2.6022454524    6.4566043564E-05    6.4374658675E-05    1.9138488861E-07
     38953.7540053426      -35.8643843000       -2.5971975353    6.5185937075E-05    6.4994202639E-05    1.9173443617E-07
     38953.8540053426      -35.7643843000       -2.5921397059    6.5812114030E-05    6.5620081081E-05    1.9203294907E-07
     38953.9540053426      -35.6643843000       -2.5870719882    6.6445379736E-05    6.6253101707E-05    1.9227802893E-07
     38954.0540053426      -35.5643843000       -2.5819943241    6.7084615382E-05    6.6892149287E-05    1.9246609464E-07
     38954.1540053426      -35.4643843000       -2.5769064895    6.7730230454E-05    6.7537636141E-05    1.9259431314E-07
     38954.2540053426      -35.3643843000       -2.5718088379    6.8381581784E-05    6.8188921025E-05    1.9266075852E-07
     38954.3540053426      -35.2643843000       -2.5667009792    6.9039891738E-05    6.8847230568E-05    1.9266116977E-07
     38954.4540053426      -35.1643843000       -2.5615830183    6.9704153075E-05    6.9511560502E-05    1.9259257251E-07
     38954.5540053426      -35.0643843000       -2.5564546449    7.0373976272E-05    7.0181524418E-05    1.9245185396E-07
     38954.6540053426      -34.9643843000       -2.5513159630    7.1050106363E-05    7.0857871232E-05    1.9223513032E-07
     38954.7540053426      -34.8643843000       -2.5461671610    7.1732463543E-05    7.1540525038E-05    1.9193850572E-07
     38954.8540053426      -34.7643843000       -2.5410077586    7.2420198320E-05    7.2228639399E-05    1.9155892108E-07
     38954.9540053426      -34.6643843000       -2.5358376910    7.3113435668E-05    7.2922342128E-05    1.9109354022E-07
     38955.0540053426      -34.5643843000       -2.5306573135    7.3812542486E-05    7.3622004241E-05    1.9053824416E-07
     38955.1540053426      -34.4643843000       -2.5254661412    7.4516440160E-05    7.4326551775E-05    1.8988838517E-07
     38955.2540053426      -34.3643843000       -2.5202643607    7.5226115263E-05    7.5036974136E-05    1.8914112613E-07
     38955.3540053426      -34.2643843000       -2.5150517369    7.5940741088E-05    7.5752449358E-05    1.8829173047E-07
     38955.4540053426      -34.1643843000       -2.5098283720    7.6660054813E-05    7.6472718128E-05    1.8733668524E-07
     38955.5540053426      -34.0643843000       -2.5045941987    7.7384203897E-05    7.7197931046E-05    1.8627285159E-07
     38955.6540053426      -33.9643843000       -2.4993488936    7.8112985445E-05    7.7927890631E-05    1.8509481383E-07
     38955.7540053426      -33.8643843000       -2.4940928131    7.8845981723E-05    7.8662181115E-05    1.8380060764E-07
     38955.8540053426      -33.7643843000       -2.4888252905    7.9583038881E-05    7.9400653735E-05    1.8238514576E-07
     38955.9540053426      -33.6643843000       -2.4835469384    8.0324099998E-05    8.0143255564E-05    1.8084443338E-07
     38956.0540053426      -33.5643843000       -2.4782570866    8.1068869024E-05    8.0889694043E-05    1.7917498155E-07
     38956.1540053426      -33.4643843000       -2.4729559193    8.1816264509E-05    8.1638891675E-05    1.7737283465E-07
     38956.2540053426      -33.3643843000       -2.4676435363    8.2567398826E-05    8.2391964322E-05    1.7543450399E-07
     38956.3540053426      -33.2643843000       -2.4623194326    8.3321344200E-05    8.3147988380E-05    1.7335582036E-07
     38956.4540053426      -33.1643843000       -2.4569840519    8.4076862096E-05    8.3905729146E-05    1.7113295014E-07
     38956.5540053426      -33.0643843000       -2.4516369733    8.4834988953E-05    8.4666225362E-05    1.6876359050E-07
     38956.6540053426      -32.9643843000       -2.4462782070    8.5595345327E-05    8.5429099194E-05    1.6624613250E-07
     38956.7540053426      -32.8643843000       -2.4409076762    8.6356450925E-05    8.6192877505E-05    1.6357342038E-07
     38956.8540053426      -32.7643843000       -2.4355253029    8.7119556346E-05    8.6958809834E-05    1.6074651147E-07
     38956.9540053426      -32.6643843000       -2.4301309209    8.7882362083E-05    8.7724600981E-05    1.5776110168E-07
     38957.0540053426      -32.5643843000       -2.4247248012    8.8646274039E-05    8.8491659137E-05    1.5461490167E-07
     38957.1540053426      -32.4643843000       -2.4193062492    8.9409640099E-05    8.9258333633E-05    1.5130646576E-07
     38957.2540053426      -32.3643843000       -2.4138756222    9.0172133464E-05    9.0024298997E-05    1.4783446699E-07
     38957.3540053426      -32.2643843000       -2.4084330151    9.0933601155E-05    9.0789404331E-05    1.4419682325E-07
     38957.4540053426      -32.1643843000       -2.4029778151    9.1694055878E-05    9.1553663448E-05    1.4039243078E-07
     38957.5540053426      -32.0643843000       -2.3975102026    9.2452401623E-05    9.2315981619E-05    1.3642000436E-07
     38957.6540053426      -31.9643843000       -2.3920302705    9.3208074162E-05    9.3075792678E-05    1.3228148397E-07
     38957.7540053426      -31.8643843000       -2.3865376662    9.3960492468E-05    9.3832514533E-05    1.2797793539E-07
     38957.8540053426      -31.7643843000       -2.3810323916    9.4710447136E-05    9.4586939661E-05    1.2350747431E-07
     38957.9540053426      -31.6643843000       -2.3755143584    9.5455748194E-05    9.5336872048E-05    1.1887614518E-07
     38958.0540053426      -31.5643843000       -2.3699834777    9.6196405479E-05    9.6082323264E-05    1.1408221510E-07
     38958.1540053426      -31.4643843000       -2.3644394792    9.6931805646E-05    9.6822677184E-05    1.0912846122E-07
     38958.2540053426      -31.3643843000       -2.3588827215    9.7661807669E-05    9.7557786214E-05    1.0402145506E-07
     38958.3540053426      -31.2643843000       -2.3533128430    9.8385384209E-05    9.8286621119E-05    9.8763090405E-08
     38958.4540053426      -31.1643843000       -2.3477296596    9.9102311135E-05    9.9008950759E-05    9.3360376611E-08
     38958.5540053426      -31.0643843000       -2.3421329852    9.9811721207E-05    9.9723904716E-05    8.7816490617E-08
     38958.6540053426      -30.9643843000       -2.3365232696    1.0051286091E-04    1.0043072183E-04    8.2139075276E-08
     38958.7540053426      -30.8643843000       -2.3308997793    1.0120508551E-04    1.0112874953E-04    7.6335971652E-08
     38958.8540053426      -30.7643843000       -2.3252627805    1.0188790499E-04    1.0181748643E-04    7.0418560225E-08
     38958.9540053426      -30.6643843000       -2.3196119913    1.0256102984E-04    1.0249664032E-04    6.4389517819E-08
     38959.0540053426      -30.5643843000       -2.3139474946    1.0322415799E-04    1.0316589092E-04    5.8267070030E-08
     38959.1540053426      -30.4643843000       -2.3082690972    1.0387472135E-04    1.0382266381E-04    5.2057545371E-08
     38959.2540053426      -30.3643843000       -2.3025766039    1.0451342627E-04    1.0446765477E-04    4.5771491014E-08
     38959.3540053426      -30.2643843000       -2.2968702805    1.0514039825E-04    1.0510097071E-04    3.9427537027E-08
     38959.4540053426      -30.1643843000       -2.2911494664    1.0575345935E-04    1.0572042135E-04    3.3038005773E-08
     38959.5540053426      -30.0643843000       -2.2854144252    1.0635240790E-04    1.0632579131E-04    2.6616583595E-08
     38959.6540053426      -29.9643843000       -2.2796650495    1.0693750298E-04    1.0691731948E-04    2.0183499524E-08
     38959.7540053426      -29.8643843000       -2.2739009498    1.0750361369E-04    1.0748986184E-04    1.3751853232E-08
     38959.8540053426      -29.7643843000       -2.2681222954    1.0806026154E-04    1.0805291870E-04    7.3428372939E-09
     38959.9540053426      -29.6643843000       -2.2623289748    1.0859647946E-04    1.0859549837E-04    9.8109187965E-10
     38960.0540053426      -29.5643843000       -2.2565204976    1.0911813985E-04    1.0912346130E-04   -5.3214582130E-09
     38960.1540053426      -29.4643843000       -2.2506972195    1.0961856680E-04    1.0963010264E-04   -1.1535842068E-08
     38960.2540053426      -29.3643843000       -2.2448588355    1.1010451721E-04    1.1012216022E-04   -1.7643009224E-08
     38960.3540053426      -29.2643843000       -2.2390053225    1.1056887726E-04    1.1059249325E-04   -2.3615996748E-08
     38960.4540053426      -29.1643843000       -2.2331362757    1.1101147510E-04    1.1104090513E-04   -2.9430026442E-08
     38960.5540053426      -29.0643843000       -2.2272519546    1.1143866471E-04    1.1147372409E-04   -3.5059381168E-08
     38960.6540053426      -28.9643843000       -2.2213517586    1.1184373421E-04    1.1188421625E-04   -4.0482041760E-08
     38960.7540053426      -28.8643843000       -2.2154361373    1.1222648960E-04    1.1227214728E-04   -4.5657676880E-08
     38960.8540053426      -28.7643843000       -2.2095044852    1.1259328133E-04    1.1264385207E-04   -5.0570738350E-08
     38960.9540053426      -28.6643843000       -2.2035570592    1.1293125401E-04    1.1298643335E-04   -5.5179336137E-08
     38961.0540053426      -28.5643843000       -2.1975933439    1.1324667104E-04    1.1330613335E-04   -5.9462314457E-08
     38961.1540053426      -28.4643843000       -2.1916134975    1.1353895222E-04    1.1360233727E-04   -6.3385045659E-08
     38961.2540053426      -28.3643843000       -2.1856171930    1.1380840094E-04    1.1387531692E-04   -6.6915983554E-08
     38961.3540053426      -28.2643843000       -2.1796046850    1.1406135246E-04    1.1413137663E-04   -7.0024174422E-08
     38961.4540053426      -28.1643843000       -2.1735752517    1.1427815917E-04    1.1435083144E-04   -7.2672274131E-08
     38961.5540053426      -28.0643843000       -2.1675291445    1.1447860180E-04    1.1455343521E-04   -7.4833402811E-08
     38961.6540053426      -27.9643843000       -2.1614661250    1.1464915822E-04    1.1472562867E-04   -7.6470448009E-08
     38961.7540053426      -27.8643843000       -2.1553860506    1.1479633088E-04    1.1487388588E-04   -7.7554996383E-08
     38961.8540053426      -27.7643843000       -2.1492887764    1.1492021212E-04    1.1499826225E-04   -7.8050136418E-08
     38961.9540053426      -27.6643843000       -2.1431739571    1.1502075722E-04    1.1509868065E-04   -7.7923423730E-08
     38962.0540053426      -27.5643843000       -2.1370418405    1.1509149912E-04    1.1516864183E-04   -7.7142716879E-08
     38962.1540053426      -27.4643843000       -2.1308920774    1.1513240062E-04    1.1520807753E-04   -7.5676906343E-08
     38962.2540053426      -27.3643843000       -2.1247246148    1.1515642205E-04    1.1522991599E-04   -7.3493942886E-08
     38962.3540053426      -27.2643843000       -2.1185389966    1.1514422451E-04    1.1521478417E-04   -7.0559663088E-08
     38962.4540053426      -27.1643843000       -2.1123354666    1.1511528296E-04    1.1518213262E-04   -6.6849658225E-08
     38962.5540053426      -27.0643843000       -2.1061134621    1.1505669904E-04    1.1511903393E-04   -6.2334894137E-08
     38962.6540053426      -26.9643843000       -2.0998731230    1.1496859120E-04    1.1502557443E-04   -5.6983225192E-08
     38962.7540053426      -26.8643843000       -2.0936141837    1.1485746502E-04    1.1490823985E-04   -5.0774835645E-08
     38962.8540053426      -26.7643843000       -2.0873364768    1.1472342279E-04    1.1476710550E-04   -4.3682701525E-08
     38962.9540053426      -26.6643843000       -2.0810399349    1.1456013741E-04    1.1459581705E-04   -3.5679636957E-08
     38963.0540053426      -26.5643843000       -2.0747241812    1.1437421513E-04    1.1440096106E-04   -2.6745928373E-08
     38963.1540053426      -26.4643843000       -2.0683890398    1.1415937626E-04    1.1417624331E-04   -1.6867053366E-08
     38963.2540053426      -26.3643843000       -2.0620345383    1.1392213454E-04    1.1392815473E-04   -6.0201868588E-09
     38963.3540053426      -26.2643843000       -2.0556603938    1.1365632285E-04    1.1365051793E-04    5.8049264847E-09
     38963.4540053426      -26.1643843000       -2.0492663191    1.1336856589E-04    1.1334993929E-04    1.8626594809E-08
     38963.5540053426      -26.0643843000       -2.0428523353    1.1305889837E-04    1.1302644584E-04    3.2452529246E-08
     38963.6540053426      -25.9643843000       -2.0364182544    1.1272103578E-04    1.1267374979E-04    4.7285994452E-08
     38963.7540053426      -25.8643843000       -2.0299635708    1.1236839773E-04    1.1230526280E-04    6.3134937959E-08
     38963.8540053426      -25.7643843000       -2.0234882976    1.1198824437E-04    1.1190823881E-04    8.0005555840E-08
     38963.9540053426      -25.6643843000       -2.0169923421    1.1158073844E-04    1.1148284500E-04    9.7893438500E-08
     38964.0540053426      -25.5643843000       -2.0104753979    1.1115905449E-04    1.1104225739E-04    1.1679710923E-07
     38964.1540053426      -25.4643843000       -2.0039373664    1.1071014287E-04    1.1057343646E-04    1.3670640923E-07
     38964.2540053426      -25.3643843000       -1.9973778275    1.1024097970E-04    1.1008335946E-04    1.5762023475E-07
     38964.3540053426      -25.2643843000       -1.9907966756    1.0975855550E-04    1.0957903407E-04    1.7952143796E-07
     38964.4540053426      -25.1643843000       -1.9841936954    1.0924989864E-04    1.0904750241E-04    2.0239622974E-07
     38964.5540053426      -25.0643843000       -1.9775686684    1.0872168071E-04    1.0849545355E-04    2.2622715452E-07
     38964.6540053426      -24.9643843000       -1.9709213723    1.0818068645E-04    1.0792969272E-04    2.5099372560E-07
     38964.7540053426      -24.8643843000       -1.9642514726    1.0762106282E-04    1.0734439237E-04    2.7667044964E-07
     38964.8540053426      -24.7643843000       -1.9575590644    1.0703649345E-04    1.0673326370E-04    3.0322975120E-07
     38964.9540053426      -24.6643843000       -1.9508434797    1.0644630143E-04    1.0611565321E-04    3.3064822188E-07
     38965.0540053426      -24.5643843000       -1.9441048068    1.0583165332E-04    1.0547275900E-04    3.5889432603E-07
     38965.1540053426      -24.4643843000       -1.9373425850    1.0520556853E-04    1.0481763724E-04    3.8793128611E-07
     38965.2540053426      -24.3643843000       -1.9305568976    1.0456825920E-04    1.0415053617E-04    4.1772302154E-07
     38965.3540053426      -24.2643843000       -1.9237471643    1.0391397086E-04    1.0346573445E-04    4.4823641280E-07
     38965.4540053426      -24.1643843000       -1.9169132400    1.0324910705E-04    1.0276967604E-04    4.7943100955E-07
     38965.5540053426      -24.0643843000       -1.9100548649    1.0256740879E-04    1.0205614823E-04    5.1126055802E-07
     38965.6540053426      -23.9643843000       -1.9031716630    1.0187573667E-04    1.0133205437E-04    5.4368229427E-07
     38965.7540053426      -23.8643843000       -1.8962635883    1.0117437185E-04    1.0059771729E-04    5.7665456416E-07
     38965.8540053426      -23.7643843000       -1.8893303116    1.0046342035E-04    9.9853286811E-05    6.1013353356E-07
     38965.9540053426      -23.6643843000       -1.8823713850    9.9743343419E-05    9.9099278159E-05    6.4406526011E-07
     38966.0540053426      -23.5643843000       -1.8753866931    9.9014351695E-05    9.8335951928E-05    6.7839976738E-07
     38966.1540053426      -23.4643843000       -1.8683758899    9.8276745741E-05    9.7563646229E-05    7.1309951186E-07
     38966.2540053426      -23.3643843000       -1.8613385661    9.7531286954E-05    9.6783179002E-05    7.4810795240E-07
     38966.3540053426      -23.2643843000       -1.8542747067    9.6779369388E-05    9.5995992801E-05    7.8337658734E-07
     38966.4540053426      -23.1643843000       -1.8471837768    9.6021507421E-05    9.5202652232E-05    8.1885518919E-07
     38966.5540053426      -23.0643843000       -1.8400654635    9.5257598816E-05    9.4403103415E-05    8.5449540047E-07
     38966.6540053426      -22.9643843000       -1.8329196219    9.4489418053E-05    9.3599170644E-05    8.9024740898E-07
     38966.7540053426      -22.8643843000       -1.8257456956    9.3716756913E-05    9.2790691752E-05    9.2606516067E-07
     38966.8540053426      -22.7643843000       -1.8185434692    9.2940573956E-05    9.1978682243E-05    9.6189171342E-07
     38966.9540053426      -22.6643843000       -1.8113126640    9.2161224208E-05    9.1163533579E-05    9.9769062926E-07
     38967.0540053426      -22.5643843000       -1.8040528774    9.1379500728E-05    9.0346087045E-05    1.0334136826E-06
     38967.1540053426      -22.4643843000       -1.7967637579    9.0595080833E-05    8.9526071136E-05    1.0690096978E-06
     38967.2540053426      -22.3643843000       -1.7894449472    8.9810178760E-05    8.8705738740E-05    1.1044400197E-06
     38967.3540053426      -22.2643843000       -1.7820960198    8.9024358128E-05    8.7884693370E-05    1.1396647578E-06
     38967.4540053426      -22.1643843000       -1.7747167214    8.8237535642E-05    8.7062903147E-05    1.1746324949E-06
     38967.5540053426      -22.0643843000       -1.7673066114    8.7451155572E-05    8.6241843565E-05    1.2093120074E-06
     38967.6540053426      -21.9643843000       -1.7598653006    8.6665457455E-05    8.5421796395E-05    1.2436610601E-06
     38967.7540053426      -21.8643843000       -1.7523924522    8.5880356698E-05    8.4602706698E-05    1.2776499999E-06
     38967.8540053426      -21.7643843000       -1.7448874780    8.5097151463E-05    8.3785907366E-05    1.3112440978E-06
     38967.9540053426      -21.6643843000       -1.7373500231    8.4315668863E-05    8.2971256878E-05    1.3444119858E-06
     38968.0540053426      -21.5643843000       -1.7297798473    8.3535705744E-05    8.2158586631E-05    1.3771191127E-06
     38968.1540053426      -21.4643843000       -1.7221764574    8.2759395746E-05    8.1350061200E-05    1.4093345458E-06
     38968.2540053426      -21.3643843000       -1.7145392874    8.1985699793E-05    8.0544660849E-05    1.4410389434E-06
     38968.3540053426      -21.2643843000       -1.7068679461    8.1215476183E-05    7.9743266617E-05    1.4722095666E-06
     38968.4540053426      -21.1643843000       -1.6991619081    8.0448968777E-05    7.8946146104E-05    1.5028226732E-06
     38968.5540053426      -21.0643843000       -1.6914208250    7.9686503585E-05    7.8153647879E-05    1.5328557063E-06
     38968.6540053426      -20.9643843000       -1.6836440871    7.8927870579E-05    7.7365581919E-05    1.5622886599E-06
     38968.7540053426      -20.8643843000       -1.6758313884    7.8173801563E-05    7.6582690545E-05    1.5911110176E-06
     38968.8540053426      -20.7643843000       -1.6679819684    7.7424995150E-05    7.5805682562E-05    1.6193125877E-06
     38968.9540053426      -20.6643843000       -1.6600954986    7.6681327061E-05    7.5034448786E-05    1.6468782744E-06
     38969.0540053426      -20.5643843000       -1.6521713195    7.5943052719E-05    7.4269270136E-05    1.6737825828E-06
     38969.1540053426      -20.4643843000       -1.6442090801    7.5209540769E-05    7.3509506675E-05    1.7000340940E-06
     38969.2540053426      -20.3643843000       -1.6362080298    7.4482479799E-05    7.2756850165E-05    1.7256296335E-06
     38969.3540053426      -20.2643843000       -1.6281675962    7.3761184530E-05    7.2010634595E-05    1.7505499348E-06
     38969.4540053426      -20.1643843000       -1.6200872587    7.3046130833E-05    7.1271330934E-05    1.7747998985E-06
     38969.5540053426      -20.0643843000       -1.6119665493    7.2336610595E-05    7.0538251266E-05    1.7983593291E-06
     38969.6540053426      -19.9643843000       -1.6038045893    7.1634631182E-05    6.9813379364E-05    1.8212518178E-06
     38969.7540053426      -19.8643843000       -1.5956009458    7.0938371651E-05    6.9094908226E-05    1.8434634242E-06
     38969.8540053426      -19.7643843000       -1.5873549054    7.0248881526E-05    6.8383872901E-05    1.8650086244E-06
     38969.9540053426      -19.6643843000       -1.5790658039    6.9566220637E-05    6.7680363603E-05    1.8858570335E-06
     38970.0540053426      -19.5643843000       -1.5707329596    6.8890022817E-05    6.6983972589E-05    1.9060502278E-06
     38970.1540053426      -19.4643843000       -1.5623556045    6.8221568631E-05    6.6296002318E-05    1.9255663130E-06
     38970.2540053426      -19.3643843000       -1.5539332242    6.7559633510E-05    6.5615213449E-05    1.9444200610E-06
     38970.3540053426      -19.2643843000       -1.5454648759    6.6905398927E-05    6.4942784577E-05    1.9626143502E-06
     38970.4540053426      -19.1643843000       -1.5369497306    6.6257396866E-05    6.4277243481E-05    1.9801533852E-06
     38970.5540053426      -19.0643843000       -1.5283873543    6.5616793066E-05    6.3619736429E-05    1.9970566376E-06
     38970.6540053426      -18.9643843000       -1.5197766685    6.4984122673E-05    6.2970806067E-05    2.0133166061E-06
     38970.7540053426      -18.8643843000       -1.5111168475    6.4358094368E-05    6.2329159915E-05    2.0289344529E-06
     38970.8540053426      -18.7643843000       -1.5024071833    6.3739394860E-05    6.1695475470E-05    2.0439193895E-06
     38970.9540053426      -18.6643843000       -1.4936466613    6.3128212238E-05    6.1069906535E-05    2.0583057033E-06
     38971.0540053426      -18.5643843000       -1.4848345966    6.2524088850E-05    6.0452019582E-05    2.0720692674E-06
     38971.1540053426      -18.4643843000       -1.4759697774    6.1927063667E-05    5.9841846597E-05    2.0852170697E-06
     38971.2540053426      -18.3643843000       -1.4670513925    6.1337691035E-05    5.9239905202E-05    2.0977858331E-06
     38971.3540053426      -18.2643843000       -1.4580786051    6.0755115882E-05    5.8645364544E-05    2.1097513376E-06
     38971.4540053426      -18.1643843000       -1.4490501841    6.0179925882E-05    5.8058788641E-05    2.1211372415E-06
     38971.5540053426      -18.0643843000       -1.4399650831    5.9612252856E-05    5.7480306713E-05    2.1319461425E-06
     38971.6540053426      -17.9643843000       -1.4308223713    5.9050695532E-05    5.6908509727E-05    2.1421858043E-06
     38971.7540053426      -17.8643843000       -1.4216208621    5.8497142447E-05    5.6345264251E-05    2.1518781954E-06
     38971.8540053426      -17.7643843000       -1.4123593311    5.7950007280E-05    5.5789011488E-05    2.1609957913E-06
     38971.9540053426      -17.6643843000       -1.4030367413    5.7410134221E-05    5.5240569647E-05    2.1695645739E-06
     38972.0540053426      -17.5643843000       -1.3936517912    5.6877495715E-05    5.4699893583E-05    2.1776021321E-06
     38972.1540053426      -17.4643843000       -1.3842032890    5.6351534117E-05    5.4166438235E-05    2.1850958825E-06
     38972.2540053426      -17.3643843000       -1.3746896148    5.5832051259E-05    5.3639997876E-05    2.1920533828E-06
     38972.3540053426      -17.2643843000       -1.3651097958    5.5319000271E-05    5.3120519920E-05    2.1984803514E-06
     38972.4540053426      -17.1643843000       -1.3554622724    5.4812407048E-05    5.2608026705E-05    2.2043803432E-06
     38972.5540053426      -17.0643843000       -1.3457455886    5.4313166280E-05    5.2103395563E-05    2.2097707170E-06
     38972.6540053426      -16.9643843000       -1.3359582354    5.3819593784E-05    5.1604964858E-05    2.2146289257E-06
     38972.7540053426      -16.8643843000       -1.3260986079    5.3332765380E-05    5.1113776741E-05    2.2189886381E-06
     38972.8540053426      -16.7643843000       -1.3161652030    5.2851732780E-05    5.0628897041E-05    2.2228357388E-06
     38972.9540053426      -16.6643843000       -1.3061560932    5.2377105145E-05    5.0150931630E-05    2.2261735150E-06
     38973.0540053426      -16.5643843000       -1.2960698529    5.1908749135E-05    4.9679730796E-05    2.2290183386E-06
     38973.1540053426      -16.4643843000       -1.2859044190    5.1446223153E-05    4.9214876170E-05    2.2313469826E-06
     38973.2540053426      -16.3643843000       -1.2756579815    5.0989683440E-05    4.8756495041E-05    2.2331883987E-06
     38973.3540053426      -16.2643843000       -1.2653286568    5.0538614591E-05    4.8304094710E-05    2.2345198814E-06
     38973.4540053426      -16.1643843000       -1.2549141860    5.0092860132E-05    4.7857489964E-05    2.2353701675E-06
     38973.5540053426      -16.0643843000       -1.2444126452    4.9652954130E-05    4.7417239839E-05    2.2357142914E-06
     38973.6540053426      -15.9643843000       -1.2338217681    4.9218436290E-05    4.6982855130E-05    2.2355811598E-06
     38973.7540053426      -15.8643843000       -1.2231391035    4.8789641882E-05    4.6554696693E-05    2.2349451890E-06
     38973.8540053426      -15.7643843000       -1.2123624006    4.8365371240E-05    4.6131544530E-05    2.2338267101E-06
     38973.9540053426      -15.6643843000       -1.2014889076    4.7946872378E-05    4.5714648700E-05    2.2322236776E-06
     38974.0540053426      -15.5643843000       -1.1905161958    4.7533310403E-05    4.5303170390E-05    2.2301400130E-06
     38974.1540053426      -15.4643843000       -1.1794413607    4.7123885187E-05    4.4896311373E-05    2.2275738135E-06
     38974.2540053426      -15.3643843000       -1.1682616348    4.6720112106E-05    4.4495595760E-05    2.2245163464E-06
     38974.3540053426      -15.2643843000       -1.1569737473    4.6320729642E-05    4.4099745756E-05    2.2209838860E-06
     38974.4540053426      -15.1643843000       -1.1455747332    4.5926095284E-05    4.3709125644E-05    2.2169696393E-06
     38974.5540053426      -15.0643843000       -1.1340611477    4.5535378825E-05    4.3322892098E-05    2.2124867277E-06
     38974.6540053426      -14.9643843000       -1.1224294177    4.5149509077E-05    4.2941980925E-05    2.2075281518E-06
     38974.7540053426      -14.8643843000       -1.1106758793    4.4767747624E-05    4.2565642498E-05    2.2021051261E-06
     38974.8540053426      -14.7643843000       -1.0987966719    4.4390251293E-05    4.2194042470E-05    2.1962088226E-06
     38974.9540053426      -14.6643843000       -1.0867876258    4.4016990987E-05    4.1827140602E-05    2.1898503857E-06
     38975.0540053426      -14.5643843000       -1.0746443882    4.3646986677E-05    4.1463951092E-05    2.1830355854E-06
     38975.1540053426      -14.4643843000       -1.0623623074    4.3281851341E-05    4.1106096050E-05    2.1757552909E-06
     38975.2540053426      -14.3643843000       -1.0499365615    4.2920077490E-05    4.0752042355E-05    2.1680351354E-06
     38975.3540053426      -14.2643843000       -1.0373620906    4.2561505262E-05    4.0401643179E-05    2.1598620834E-06
     38975.4540053426      -14.1643843000       -1.0246331595    4.2207388374E-05    4.0056144563E-05    2.1512438117E-06
     38975.5540053426      -14.0643843000       -1.0117441488    4.1856760951E-05    3.9714557909E-05    2.1422030420E-06
     38975.6540053426      -13.9643843000       -0.9986889138    4.1509186470E-05    3.9376464405E-05    2.1327220645E-06
     38975.7540053426      -13.8643843000       -0.9854606861    4.1164760326E-05    3.9041948774E-05    2.1228115519E-06
     38975.8540053426      -13.7643843000       -0.9720524034    4.0823904687E-05    3.8711418102E-05    2.1124865852E-06
     38975.9540053426      -13.6643843000       -0.9584566200    4.0486411523E-05    3.8384655577E-05    2.1017559461E-06
     38976.0540053426      -13.5643843000       -0.9446651558    4.0152048493E-05    3.8061423006E-05    2.0906254872E-06
     38976.1540053426      -13.4643843000       -0.9306692831    3.9820675702E-05    3.7741581105E-05    2.0790945970E-06
     38976.2540053426      -13.3643843000       -0.9164598109    3.9491871443E-05    3.7424686403E-05    2.0671850398E-06
     38976.3540053426      -13.2643843000       -0.9020264387    3.9166071802E-05    3.7111180829E-05    2.0548909731E-06
     38976.4540053426      -13.1643843000       -0.8873583607    3.8843870836E-05    3.6801627221E-05    2.0422436150E-06
     38976.5540053426      -13.0643843000       -0.8724437390    3.8523718700E-05    3.6494490309E-05    2.0292283911E-06
     38976.6540053426      -12.9643843000       -0.8572696437    3.8206383713E-05    3.6190515610E-05    2.0158681031E-06
     38976.7540053426      -12.8643843000       -0.8418220435    3.7892007543E-05    3.5889827257E-05    2.0021802853E-06
     38976.8540053426      -12.7643843000       -0.8260856597    3.7580382675E-05    3.5592218723E-05    1.9881639519E-06
     38976.9540053426      -12.6643843000       -0.8100436294    3.7270749554E-05    3.5296913109E-05    1.9738364446E-06
     38977.0540053426      -12.5643843000       -0.7936774527    3.6964018224E-05    3.5004808819E-05    1.9592094043E-06
     38977.1540053426      -12.4643843000       -0.7769666121    3.6659389962E-05    3.4715094625E-05    1.9442953371E-06
     38977.2540053426      -12.3643843000       -0.7598883343    3.6357351825E-05    3.4428245432E-05    1.9291063935E-06
     38977.3540053426      -12.2643843000       -0.7424172983    3.6057605771E-05    3.4143954787E-05    1.9136509834E-06
     38977.4540053426      -12.1643843000       -0.7245250921    3.5760624930E-05    3.3862670669E-05    1.8979542610E-06
     38977.5540053426      -12.0643843000       -0.7061796655    3.5465202031E-05    3.3583181886E-05    1.8820201452E-06
     38977.6540053426      -11.9643843000       -0.6873448074    3.5172499408E-05    3.3306641520E-05    1.8658578876E-06
     38977.7540053426      -11.8643843000       -0.6679791177    3.4881951386E-05    3.3032449693E-05    1.8495016929E-06
     38977.8540053426      -11.7643843000       -0.6480349265    3.4593547756E-05    3.2760599795E-05    1.8329479611E-06
     38977.9540053426      -11.6643843000       -0.6274570930    3.4307300843E-05    3.2491092149E-05    1.8162086942E-06
     38978.0540053426      -11.5643843000       -0.6061812003    3.4023254702E-05    3.2223940454E-05    1.7993142476E-06
     38978.1540053426      -11.4643843000       -0.5841308174    3.3741526631E-05    3.1959255445E-05    1.7822711863E-06
     38978.2540053426      -11.3643843000       -0.5612147089    3.3461763064E-05    3.1696664053E-05    1.7650990105E-06
     38978.3540053426      -11.2643843000       -0.5373221941    3.3183460644E-05    3.1435652967E-05    1.7478076774E-06
     38978.4540053426      -11.1643843000       -0.5123165798    3.2907685280E-05    3.1177270153E-05    1.7304151269E-06
     38978.5540053426      -11.0643843000       -0.4860262017    3.2634092135E-05    3.0921144368E-05    1.7129477667E-06
     38978.6540053426      -10.9643843000       -0.4582299055    3.2362360487E-05    3.0666951084E-05    1.6954094030E-06
     38978.7540053426      -10.8643843000       -0.4286348218    3.2091855251E-05    3.0414035060E-05    1.6778201907E-06
     38978.8540053426      -10.7643843000       -0.3968387263    3.1824415898E-05    3.0164212192E-05    1.6602037055E-06
     38978.9540053426      -10.6643843000       -0.3622625460    3.1558151015E-05    2.9915574080E-05    1.6425769354E-06
     38979.0540053426      -10.5643843000       -0.3240174632    3.1293183434E-05    2.9668229526E-05    1.6249539081E-06
     38979.1540053426      -10.4643843000       -0.2806073544    3.1029878733E-05    2.9422533667E-05    1.6073450655E-06
     38979.2540053426      -10.3643843000       -0.2291149527    3.0768215314E-05    2.9178477246E-05    1.5897380675E-06
     38979.3540053426      -10.2643843000       -0.1620087316    3.0506792672E-05    2.8934724101E-05    1.5720685709E-06
     38979.4540053426      -10.1643843000        0.0000000000    3.0242622908E-05    2.8688852171E-05    1.5537707371E-06
     38979.5540053426      -10.0643843000        0.1620087316    2.9986672700E-05    2.8453127100E-05    1.5335456008E-06
     38979.6540053426       -9.9643843000        0.2291149527    2.9736782701E-05    2.8222131516E-05    1.5146511854E-06
     38979.7540053426       -9.8643843000        0.2806073544    2.9489895380E-05    2.7993613685E-05    1.4962816953E-06
     38979.8540053426       -9.7643843000        0.3240174632    2.9245409567E-05    2.7767159855E-05    1.4782497127E-06
     38979.9540053426       -9.6643843000        0.3622625460    2.9003067678E-05    2.7542602696E-05    1.4604649821E-06
     38980.0540053426       -9.5643843000        0.3968387263    2.8762737235E-05    2.7319860729E-05    1.4428765066E-06
     38980.1540053426       -9.4643843000        0.4286348218    2.8524344553E-05    2.7098890791E-05    1.4254537627E-06
     38980.2540053426       -9.3643843000        0.4582299055    2.8287847410E-05    2.6879669046E-05    1.4081783646E-06
     38980.3540053426       -9.2643843000        0.4860262017    2.8053221728E-05    2.6662182081E-05    1.3910396461E-06
     38980.4540053426       -9.1643843000        0.5123165798    2.7820454351E-05    2.6446422314E-05    1.3740320369E-06
     38980.5540053426       -9.0643843000        0.5373221941    2.7589538856E-05    2.6232385471E-05    1.3571533850E-06
     38980.6540053426       -8.9643843000        0.5612147089    2.7360472993E-05    2.6020069163E-05    1.3404038301E-06
     38980.7540053426       -8.8643843000        0.5841308174    2.7133257080E-05    2.5809472055E-05    1.3237850248E-06
     38980.8540053426       -8.7643843000        0.6061812003    2.6907892972E-05    2.5600593386E-05    1.3072995865E-06
     38980.9540053426       -8.6643843000        0.6274570930    2.6684383387E-05    2.5393432678E-05    1.2909507092E-06
     38981.0540053426       -8.5643843000        0.6480349265    2.6462731458E-05    2.5187989570E-05    1.2747418881E-06
     38981.1540053426       -8.4643843000        0.6679791177    2.6242940438E-05    2.4984263712E-05    1.2586767251E-06
     38981.2540053426       -8.3643843000        0.6873448074    2.6025013497E-05    2.4782254705E-05    1.2427587923E-06
     38981.3540053426       -8.2643843000        0.7061796655    2.5808953590E-05    2.4581962051E-05    1.2269915388E-06
     38981.4540053426       -8.1643843000        0.7245250921    2.5594763355E-05    2.4383385127E-05    1.2113782276E-06
     38981.5540053426       -8.0643843000        0.7424172983    2.5382445050E-05    2.4186523155E-05    1.1959218947E-06
     38981.6540053426       -7.9643843000        0.7598883343    2.5172000503E-05    2.3991375178E-05    1.1806253246E-06
     38981.7540053426       -7.8643843000        0.7769666121    2.4963431075E-05    2.3797940038E-05    1.1654910368E-06
     38981.8540053426       -7.7643843000        0.7936774527    2.4756737636E-05    2.3606216355E-05    1.1505212807E-06
     38981.9540053426       -7.6643843000        0.8100436294    2.4551920536E-05    2.3416202500E-05    1.1357180360E-06
     38982.0540053426       -7.5643843000        0.8260856597    2.4348979600E-05    2.3227896582E-05    1.1210830174E-06
     38982.1540053426       -7.4643843000        0.8418220435    2.4147914102E-05    2.3041296421E-05    1.1066176812E-06
     38982.2540053426       -7.3643843000        0.8572696437    2.3948722768E-05    2.2856399533E-05    1.0923232352E-06
     38982.3540053426       -7.2643843000        0.8724437390    2.3751403759E-05    2.2673203111E-05    1.0782006478E-06
     38982.4540053426       -7.1643843000        0.8873583607    2.3555954669E-05    2.2491704009E-05    1.0642506598E-06
     38982.5540053426       -7.0643843000        0.9020264387    2.3362372526E-05    2.2311898731E-05    1.0504737948E-06
     38982.6540053426       -6.9643843000        0.9164598109    2.3170653786E-05    2.2133783415E-05    1.0368703713E-06
     38982.7540053426       -6.8643843000        0.9306692831    2.2980794339E-05    2.1957353826E-05    1.0234405133E-06
     38982.8540053426       -6.7643843000        0.9446651558    2.2792789508E-05    2.1782605346E-05    1.0101841621E-06
     38982.9540053426       -6.6643843000        0.9584566200    2.2606634058E-05    2.1609532971E-05    9.9710108709E-07
     38983.0540053426       -6.5643843000        0.9720524034    2.2422322198E-05    2.1438131302E-05    9.8419089661E-07
     38983.1540053426       -6.4643843000        0.9854606861    2.2239847595E-05    2.1268394547E-05    9.7145304820E-07
     38983.2540053426       -6.3643843000        0.9986889138    2.2059203379E-05    2.1100316520E-05    9.5888685892E-07
     38983.3540053426       -6.2643843000        1.0117441488    2.1880382155E-05    2.0933890640E-05    9.4649151504E-07
     38983.4540053426       -6.1643843000        1.0246331595    2.1703376018E-05    2.0769109937E-05    9.3426608153E-07
     38983.5540053426       -6.0643843000        1.0373620906    2.1528176564E-05    2.0605967052E-05    9.2220951109E-07
     38983.6540053426       -5.9643843000        1.0499365615    2.1354774901E-05    2.0444454249E-05    9.1032065288E-07
     38983.7540053426       -5.8643843000        1.0623623074    2.1183161674E-05    2.0284563413E-05    8.9859826085E-07
     38983.8540053426       -5.7643843000        1.0746443882    2.1013327070E-05    2.0126286068E-05    8.8704100172E-07
     38983.9540053426       -5.6643843000        1.0867876258    2.0845260842E-05    1.9969613380E-05    8.7564746258E-07
     38984.0540053426       -5.5643843000        1.0987966719    2.0678952324E-05    1.9814536166E-05    8.6441615814E-07
     38984.1540053426       -5.4643843000        1.1106758793    2.0514390447E-05    1.9661044909E-05    8.5334553763E-07
     38984.2540053426       -5.3643843000        1.1224294177    2.0351563760E-05    1.9509129768E-05    8.4243399135E-07
     38984.3540053426       -5.2643843000        1.1340611477    2.0190460446E-05    1.9358780589E-05    8.3167985685E-07
     38984.4540053426       -5.1643843000        1.1455747332    2.0031068343E-05    1.9209986919E-05    8.2108142482E-07
