# # Once                                                         FEFF 10.0.0 
# # POT  SCF  30  3.0000   0, NO core-hole, AFOLP (folp(0)= 1.150)
# # Abs   Z= 9 Rmt= 1.039 Rnm= 1.118 K  shell
# # Pot 1 Z=38 Rmt= 1.728 Rnm= 1.808
# # Pot 2 Z=24 Rmt= 1.285 Rnm= 1.470
# # Pot 3 Z= 9 Rmt= 1.039 Rnm= 1.118
# # Gam_ch=2.089E-01 H-L exch Vi= 0.000E+00 Vr= 0.000E+00
# # Mu=-8.132E+00eV kf=1.896E+00 Vint=-1.555E+01eV Rs_int= 1.913
# FMS rfms= 4.0000
# # PATH  Rmax= 0.100,  Keep_limit= 0.00, Heap_limit 0.00  Pwcrit= 2.50%
#  S02=1.000  Temp=   0.00  Debye_temp=   0.00  Global_sig2= 0.00000
#  Energy zero shift, vr, vi    0.00000E+00   0.00000E+00
#  Curved wave amplitude ratio filter   4.000%
#     file         sig2 tot  cw amp ratio   deg  nlegs   reff  inp sig2
#     0/   0 paths used
#  xsedge+ 50, used to normalize mu           1.0000E+00
#  -----------------------------------------------------------------------
#  omega    e    k    mu    mu0     chi     @#
       651.8658813200      -38.1320258000       -2.8060734827    2.9570467440E-05    2.9593368034E-05   -2.2900594095E-08
       651.9658813200      -38.0320258000       -2.8013927219    2.6698866908E-05    2.6732649382E-05   -3.3782474773E-08
       652.0658813200      -37.9320258000       -2.7967044314    2.4682728282E-05    2.4724031773E-05   -4.1303491859E-08
       652.1658813200      -37.8320258000       -2.7920079635    2.3488160418E-05    2.3533648363E-05   -4.5487944972E-08
       652.2658813200      -37.7320258000       -2.7873035823    2.2787461914E-05    2.2835034739E-05   -4.7572825083E-08
       652.3658813200      -37.6320258000       -2.7825912477    2.2360399191E-05    2.2408854822E-05   -4.8455631253E-08
       652.4658813200      -37.5320258000       -2.7778710724    2.2122532538E-05    2.2171125162E-05   -4.8592624202E-08
       652.5658813200      -37.4320258000       -2.7731428629    2.1994848672E-05    2.2043009001E-05   -4.8160328994E-08
       652.6658813200      -37.3320258000       -2.7684065780    2.1923571707E-05    2.1970906861E-05   -4.7335154147E-08
       652.7658813200      -37.2320258000       -2.7636620222    2.1902674774E-05    2.1948872348E-05   -4.6197573512E-08
       652.8658813200      -37.1320258000       -2.7589093071    2.1921343463E-05    2.1966151070E-05   -4.4807607349E-08
       652.9658813200      -37.0320258000       -2.7541485450    2.1974114792E-05    2.2017301708E-05   -4.3186916650E-08
       653.0658813200      -36.9320258000       -2.7493792296    2.2067364161E-05    2.2108733259E-05   -4.1369097701E-08
       653.1658813200      -36.8320258000       -2.7446019368    2.2166201937E-05    2.2205592546E-05   -3.9390609233E-08
       653.2658813200      -36.7320258000       -2.7398161586    2.2280461185E-05    2.2317630835E-05   -3.7169650174E-08
       653.3658813200      -36.6320258000       -2.7350221619    2.2421574731E-05    2.2456320231E-05   -3.4745499627E-08
       653.4658813200      -36.5320258000       -2.7302195915    2.2543060561E-05    2.2575169421E-05   -3.2108859533E-08
       653.5658813200      -36.4320258000       -2.7254087145    2.2689370121E-05    2.2718635091E-05   -2.9264970040E-08
       653.6658813200      -36.3320258000       -2.7205891738    2.2847444591E-05    2.2873644476E-05   -2.6199885113E-08
       653.7658813200      -36.2320258000       -2.7157610802    2.3015103814E-05    2.3038046754E-05   -2.2942940495E-08
       653.8658813200      -36.1320258000       -2.7109245448    2.3189059593E-05    2.3208428554E-05   -1.9368961282E-08
       653.9658813200      -36.0320258000       -2.7060793652    2.3355979802E-05    2.3371489971E-05   -1.5510168917E-08
       654.0658813200      -35.9320258000       -2.7012253372    2.3547223881E-05    2.3558606103E-05   -1.1382222447E-08
       654.1658813200      -35.8320258000       -2.6963627289    2.3747839779E-05    2.3754668067E-05   -6.8282879474E-09
       654.2658813200      -35.7320258000       -2.6914911773    2.3953346448E-05    2.3955328805E-05   -1.9823570284E-09
       654.3658813200      -35.6320258000       -2.6866107923    2.4147258682E-05    2.4143945603E-05    3.3130783239E-09
       654.4658813200      -35.5320258000       -2.6817216844    2.4347910831E-05    2.4338699849E-05    9.2109818913E-09
       654.5658813200      -35.4320258000       -2.6768236467    2.4570326612E-05    2.4554754209E-05    1.5572403685E-08
       654.6658813200      -35.3320258000       -2.6719164709    2.4784505164E-05    2.4761899771E-05    2.2605392870E-08
       654.7658813200      -35.2320258000       -2.6670003458    2.5003471414E-05    2.4972937999E-05    3.0533415265E-08
       654.8658813200      -35.1320258000       -2.6620749822    2.5230438640E-05    2.5191169802E-05    3.9268838369E-08
       654.9658813200      -35.0320258000       -2.6571408892    2.5467821387E-05    2.5418691946E-05    4.9129440928E-08
       655.0658813200      -34.9320258000       -2.6521972158    2.5729154465E-05    2.5668689352E-05    6.0465113025E-08
       655.1658813200      -34.8320258000       -2.6472443905    2.5979515784E-05    2.5906174557E-05    7.3341226710E-08
       655.2658813200      -34.7320258000       -2.6422825231    2.6220277694E-05    2.6131946727E-05    8.8330967795E-08
       655.3658813200      -34.6320258000       -2.6373109976    2.6484287614E-05    2.6378195057E-05    1.0609255753E-07
       655.4658813200      -34.5320258000       -2.6323304061    2.6759048124E-05    2.6631690534E-05    1.2735759038E-07
       655.5658813200      -34.4320258000       -2.6273402110    2.7030010070E-05    2.6876541781E-05    1.5346828939E-07
       655.6658813200      -34.3320258000       -2.6223404386    2.7330068704E-05    2.7143951178E-05    1.8611752654E-07
       655.7658813200      -34.2320258000       -2.6173310341    2.7646098448E-05    2.7417828444E-05    2.2827000362E-07
       655.8658813200      -34.1320258000       -2.6123121864    2.7964348504E-05    2.7679659031E-05    2.8468947258E-07
       655.9658813200      -34.0320258000       -2.6072836779    2.8307836691E-05    2.7944793423E-05    3.6304326841E-07
       656.0658813200      -33.9320258000       -2.6022454524    2.8695801795E-05    2.8217505578E-05    4.7829621620E-07
       656.1658813200      -33.8320258000       -2.5971975353    2.9158896412E-05    2.8498375677E-05    6.6052073410E-07
       656.2658813200      -33.7320258000       -2.5921397059    2.9769318100E-05    2.8789968356E-05    9.7934974426E-07
       656.3658813200      -33.6320258000       -2.5870719882    3.0731045078E-05    2.9103788143E-05    1.6272569348E-06
       656.4658813200      -33.5320258000       -2.5819943241    3.2622289863E-05    2.9403851860E-05    3.2184380034E-06
       656.5658813200      -33.4320258000       -2.5769064895    3.6149888036E-05    2.9677485802E-05    6.4724022337E-06
       656.6658813200      -33.3320258000       -2.5718088379    4.0067557549E-05    2.9990169975E-05    1.0077387574E-05
       656.7658813200      -33.2320258000       -2.5667009792    4.1319128958E-05    3.0317230098E-05    1.1001898860E-05
       656.8658813200      -33.1320258000       -2.5615830183    3.9503362952E-05    3.0650063557E-05    8.8532993948E-06
       656.9658813200      -33.0320258000       -2.5564546449    3.5622464002E-05    3.0972543955E-05    4.6499200474E-06
       657.0658813200      -32.9320258000       -2.5513159630    3.3532177463E-05    3.1300686693E-05    2.2314907695E-06
       657.1658813200      -32.8320258000       -2.5461671610    3.2930402281E-05    3.1636384588E-05    1.2940176929E-06
       657.2658813200      -32.7320258000       -2.5410077586    3.2858338748E-05    3.1980783617E-05    8.7755513132E-07
       657.3658813200      -32.6320258000       -2.5358376910    3.2993498975E-05    3.2332578103E-05    6.6092087196E-07
       657.4658813200      -32.5320258000       -2.5306573135    3.3217597282E-05    3.2680961857E-05    5.3663542544E-07
       657.5658813200      -32.4320258000       -2.5254661412    3.3528104811E-05    3.3066917491E-05    4.6118732031E-07
       657.6658813200      -32.3320258000       -2.5202643607    3.3845073269E-05    3.3430784660E-05    4.1428860959E-07
       657.7658813200      -32.2320258000       -2.5150517369    3.4184552844E-05    3.3799392011E-05    3.8516083254E-07
       657.8658813200      -32.1320258000       -2.5098283720    3.4545870849E-05    3.4177954511E-05    3.6791633783E-07
       657.9658813200      -32.0320258000       -2.5045941987    3.4928752675E-05    3.4569554678E-05    3.5919799694E-07
       658.0658813200      -31.9320258000       -2.4993488936    3.5342006627E-05    3.4985272694E-05    3.5673393279E-07
       658.1658813200      -31.8320258000       -2.4940928131    3.5739551704E-05    3.5380441503E-05    3.5911020110E-07
       658.2658813200      -31.7320258000       -2.4888252905    3.6164684106E-05    3.5799289674E-05    3.6539443184E-07
       658.3658813200      -31.6320258000       -2.4835469384    3.6600645097E-05    3.6225724394E-05    3.7492070236E-07
       658.4658813200      -31.5320258000       -2.4782570866    3.7019599069E-05    3.6632405973E-05    3.8719309664E-07
       658.5658813200      -31.4320258000       -2.4729559193    3.7481699407E-05    3.7079509030E-05    4.0219037726E-07
       658.6658813200      -31.3320258000       -2.4676435363    3.7943104972E-05    3.7523533799E-05    4.1957117273E-07
       658.7658813200      -31.2320258000       -2.4623194326    3.8404563309E-05    3.7965286251E-05    4.3927705819E-07
       658.8658813200      -31.1320258000       -2.4569840519    3.8908961211E-05    3.8447808224E-05    4.6115298691E-07
       658.9658813200      -31.0320258000       -2.4516369733    3.9398144874E-05    3.8913110804E-05    4.8503407031E-07
       659.0658813200      -30.9320258000       -2.4462782070    3.9900943648E-05    3.9389455019E-05    5.1148862913E-07
       659.1658813200      -30.8320258000       -2.4409076762    4.0434028781E-05    3.9893706891E-05    5.4032189003E-07
       659.2658813200      -30.7320258000       -2.4355253029    4.0966171053E-05    4.0394542907E-05    5.7162814666E-07
       659.3658813200      -30.6320258000       -2.4301309209    4.1496484191E-05    4.0891172003E-05    6.0531218753E-07
       659.4658813200      -30.5320258000       -2.4247248012    4.2059098963E-05    4.1417329460E-05    6.4176950302E-07
       659.5658813200      -30.4320258000       -2.4193062492    4.2637460875E-05    4.1956187019E-05    6.8127385609E-07
       659.6658813200      -30.3320258000       -2.4138756222    4.3201276939E-05    4.2477443288E-05    7.2383365099E-07
       659.7658813200      -30.2320258000       -2.4084330151    4.3800500180E-05    4.3030600809E-05    7.6989937116E-07
       659.8658813200      -30.1320258000       -2.4029778151    4.4434702079E-05    4.3615254191E-05    8.1944788739E-07
       659.9658813200      -30.0320258000       -2.3975102026    4.5056350392E-05    4.4183376335E-05    8.7297405668E-07
       660.0658813200      -29.9320258000       -2.3920302705    4.5693789539E-05    4.4762967090E-05    9.3082244901E-07
       660.1658813200      -29.8320258000       -2.3865376662    4.6354165971E-05    4.5360709399E-05    9.9345657142E-07
       660.2658813200      -29.7320258000       -2.3810323916    4.7037874962E-05    4.5976557913E-05    1.0613170488E-06
       660.3658813200      -29.6320258000       -2.3755143584    4.7743540951E-05    4.6608601521E-05    1.1349394305E-06
       660.4658813200      -29.5320258000       -2.3699834777    4.8456364493E-05    4.7241423850E-05    1.2149406426E-06
       660.5658813200      -29.4320258000       -2.3644394792    4.9191302663E-05    4.7889233346E-05    1.3020693175E-06
       660.6658813200      -29.3320258000       -2.3588827215    4.9939644469E-05    4.8542655852E-05    1.3969886174E-06
       660.7658813200      -29.2320258000       -2.3533128430    5.0735079470E-05    4.9234398257E-05    1.5006812126E-06
       660.8658813200      -29.1320258000       -2.3477296596    5.1563189947E-05    4.9949081226E-05    1.6141087213E-06
       660.9658813200      -29.0320258000       -2.3421329852    5.2406884231E-05    5.0668669881E-05    1.7382143500E-06
       661.0658813200      -28.9320258000       -2.3365232696    5.3274487403E-05    5.1399477380E-05    1.8750100232E-06
       661.1658813200      -28.8320258000       -2.3308997793    5.4235210888E-05    5.2209426491E-05    2.0257843974E-06
       661.2658813200      -28.7320258000       -2.3252627805    5.5165324276E-05    5.2973224748E-05    2.1920995284E-06
       661.3658813200      -28.6320258000       -2.3196119913    5.6004272699E-05    5.3627795863E-05    2.3764768364E-06
       661.4658813200      -28.5320258000       -2.3139474946    5.6911532908E-05    5.4329604674E-05    2.5819282347E-06
       661.5658813200      -28.4320258000       -2.3082690972    5.8028993603E-05    5.5218145291E-05    2.8108483122E-06
       661.6658813200      -28.3320258000       -2.3025766039    5.9057263700E-05    5.5989814773E-05    3.0674489269E-06
       661.7658813200      -28.2320258000       -2.2968702805    6.0154715235E-05    5.6798301260E-05    3.3564139749E-06
       661.8658813200      -28.1320258000       -2.2911494664    6.1481728910E-05    5.7799304049E-05    3.6824248613E-06
       661.9658813200      -28.0320258000       -2.2854144252    6.2752966857E-05    5.8700535994E-05    4.0524308635E-06
       662.0658813200      -27.9320258000       -2.2796650495    6.4228721198E-05    5.9754166796E-05    4.4745544020E-06
       662.1658813200      -27.8320258000       -2.2739009498    6.5603520787E-05    6.0644969600E-05    4.9585511869E-06
       662.2658813200      -27.7320258000       -2.2681222954    6.6907236681E-05    6.1389080834E-05    5.5181558467E-06
       662.3658813200      -27.6320258000       -2.2623289748    6.8517415777E-05    6.2348646393E-05    6.1687693839E-06
       662.4658813200      -27.5320258000       -2.2565204976    7.0460736787E-05    6.3529433444E-05    6.9313033430E-06
       662.5658813200      -27.4320258000       -2.2506972195    7.2411114033E-05    6.4579293928E-05    7.8318201043E-06
       662.6658813200      -27.3320258000       -2.2448588355    7.4417219082E-05    6.5512262141E-05    8.9049569411E-06
       662.7658813200      -27.2320258000       -2.2390053225    7.6983826686E-05    6.6783467282E-05    1.0200359404E-05
       662.8658813200      -27.1320258000       -2.2331362757    7.9708094146E-05    6.7927156208E-05    1.1780937939E-05
       662.9658813200      -27.0320258000       -2.2272519546    8.2640316059E-05    6.8905160942E-05    1.3735155117E-05
       663.0658813200      -26.9320258000       -2.2213517586    8.6116665779E-05    6.9923600276E-05    1.6193065503E-05
       663.1658813200      -26.8320258000       -2.2154361373    9.0519220757E-05    7.1177872212E-05    1.9341348544E-05
       663.2658813200      -26.7320258000       -2.2095044852    9.5975890396E-05    7.2512468167E-05    2.3463422229E-05
       663.3658813200      -26.6320258000       -2.2035570592    1.0287634208E-04    7.3873548366E-05    2.9002793715E-05
       663.4658813200      -26.5320258000       -2.1975933439    1.1178815630E-04    7.5099706408E-05    3.6688449893E-05
       663.5658813200      -26.4320258000       -2.1916134975    1.2415020614E-04    7.6370984241E-05    4.7779221904E-05
       663.6658813200      -26.3320258000       -2.1856171930    1.4246227623E-04    7.7845971858E-05    6.4616304370E-05
       663.7658813200      -26.2320258000       -2.1796046850    1.7114160724E-04    7.9220774787E-05    9.1920832456E-05
       663.8658813200      -26.1320258000       -2.1735752517    2.2100543196E-04    8.0627394439E-05    1.4037803752E-04
       663.9658813200      -26.0320258000       -2.1675291445    3.2030081823E-04    8.2091059586E-05    2.3820975865E-04
       664.0658813200      -25.9320258000       -2.1614661250    5.6023206136E-04    8.3621483560E-05    4.7661057780E-04
       664.1658813200      -25.8320258000       -2.1553860506    1.2364508083E-03    8.5220120001E-05    1.1512306883E-03
       664.2658813200      -25.7320258000       -2.1492887764    2.0815439927E-03    8.6882528138E-05    1.9946614645E-03
       664.3658813200      -25.6320258000       -2.1431739571    1.4595791754E-03    8.8584733451E-05    1.3709944419E-03
       664.4658813200      -25.5320258000       -2.1370418405    6.7045445305E-04    9.0184868572E-05    5.8026958448E-04
       664.5658813200      -25.4320258000       -2.1308920774    3.6743357839E-04    9.1888196654E-05    2.7554538174E-04
       664.6658813200      -25.3320258000       -2.1247246148    2.5079871702E-04    9.3982740707E-05    1.5681597632E-04
       664.7658813200      -25.2320258000       -2.1185389966    1.9623612895E-04    9.5847649741E-05    1.0038847921E-04
       664.8658813200      -25.1320258000       -2.1123354666    1.6719794178E-04    9.7743189660E-05    6.9454752117E-05
       664.9658813200      -25.0320258000       -2.1061134621    1.5044580522E-04    9.9713200499E-05    5.0732604717E-05
       665.0658813200      -24.9320258000       -2.0998731230    1.4033469705E-04    1.0176787336E-04    3.8566823693E-05
       665.1658813200      -24.8320258000       -2.0936141837    1.3412194549E-04    1.0389839854E-04    3.0223546949E-05
       665.2658813200      -24.7320258000       -2.0873364768    1.3023363448E-04    1.0597941753E-04    2.4254216953E-05
       665.3658813200      -24.6320258000       -2.0810399349    1.2815789402E-04    1.0832201747E-04    1.9835876551E-05
       665.4658813200      -24.5320258000       -2.0747241812    1.2725105194E-04    1.1077503383E-04    1.6476018107E-05
       665.5658813200      -24.4320258000       -2.0683890398    1.2701494457E-04    1.1315445180E-04    1.3860492769E-05
       665.6658813200      -24.3320258000       -2.0620345383    1.2740376622E-04    1.1561949543E-04    1.1784270799E-05
       665.7658813200      -24.2320258000       -2.0556603938    1.2828865168E-04    1.1818186405E-04    1.0106787630E-05
       665.8658813200      -24.1320258000       -2.0492663191    1.2945352958E-04    1.2072070149E-04    8.7328280876E-06
       665.9658813200      -24.0320258000       -2.0428523353    1.3115437771E-04    1.2356220902E-04    7.5921686895E-06
       666.0658813200      -23.9320258000       -2.0364182544    1.3318770031E-04    1.2655358875E-04    6.6341115636E-06
       666.1658813200      -23.8320258000       -2.0299635708    1.3534591380E-04    1.2952377743E-04    5.8221363680E-06
       666.2658813200      -23.7320258000       -2.0234882976    1.3774846903E-04    1.3262102428E-04    5.1274447512E-06
       666.3658813200      -23.6320258000       -2.0169923421    1.4040800955E-04    1.3587913523E-04    4.5288743178E-06
       666.4658813200      -23.5320258000       -2.0104753979    1.4328395271E-04    1.3927565039E-04    4.0083023192E-06
       666.5658813200      -23.4320258000       -2.0039373664    1.4622528298E-04    1.4267311185E-04    3.5521711361E-06
       666.6658813200      -23.3320258000       -1.9973778275    1.4936854503E-04    1.4621845423E-04    3.1500907980E-06
       666.7658813200      -23.2320258000       -1.9907966756    1.5272508761E-04    1.4993036731E-04    2.7947202988E-06
       666.8658813200      -23.1320258000       -1.9841936954    1.5615822826E-04    1.5367893362E-04    2.4792946371E-06
       666.9658813200      -23.0320258000       -1.9775686684    1.5981999147E-04    1.5762297922E-04    2.1970122585E-06
       667.0658813200      -22.9320258000       -1.9709213723    1.6375588921E-04    1.6181019351E-04    1.9456957009E-06
       667.1658813200      -22.8320258000       -1.9642514726    1.6794786801E-04    1.6622904523E-04    1.7188227771E-06
       667.2658813200      -22.7320258000       -1.9575590644    1.7225109658E-04    1.7073611917E-04    1.5149774109E-06
       667.3658813200      -22.6320258000       -1.9508434797    1.7682594251E-04    1.7549570079E-04    1.3302417148E-06
       667.4658813200      -22.5320258000       -1.9441048068    1.8169005367E-04    1.8052506598E-04    1.1649876911E-06
       667.5658813200      -22.4320258000       -1.9373425850    1.8668904293E-04    1.8567434220E-04    1.0147007261E-06
       667.6658813200      -22.3320258000       -1.9305568976    1.9196718982E-04    1.9108773363E-04    8.7945619429E-07
       667.7658813200      -22.2320258000       -1.9237471643    1.9738288186E-04    1.9662274632E-04    7.6013554017E-07
       667.8658813200      -22.1320258000       -1.9169132400    2.0297336856E-04    2.0232053175E-04    6.5283680860E-07
       667.9658813200      -22.0320258000       -1.9100548649    2.0895513513E-04    2.0839642300E-04    5.5871212722E-07
       668.0658813200      -21.9320258000       -1.9031716630    2.1536158155E-04    2.1488482540E-04    4.7675614644E-07
       668.1658813200      -21.8320258000       -1.8962635883    2.2218159874E-04    2.2177358826E-04    4.0801048489E-07
       668.2658813200      -21.7320258000       -1.8893303116    2.2909009769E-04    2.2874292160E-04    3.4717609074E-07
       668.3658813200      -21.6320258000       -1.8823713850    2.3630258946E-04    2.3600027321E-04    3.0231625571E-07
       668.4658813200      -21.5320258000       -1.8753866931    2.4415785982E-04    2.4389014358E-04    2.6771623425E-07
       668.5658813200      -21.4320258000       -1.8683758899    2.5224713931E-04    2.5199491809E-04    2.5222122003E-07
       668.6658813200      -21.3320258000       -1.8613385661    2.6076456320E-04    2.6050838940E-04    2.5617380098E-07
       668.7658813200      -21.2320258000       -1.8542747067    2.7001410442E-04    2.6974597903E-04    2.6812538959E-07
       668.8658813200      -21.1320258000       -1.8471837768    2.7944408354E-04    2.7914711407E-04    2.9696946363E-07
       668.9658813200      -21.0320258000       -1.8400654635    2.8940758289E-04    2.8906129059E-04    3.4629230285E-07
       669.0658813200      -20.9320258000       -1.8329196219    3.0028614855E-04    2.9986092073E-04    4.2522781355E-07
       669.1658813200      -20.8320258000       -1.8257456956    3.1150752618E-04    3.1098731003E-04    5.2021615719E-07
       669.2658813200      -20.7320258000       -1.8185434692    3.2342656852E-04    3.2277355860E-04    6.5300992416E-07
       669.3658813200      -20.6320258000       -1.8113126640    3.3613617175E-04    3.3533200690E-04    8.0416484747E-07
       669.4658813200      -20.5320258000       -1.8040528774    3.4972535898E-04    3.4872221812E-04    1.0031408648E-06
       669.5658813200      -20.4320258000       -1.7967637579    3.6408866790E-04    3.6283404104E-04    1.2546268563E-06
       669.6658813200      -20.3320258000       -1.7894449472    3.7918401087E-04    3.7763840575E-04    1.5456051221E-06
       669.7658813200      -20.2320258000       -1.7820960198    3.9561012417E-04    3.9370953869E-04    1.9005854740E-06
       669.8658813200      -20.1320258000       -1.7747167214    4.1320135078E-04    4.1086404534E-04    2.3373054364E-06
       669.9658813200      -20.0320258000       -1.7673066114    4.3188195034E-04    4.2903867198E-04    2.8432783604E-06
       670.0658813200      -19.9320258000       -1.7598653006    4.5194350771E-04    4.4849122336E-04    3.4522843499E-06
       670.1658813200      -19.8320258000       -1.7523924522    4.7342124856E-04    4.6924673788E-04    4.1745106790E-06
       670.2658813200      -19.7320258000       -1.7448874780    4.9654780237E-04    4.9150006230E-04    5.0477400699E-06
       670.3658813200      -19.6320258000       -1.7373500231    5.2163106086E-04    5.1557095361E-04    6.0601072462E-06
       670.4658813200      -19.5320258000       -1.7297798473    5.4854088971E-04    5.4123711462E-04    7.3037750923E-06
       670.5658813200      -19.4320258000       -1.7221764574    5.7782361632E-04    5.6903008132E-04    8.7935350002E-06
       670.6658813200      -19.3320258000       -1.7145392874    6.0963423149E-04    5.9908515194E-04    1.0549079551E-05
       670.7658813200      -19.2320258000       -1.7068679461    6.4412925443E-04    6.3142828418E-04    1.2700970252E-05
       670.8658813200      -19.1320258000       -1.6991619081    6.8197933548E-04    6.6673527259E-04    1.5244062899E-05
       670.9658813200      -19.0320258000       -1.6914208250    7.2351966241E-04    7.0515374264E-04    1.8365919773E-05
       671.0658813200      -18.9320258000       -1.6836440871    7.6925370137E-04    7.4710880174E-04    2.2144899633E-05
       671.1658813200      -18.8320258000       -1.6758313884    8.1953994360E-04    7.9282576842E-04    2.6714175172E-05
       671.2658813200      -18.7320258000       -1.6679819684    8.7515841917E-04    8.4279438638E-04    3.2364032798E-05
       671.3658813200      -18.6320258000       -1.6600954986    9.3709921865E-04    8.9777108046E-04    3.9328138191E-05
       671.4658813200      -18.5320258000       -1.6521713195    1.0064796199E-03    9.5837341717E-04    4.8106202742E-05
       671.5658813200      -18.4320258000       -1.6442090801    1.0843185076E-03    1.0254748164E-03    5.8843691132E-05
       671.6658813200      -18.3320258000       -1.6362080298    1.1726875402E-03    1.1000626554E-03    7.2624884753E-05
       671.7658813200      -18.2320258000       -1.6281675962    1.2740725640E-03    1.1832352473E-03    9.0837316752E-05
       671.8658813200      -18.1320258000       -1.6200872587    1.3891286093E-03    1.2763061156E-03    1.1282249366E-04
       671.9658813200      -18.0320258000       -1.6119665493    1.5216906798E-03    1.3809140036E-03    1.4077667618E-04
       672.0658813200      -17.9320258000       -1.6038045893    1.6770492878E-03    1.4991071339E-03    1.7794215386E-04
       672.1658813200      -17.8320258000       -1.5956009458    1.8610749552E-03    1.6334845584E-03    2.2759039678E-04
       672.2658813200      -17.7320258000       -1.5873549054    2.0818213802E-03    1.7870249148E-03    2.9479646540E-04
       672.3658813200      -17.6320258000       -1.5790658039    2.3494121664E-03    1.9633064751E-03    3.8610569125E-04
       672.4658813200      -17.5320258000       -1.5707329596    2.6830841497E-03    2.1676357707E-03    5.1544837898E-04
       672.5658813200      -17.4320258000       -1.5623556045    3.1062740322E-03    2.4060217764E-03    7.0025225578E-04
       672.6658813200      -17.3320258000       -1.5539332242    3.6611406653E-03    2.6865495645E-03    9.7459110072E-04
       672.7658813200      -17.2320258000       -1.5454648759    4.4176890336E-03    3.0198600048E-03    1.3978290288E-03
       672.8658813200      -17.1320258000       -1.5369497306    5.5035762809E-03    3.4199703640E-03    2.0836059170E-03
       672.9658813200      -17.0320258000       -1.5283873543    7.1766333010E-03    3.9063253229E-03    3.2703079781E-03
       673.0658813200      -16.9320258000       -1.5197766685    1.0100576764E-02    4.5055674914E-03    5.5950092729E-03
       673.1658813200      -16.8320258000       -1.5111168475    1.5453045664E-02    5.2558622068E-03    1.0197183457E-02
       673.2658813200      -16.7320258000       -1.5024071833    2.8387770105E-02    6.2126885139E-03    2.2175081591E-02
       673.3658813200      -16.6320258000       -1.4936466613    6.2024690308E-02    7.4598827472E-03    5.4564807561E-02
       673.4658813200      -16.5320258000       -1.4848345966    8.4611804401E-02    9.1279312724E-03    7.5483873128E-02
       673.5658813200      -16.4320258000       -1.4759697774    6.5249437537E-02    1.1430462884E-02    5.3818974653E-02
       673.6658813200      -16.3320258000       -1.4670513925    4.8777194516E-02    1.4733907615E-02    3.4043286901E-02
       673.7658813200      -16.2320258000       -1.4580786051    4.8360454057E-02    1.9715700019E-02    2.8644754037E-02
       673.8658813200      -16.1320258000       -1.4490501841    6.1468041808E-02    2.7734443911E-02    3.3733597896E-02
       673.9658813200      -16.0320258000       -1.4399650831    8.4832889928E-02    4.1825191725E-02    4.3007698203E-02
       674.0658813200      -15.9320258000       -1.4308223713    9.7051134685E-02    6.9909092437E-02    2.7142042248E-02
       674.1658813200      -15.8320258000       -1.4216208621    9.9576003294E-02    1.3718998268E-01   -3.7613979385E-02
       674.2658813200      -15.7320258000       -1.4123593311    7.3066325466E-02    3.2676672619E-01   -2.5370040072E-01
       674.3658813200      -15.6320258000       -1.4030367413    8.2906022370E-02    6.0053602171E-01   -5.1762999934E-01
       674.4658813200      -15.5320258000       -1.3936517912    4.5301532210E-02    4.3997337198E-01   -3.9467183977E-01
       674.5658813200      -15.4320258000       -1.3842032890    4.0995406919E-02    1.9026854113E-01   -1.4927313421E-01
       674.6658813200      -15.3320258000       -1.3746896148    6.6578218868E-02    9.7599438358E-02   -3.1021219490E-02
       674.7658813200      -15.2320258000       -1.3651097958    9.9098214112E-02    6.1478090142E-02    3.7620123970E-02
       674.8658813200      -15.1320258000       -1.3554622724    1.3164280326E-01    4.4009671614E-02    8.7633131648E-02
       674.9658813200      -15.0320258000       -1.3457455886    1.8791681301E-01    3.4188552866E-02    1.5372826015E-01
       675.0658813200      -14.9320258000       -1.3359582354    2.8083554031E-01    2.8058741211E-02    2.5277679910E-01
       675.1658813200      -14.8320258000       -1.3260986079    2.6675210651E-01    2.3934405612E-02    2.4281770090E-01
       675.2658813200      -14.7320258000       -1.3161652030    1.8146875392E-01    2.0998039097E-02    1.6047071482E-01
       675.3658813200      -14.6320258000       -1.3061560932    1.3284927807E-01    1.8813525829E-02    1.1403575224E-01
       675.4658813200      -14.5320258000       -1.2960698529    7.8615217317E-02    1.7130203998E-02    6.1485013319E-02
       675.5658813200      -14.4320258000       -1.2859044190    4.6188640529E-02    1.5796107242E-02    3.0392533287E-02
       675.6658813200      -14.3320258000       -1.2756579815    2.9938292632E-02    1.4713271928E-02    1.5225020705E-02
       675.7658813200      -14.2320258000       -1.2653286568    2.0538646618E-02    1.3817044733E-02    6.7216018844E-03
       675.8658813200      -14.1320258000       -1.2549141860    1.6128728748E-02    1.3063324133E-02    3.0654046145E-03
       675.9658813200      -14.0320258000       -1.2444126452    1.2878070014E-02    1.2419697977E-02    4.5837203740E-04
       676.0658813200      -13.9320258000       -1.2338217681    1.0538318756E-02    1.1863844787E-02   -1.3255260309E-03
       676.1658813200      -13.8320258000       -1.2231391035    8.8088756702E-03    1.1378214185E-02   -2.5693385144E-03
       676.2658813200      -13.7320258000       -1.2123624006    7.4939828229E-03    1.0950498375E-02   -3.4565155525E-03
       676.3658813200      -13.6320258000       -1.2014889076    6.4684004241E-03    1.0569687343E-02   -4.1012869190E-03
       676.4658813200      -13.5320258000       -1.1905161958    5.6531034481E-03    1.0229273180E-02   -4.5761697322E-03
       676.5658813200      -13.4320258000       -1.1794413607    4.9931117959E-03    9.9220787294E-03   -4.9289669335E-03
       676.6658813200      -13.3320258000       -1.1682616348    4.4513544582E-03    9.6435083451E-03   -5.1921538869E-03
       676.7658813200      -13.2320258000       -1.1569737473    4.0005795034E-03    9.3896237830E-03   -5.3890442795E-03
       676.8658813200      -13.1320258000       -1.1455747332    3.6214499996E-03    9.1571519201E-03   -5.5357019205E-03
       676.9658813200      -13.0320258000       -1.1340611477    3.2993976453E-03    8.9432721738E-03   -5.6438745285E-03
       677.0658813200      -12.9320258000       -1.1224294177    3.0210778010E-03    8.7457582137E-03   -5.7246804128E-03
       677.1658813200      -12.8320258000       -1.1106758793    2.7841473638E-03    8.5628653979E-03   -5.7787180342E-03
       677.2658813200      -12.7320258000       -1.0987966719    2.5822487960E-03    8.3926574273E-03   -5.8104086313E-03
       677.3658813200      -12.6320258000       -1.0867876258    2.4040008775E-03    8.2338423826E-03   -5.8298415050E-03
       677.4658813200      -12.5320258000       -1.0746443882    2.2476824185E-03    8.0855907003E-03   -5.8379082818E-03
       677.5658813200      -12.4320258000       -1.0623623074    2.1098123570E-03    7.9462634897E-03   -5.8364511327E-03
       677.6658813200      -12.3320258000       -1.0499365615    1.9878919501E-03    7.8150835284E-03   -5.8271915783E-03
       677.7658813200      -12.2320258000       -1.0373620906    1.8799814245E-03    7.6915392668E-03   -5.8115578423E-03
       677.8658813200      -12.1320258000       -1.0246331595    1.7844111215E-03    7.5749996990E-03   -5.7905885774E-03
       677.9658813200      -12.0320258000       -1.0117441488    1.6994735842E-03    7.4646839772E-03   -5.7652103931E-03
       678.0658813200      -11.9320258000       -0.9986889138    1.6238375846E-03    7.3600081133E-03   -5.7361705286E-03
       678.1658813200      -11.8320258000       -0.9854606861    1.5567375543E-03    7.2606480731E-03   -5.7039105188E-03
       678.2658813200      -11.7320258000       -0.9720524034    1.4969940032E-03    7.1659126872E-03   -5.6689186840E-03
       678.3658813200      -11.6320258000       -0.9584566200    1.4442659291E-03    7.0758617754E-03   -5.6315958463E-03
       678.4658813200      -11.5320258000       -0.9446651558    1.3977495519E-03    6.9899609532E-03   -5.5922114013E-03
       678.5658813200      -11.4320258000       -0.9306692831    1.3567837623E-03    6.9076251186E-03   -5.5508413564E-03
       678.6658813200      -11.3320258000       -0.9164598109    1.3211112726E-03    6.8289089311E-03   -5.5077976585E-03
       678.7658813200      -11.2320258000       -0.9020264387    1.2903199010E-03    6.7533433357E-03   -5.4630234347E-03
       678.8658813200      -11.1320258000       -0.8873583607    1.2643588670E-03    6.6809640813E-03   -5.4166052143E-03
       678.9658813200      -11.0320258000       -0.8724437390    1.2428225984E-03    6.6113384727E-03   -5.3685158743E-03
       679.0658813200      -10.9320258000       -0.8572696437    1.2252581867E-03    6.5439982233E-03   -5.3187400366E-03
       679.1658813200      -10.8320258000       -0.8418220435    1.2121869120E-03    6.4793251363E-03   -5.2671382242E-03
       679.2658813200      -10.7320258000       -0.8260856597    1.2036640526E-03    6.4172119192E-03   -5.2135478666E-03
       679.3658813200      -10.6320258000       -0.8100436294    1.1991035888E-03    6.3568713332E-03   -5.1577677444E-03
       679.4658813200      -10.5320258000       -0.7936774527    1.1987018444E-03    6.2982635829E-03   -5.0995617385E-03
       679.5658813200      -10.4320258000       -0.7769666121    1.2030136901E-03    6.2415076587E-03   -5.0384939685E-03
       679.6658813200      -10.3320258000       -0.7598883343    1.2123073889E-03    6.1865337973E-03   -4.9742264083E-03
       679.7658813200      -10.2320258000       -0.7424172983    1.2269206315E-03    6.1331086793E-03   -4.9061880478E-03
       679.8658813200      -10.1320258000       -0.7245250921    1.2471566623E-03    6.0808130106E-03   -4.8336563483E-03
       679.9658813200      -10.0320258000       -0.7061796655    1.2741012409E-03    6.0298091123E-03   -4.7557078715E-03
       680.0658813000       -9.9320258200       -0.6873448074    1.3085292064E-03    5.9798235630E-03   -4.6712943566E-03
       680.1658813000       -9.8320258200       -0.6679791177    1.3517872482E-03    5.9307457581E-03   -4.5789585099E-03
       680.2658813000       -9.7320258200       -0.6480349265    1.4055485047E-03    5.8823694470E-03   -4.4768209423E-03
       680.3658813000       -9.6320258200       -0.6274570930    1.4720067189E-03    5.8344600863E-03   -4.3624533674E-03
       680.4658813000       -9.5320258200       -0.6061812003    1.5541940167E-03    5.7867619628E-03   -4.2325679461E-03
       680.5658813000       -9.4320258200       -0.5841308174    1.6561757277E-03    5.7389958164E-03   -4.0828200886E-03
       680.6658813000       -9.3320258200       -0.5612147089    1.7833819234E-03    5.6908642535E-03   -3.9074823301E-03
       680.7658813000       -9.2320258200       -0.5373221941    1.9431063062E-03    5.6418453792E-03   -3.6987390730E-03
       680.8658813000       -9.1320258200       -0.5123165798    2.1444304215E-03    5.5912487714E-03   -3.4468183499E-03
       680.9658813000       -9.0320258200       -0.4860262017    2.3975171046E-03    5.5382259435E-03   -3.1407088389E-03
       681.0658813000       -8.9320258200       -0.4582299055    2.7103571026E-03    5.4814841603E-03   -2.7711270578E-03
       681.1658813000       -8.8320258200       -0.4286348218    3.0839786943E-03    5.4189697809E-03   -2.3349910866E-03
       681.2658813000       -8.7320258200       -0.3968387263    3.5252562586E-03    5.3473607667E-03   -1.8221045081E-03
       681.3658813000       -8.6320258200       -0.3622625460    4.1269972142E-03    5.2609816092E-03   -1.1339843951E-03
       681.4658813000       -8.5320258200       -0.3240174632    5.2248269281E-03    5.1487877262E-03    7.6039201895E-05
       681.5658813000       -8.4320258200       -0.2806073544    7.3409931752E-03    4.9866653790E-03    2.3543277962E-03
       681.6658813000       -8.3320258200       -0.2291149527    9.6158663927E-03    4.7130670788E-03    4.9027993139E-03
       681.7658813000       -8.2320258200       -0.1620087316    8.9836755960E-03    4.1373631767E-03    4.8463124193E-03
       681.8658813000       -8.1320258200        0.0000000000    5.5614440968E-03    2.8241257226E-03    2.7373183742E-03
       681.9658813000       -8.0320258200        0.1620087316    2.6178259176E-03    1.5180488855E-03    1.0997770322E-03
       682.0658813000       -7.9320258200        0.2291149527    1.4675462662E-03    9.5770262402E-04    5.0984364216E-04
       682.1658813000       -7.8320258200        0.2806073544    9.7320761100E-04    7.0355798440E-04    2.6964962660E-04
       682.2658813000       -7.7320258200        0.3240174632    7.1749025789E-04    5.6329659386E-04    1.5419366402E-04
       682.3658813000       -7.6320258200        0.3622625460    5.6662647249E-04    4.7472475308E-04    9.1901719404E-05
       682.4658813000       -7.5320258200        0.3968387263    4.6909319917E-04    4.1354198198E-04    5.5551217188E-05
       682.5658813000       -7.4320258200        0.4286348218    4.0168595643E-04    3.6854101232E-04    3.3144944109E-05
       682.6658813000       -7.3320258200        0.4582299055    3.5267059249E-04    3.3388446003E-04    1.8786132455E-05
       682.7658813000       -7.2320258200        0.4860262017    3.1557295995E-04    3.0624460902E-04    9.3283509286E-06
       682.8658813000       -7.1320258200        0.5123165798    2.8657134651E-04    2.8358880431E-04    2.9825422016E-06
       682.9658813000       -7.0320258200        0.5373221941    2.6328495289E-04    2.6460609516E-04   -1.3211422685E-06
       683.0658813000       -6.9320258200        0.5612147089    2.4416398634E-04    2.4841309482E-04   -4.2491084763E-06
       683.1658813000       -6.8320258200        0.5841308174    2.2816202095E-04    2.3439264658E-04   -6.2306256300E-06
       683.2658813000       -6.7320258200        0.6061812003    2.1455029835E-04    2.2210034709E-04   -7.5500487406E-06
       683.3658813000       -6.6320258200        0.6274570930    2.0280763286E-04    2.1120785280E-04   -8.4002199398E-06
       683.4658813000       -6.5320258200        0.6480349265    1.9255258975E-04    2.0146713858E-04   -8.9145488313E-06
       683.5658813000       -6.4320258200        0.6679791177    1.8350030171E-04    1.9268720545E-04   -9.1869037368E-06
       683.6658813000       -6.3320258200        0.6873448074    1.7543416964E-04    1.8471845820E-04   -9.2842885599E-06
       683.7658813000       -6.2320258200        0.7061796655    1.6818684207E-04    1.7744196048E-04   -9.2551184069E-06
       683.8658813000       -6.1320258200        0.7245250921    1.6162714063E-04    1.7076187837E-04   -9.1347377358E-06
       683.9658813000       -6.0320258200        0.7424172983    1.5565089073E-04    1.6460006036E-04   -8.9491696225E-06
       684.0658813000       -5.9320258200        0.7598883343    1.5017437411E-04    1.5889208030E-04   -8.7177061926E-06
       684.1658813000       -5.8320258200        0.7769666121    1.4512957669E-04    1.5358430212E-04   -8.4547254284E-06
       684.2658813000       -5.7320258200        0.7936774527    1.4046068805E-04    1.4863167071E-04   -8.1709826512E-06
       684.3658813000       -5.6320258200        0.8100436294    1.3612148773E-04    1.4399602751E-04   -7.8745397739E-06
       684.4658813000       -5.5320258200        0.8260856597    1.3207336932E-04    1.3964481060E-04   -7.5714412802E-06
       684.5658813000       -5.4320258200        0.8418220435    1.2828382954E-04    1.3555004038E-04   -7.2662108342E-06
       684.6658813000       -5.3320258200        0.8572696437    1.2472530072E-04    1.3168752011E-04   -6.9622193839E-06
       684.7658813000       -5.2320258200        0.8724437390    1.2137423953E-04    1.2803619977E-04   -6.6619602382E-06
       684.8658813000       -5.1320258200        0.8873583607    1.1821040946E-04    1.2457766558E-04   -6.3672561183E-06
       684.9658813000       -5.0320258200        0.9020264387    1.1521631083E-04    1.2129572686E-04   -6.0794160227E-06
       685.0658813000       -4.9320258200        0.9164598109    1.1237672450E-04    1.1817607926E-04   -5.7993547621E-06
       685.1658813000       -4.8320258200        0.9306692831    1.0967834380E-04    1.1520602835E-04   -5.5276845501E-06
       685.2658813000       -4.7320258200        0.9446651558    1.0710947555E-04    1.1237426103E-04   -5.2647854728E-06
       685.3658813000       -4.6320258200        0.9584566200    1.0465979561E-04    1.0967065555E-04   -5.0108599331E-06
       685.4658813000       -4.5320258200        0.9720524034    1.0232014770E-04    1.0708612257E-04   -4.7659748701E-06
       685.5658813000       -4.4320258200        0.9854606861    1.0008237690E-04    1.0461247145E-04   -4.5300945562E-06
       685.6658813000       -4.3320258200        0.9986889138    9.7939191086E-05    1.0224229724E-04   -4.3031061533E-06
       685.7658813000       -4.2320258200        1.0117441488    9.5884044951E-05    9.9968884606E-05   -4.0848396551E-06
       685.8658813000       -4.1320258200        1.0246331595    9.3911042459E-05    9.7786125897E-05   -3.8750834386E-06
       685.9658813000       -4.0320258200        1.0373620906    9.2014854420E-05    9.5688450831E-05   -3.6735964113E-06
       686.0658813000       -3.9320258200        1.0499365615    9.0190648499E-05    9.3670765985E-05   -3.4801174863E-06
       686.1658813000       -3.8320258200        1.0623623074    8.8434029533E-05    9.1728402476E-05   -3.2943729425E-06
       686.2658813000       -3.7320258200        1.0746443882    8.6740988419E-05    8.9857070558E-05   -3.1160821390E-06
       686.3658813000       -3.6320258200        1.0867876258    8.5107858162E-05    8.8052820095E-05   -2.9449619326E-06
       686.4658813000       -3.5320258200        1.0987966719    8.3531275946E-05    8.6312006000E-05   -2.7807300541E-06
       686.5658813000       -3.4320258200        1.1106758793    8.2008150263E-05    8.4631257931E-05   -2.6231076682E-06
       686.6658813000       -3.3320258200        1.1224294177    8.0535632345E-05    8.3007453647E-05   -2.4718213022E-06
       686.7658813000       -3.2320258200        1.1340611477    7.9111091230E-05    8.1437695492E-05   -2.3266042621E-06
       686.8658813000       -3.1320258200        1.1455747332    7.7732091944E-05    7.9919289585E-05   -2.1871976413E-06
