# # Once                                                         FEFF 10.0.0 
# # POT  SCF  30  3.0000   0, NO core-hole, AFOLP (folp(0)= 1.150)
# # Abs   Z=26 Rmt= 1.366 Rnm= 1.434 K  shell
# # Pot 1 Z=25 Rmt= 1.479 Rnm= 1.537
# # Pot 2 Z=26 Rmt= 1.366 Rnm= 1.434
# # Pot 3 Z=52 Rmt= 1.532 Rnm= 1.601
# # Gam_ch=1.309E+00 H-L exch Vi= 0.000E+00 Vr= 0.000E+00
# # Mu=-1.190E+01eV kf=1.990E+00 Vint=-2.040E+01eV Rs_int= 1.822
# FMS rfms= 4.0000
# # PATH  Rmax= 0.100,  Keep_limit= 0.00, Heap_limit 0.00  Pwcrit= 2.50%
#  S02=1.000  Temp=   0.00  Debye_temp=   0.00  Global_sig2= 0.00000
#  Energy zero shift, vr, vi    0.00000E+00   0.00000E+00
#  Curved wave amplitude ratio filter   4.000%
#     file         sig2 tot  cw amp ratio   deg  nlegs   reff  inp sig2
#     0/   0 paths used
#  xsedge+ 50, used to normalize mu           1.0000E+00
#  -----------------------------------------------------------------------
#  omega    e    k    mu    mu0     chi     @#
      7087.8916587044      -41.9042806000       -2.8060734827    1.5323377798E-05    1.5105179796E-05    2.1819800148E-07
      7087.9916587044      -41.8042806000       -2.8013927219    1.4499823237E-05    1.4282167568E-05    2.1765566969E-07
      7088.0916587044      -41.7042806000       -2.7967044314    1.3695800883E-05    1.3478620464E-05    2.1718041874E-07
      7088.1916587044      -41.6042806000       -2.7920079635    1.2921249576E-05    1.2704426302E-05    2.1682327401E-07
      7088.2916587044      -41.5042806000       -2.7873035823    1.2178792650E-05    1.1962251289E-05    2.1654136047E-07
      7088.3916587044      -41.4042806000       -2.7825912477    1.1474321228E-05    1.1257908893E-05    2.1641233449E-07
      7088.4916587044      -41.3042806000       -2.7778710724    1.0810873514E-05    1.0594482264E-05    2.1639124967E-07
      7088.5916587044      -41.2042806000       -2.7731428629    1.0192274753E-05    9.9757730516E-06    2.1650170129E-07
      7088.6916587044      -41.1042806000       -2.7684065780    9.6163224765E-06    9.3995461669E-06    2.1677630961E-07
      7088.7916587044      -41.0042806000       -2.7636620222    9.0800303975E-06    8.8628490698E-06    2.1718132767E-07
      7088.8916587044      -40.9042806000       -2.7589093071    8.5832629031E-06    8.3655214688E-06    2.1774143430E-07
      7088.9916587044      -40.8042806000       -2.7541485450    8.1254925170E-06    7.9070751592E-06    2.1841735788E-07
      7089.0916587044      -40.7042806000       -2.7493792296    7.7038222282E-06    7.4845899615E-06    2.1923226672E-07
      7089.1916587044      -40.6042806000       -2.7446019368    7.3151349636E-06    7.0949436315E-06    2.2019133212E-07
      7089.2916587044      -40.5042806000       -2.7398161586    6.9568043297E-06    6.7355609939E-06    2.2124333580E-07
      7089.3916587044      -40.4042806000       -2.7350221619    6.6274897989E-06    6.4050635714E-06    2.2242622750E-07
      7089.4916587044      -40.3042806000       -2.7302195915    6.3232356912E-06    6.0995382829E-06    2.2369740836E-07
      7089.5916587044      -40.2042806000       -2.7254087145    6.0405032581E-06    5.8154268030E-06    2.2507645513E-07
      7089.6916587044      -40.1042806000       -2.7205891738    5.7812734382E-06    5.5546957905E-06    2.2657764767E-07
      7089.7916587044      -40.0042806000       -2.7157610802    5.5405386836E-06    5.3123973251E-06    2.2814135847E-07
      7089.8916587044      -39.9042806000       -2.7109245448    5.3150459657E-06    5.0852605414E-06    2.2978542429E-07
      7089.9916587044      -39.8042806000       -2.7060793652    5.1088394032E-06    4.8773316376E-06    2.3150776552E-07
      7090.0916587044      -39.7042806000       -2.7012253372    4.9174924420E-06    4.6841476906E-06    2.3334475140E-07
      7090.1916587044      -39.6042806000       -2.6963627289    4.7363557217E-06    4.5010832013E-06    2.3527252039E-07
      7090.2916587044      -39.5042806000       -2.6914911773    4.5691923144E-06    4.3319183047E-06    2.3727400969E-07
      7090.3916587044      -39.4042806000       -2.6866107923    4.4149820852E-06    4.1756431724E-06    2.3933891281E-07
      7090.4916587044      -39.3042806000       -2.6817216844    4.2691724712E-06    4.0277191040E-06    2.4145336714E-07
      7090.5916587044      -39.2042806000       -2.6768236467    4.1317438751E-06    3.8880599572E-06    2.4368391786E-07
      7090.6916587044      -39.1042806000       -2.6719164709    4.0049080285E-06    3.7589340605E-06    2.4597396804E-07
      7090.7916587044      -39.0042806000       -2.6670003458    3.8875545195E-06    3.6392432705E-06    2.4831124899E-07
      7090.8916587044      -38.9042806000       -2.6620749822    3.7741343329E-06    3.5233996679E-06    2.5073466498E-07
      7090.9916587044      -38.8042806000       -2.6571408892    3.6675354521E-06    3.4143155251E-06    2.5321992700E-07
      7091.0916587044      -38.7042806000       -2.6521972158    3.5691806251E-06    3.3134062293E-06    2.5577439579E-07
      7091.1916587044      -38.6042806000       -2.6472443905    3.4771964251E-06    3.2187666177E-06    2.5842980743E-07
      7091.2916587044      -38.5042806000       -2.6422825231    3.3902778128E-06    3.1291291173E-06    2.6114869550E-07
      7091.3916587044      -38.4042806000       -2.6373109976    3.3064028908E-06    3.0424669849E-06    2.6393590587E-07
      7091.4916587044      -38.3042806000       -2.6323304061    3.2268842964E-06    2.9601036849E-06    2.6678061148E-07
      7091.5916587044      -38.2042806000       -2.6273402110    3.1519724609E-06    2.8822842682E-06    2.6968819267E-07
      7091.6916587044      -38.1042806000       -2.6223404386    3.0813208821E-06    2.8086640515E-06    2.7265683067E-07
      7091.7916587044      -38.0042806000       -2.6173310341    3.0172395199E-06    2.7415342331E-06    2.7570528672E-07
      7091.8916587044      -37.9042806000       -2.6123121864    2.9560237959E-06    2.6771662096E-06    2.7885758631E-07
      7091.9916587044      -37.8042806000       -2.6072836779    2.8947549666E-06    2.6126699928E-06    2.8208497381E-07
      7092.0916587044      -37.7042806000       -2.6022454524    2.8380784229E-06    2.5526989653E-06    2.8537945757E-07
      7092.1916587044      -37.6042806000       -2.5971975353    2.7842342900E-06    2.4954906846E-06    2.8874360539E-07
      7092.2916587044      -37.5042806000       -2.5921397059    2.7336543425E-06    2.4414690617E-06    2.9218528081E-07
      7092.3916587044      -37.4042806000       -2.5870719882    2.6859615656E-06    2.3902543870E-06    2.9570717862E-07
      7092.4916587044      -37.3042806000       -2.5819943241    2.6410317008E-06    2.3416944061E-06    2.9933729471E-07
      7092.5916587044      -37.2042806000       -2.5769064895    2.5977042840E-06    2.2947004968E-06    3.0300378724E-07
      7092.6916587044      -37.1042806000       -2.5718088379    2.5552806913E-06    2.2485166138E-06    3.0676407750E-07
      7092.7916587044      -37.0042806000       -2.5667009792    2.5162414841E-06    2.2055948342E-06    3.1064664989E-07
      7092.8916587044      -36.9042806000       -2.5615830183    2.4794348328E-06    2.1648161545E-06    3.1461867823E-07
      7092.9916587044      -36.8042806000       -2.5564546449    2.4430455929E-06    2.1243793543E-06    3.1866623863E-07
      7093.0916587044      -36.7042806000       -2.5513159630    2.4084586655E-06    2.0856485153E-06    3.2281015012E-07
      7093.1916587044      -36.6042806000       -2.5461671610    2.3774363211E-06    2.0503979510E-06    3.2703837012E-07
      7093.2916587044      -36.5042806000       -2.5410077586    2.3491709120E-06    2.0178071994E-06    3.3136371264E-07
      7093.3916587044      -36.4042806000       -2.5358376910    2.3201868907E-06    1.9844047193E-06    3.3578217143E-07
      7093.4916587044      -36.3042806000       -2.5306573135    2.2942834911E-06    1.9539653157E-06    3.4031817548E-07
      7093.5916587044      -36.2042806000       -2.5254661412    2.2684284589E-06    1.9234257865E-06    3.4500267235E-07
      7093.6916587044      -36.1042806000       -2.5202643607    2.2436427791E-06    1.8938527318E-06    3.4979004729E-07
      7093.7916587044      -36.0042806000       -2.5150517369    2.2210625682E-06    1.8664324033E-06    3.5463016489E-07
      7093.8916587044      -35.9042806000       -2.5098283720    2.1970475066E-06    1.8374512730E-06    3.5959623365E-07
      7093.9916587044      -35.8042806000       -2.5045941987    2.1758889556E-06    1.8111821998E-06    3.6470675586E-07
      7094.0916587044      -35.7042806000       -2.4993488936    2.1582725073E-06    1.7883380569E-06    3.6993445037E-07
      7094.1916587044      -35.6042806000       -2.4940928131    2.1401618835E-06    1.7648665738E-06    3.7529530964E-07
      7094.2916587044      -35.5042806000       -2.4888252905    2.1226325304E-06    1.7418500069E-06    3.8078252351E-07
      7094.3916587044      -35.4042806000       -2.4835469384    2.1061734668E-06    1.7197671878E-06    3.8640627899E-07
      7094.4916587044      -35.3042806000       -2.4782570866    2.0892107003E-06    1.6970344905E-06    3.9217620978E-07
      7094.5916587044      -35.2042806000       -2.4729559193    2.0752348272E-06    1.6771535066E-06    3.9808132057E-07
      7094.6916587044      -35.1042806000       -2.4676435363    2.0645969077E-06    1.6604622973E-06    4.0413461046E-07
      7094.7916587044      -35.0042806000       -2.4623194326    2.0523357624E-06    1.6419856106E-06    4.1035015176E-07
      7094.8916587044      -34.9042806000       -2.4569840519    2.0391925138E-06    1.6224608222E-06    4.1673169167E-07
      7094.9916587044      -34.8042806000       -2.4516369733    2.0274498319E-06    1.6041791575E-06    4.2327067437E-07
      7095.0916587044      -34.7042806000       -2.4462782070    2.0182849650E-06    1.5883154611E-06    4.2996950394E-07
      7095.1916587044      -34.6042806000       -2.4409076762    2.0121656582E-06    1.5753149643E-06    4.3685069392E-07
      7095.2916587044      -34.5042806000       -2.4355253029    2.0033933512E-06    1.5594679407E-06    4.4392541055E-07
      7095.3916587044      -34.4042806000       -2.4301309209    1.9950391356E-06    1.5438541242E-06    4.5118501135E-07
      7095.4916587044      -34.3042806000       -2.4247248012    1.9895576136E-06    1.5309236664E-06    4.5863394717E-07
      7095.5916587044      -34.2042806000       -2.4193062492    1.9832333244E-06    1.5169358782E-06    4.6629744626E-07
      7095.6916587044      -34.1042806000       -2.4138756222    1.9799225032E-06    1.5057575775E-06    4.7416492577E-07
      7095.7916587044      -34.0042806000       -2.4084330151    1.9773149427E-06    1.4950636409E-06    4.8225130180E-07
      7095.8916587044      -33.9042806000       -2.4029778151    1.9735549009E-06    1.4829890368E-06    4.9056586412E-07
      7095.9916587044      -33.8042806000       -2.3975102026    1.9703854740E-06    1.4712784325E-06    4.9910704153E-07
      7096.0916587044      -33.7042806000       -2.3920302705    1.9694371103E-06    1.4615304543E-06    5.0790665595E-07
      7096.1916587044      -33.6042806000       -2.3865376662    1.9680910436E-06    1.4511333036E-06    5.1695774007E-07
      7096.2916587044      -33.5042806000       -2.3810323916    1.9667160751E-06    1.4404496782E-06    5.2626639694E-07
      7096.3916587044      -33.4042806000       -2.3755143584    1.9667571665E-06    1.4308944014E-06    5.3586276509E-07
      7096.4916587044      -33.3042806000       -2.3699834777    1.9681045190E-06    1.4223592634E-06    5.4574525554E-07
      7096.5916587044      -33.2042806000       -2.3644394792    1.9720263406E-06    1.4160997468E-06    5.5592659381E-07
      7096.6916587044      -33.1042806000       -2.3588827215    1.9752791883E-06    1.4088570790E-06    5.6642210923E-07
      7096.7916587044      -33.0042806000       -2.3533128430    1.9791324162E-06    1.4019064061E-06    5.7722601004E-07
      7096.8916587044      -32.9042806000       -2.3477296596    1.9840025614E-06    1.3956329378E-06    5.8836962361E-07
      7096.9916587044      -32.8042806000       -2.3421329852    1.9911050037E-06    1.3912193829E-06    5.9988562084E-07
      7097.0916587044      -32.7042806000       -2.3365232696    1.9968833445E-06    1.3851160313E-06    6.1176731326E-07
      7097.1916587044      -32.6042806000       -2.3308997793    2.0013902404E-06    1.3773664599E-06    6.2402378052E-07
      7097.2916587044      -32.5042806000       -2.3252627805    2.0087282954E-06    1.3720378490E-06    6.3669044639E-07
      7097.3916587044      -32.4042806000       -2.3196119913    2.0167281450E-06    1.3669521024E-06    6.4977604258E-07
      7097.4916587044      -32.3042806000       -2.3139474946    2.0256885578E-06    1.3623738384E-06    6.6331471936E-07
      7097.5916587044      -32.2042806000       -2.3082690972    2.0358464177E-06    1.3585388835E-06    6.7730753422E-07
      7097.6916587044      -32.1042806000       -2.3025766039    2.0449515965E-06    1.3531798257E-06    6.9177177085E-07
      7097.7916587044      -32.0042806000       -2.2968702805    2.0574823420E-06    1.3507320469E-06    7.0675029508E-07
      7097.8916587044      -31.9042806000       -2.2911494664    2.0720232823E-06    1.3497626220E-06    7.2226066026E-07
      7097.9916587044      -31.8042806000       -2.2854144252    2.0846213774E-06    1.3462878807E-06    7.3833349673E-07
      7098.0916587044      -31.7042806000       -2.2796650495    2.0974686183E-06    1.3424596668E-06    7.5500895144E-07
      7098.1916587044      -31.6042806000       -2.2739009498    2.1133017161E-06    1.3410026834E-06    7.7229903268E-07
      7098.2916587044      -31.5042806000       -2.2681222954    2.1311568811E-06    1.3409168405E-06    7.9024004058E-07
      7098.3916587044      -31.4042806000       -2.2623289748    2.1494060233E-06    1.3405477932E-06    8.0885823004E-07
      7098.4916587044      -31.3042806000       -2.2565204976    2.1676404125E-06    1.3394426634E-06    8.2819774910E-07
      7098.5916587044      -31.2042806000       -2.2506972195    2.1878747954E-06    1.3395804053E-06    8.4829439014E-07
      7098.6916587044      -31.1042806000       -2.2448588355    2.2093994666E-06    1.3402012799E-06    8.6919818667E-07
      7098.7916587044      -31.0042806000       -2.2390053225    2.2284819021E-06    1.3375157403E-06    8.9096616177E-07
      7098.8916587044      -30.9042806000       -2.2331362757    2.2525536624E-06    1.3389224793E-06    9.1363118319E-07
      7098.9916587044      -30.8042806000       -2.2272519546    2.2777251907E-06    1.3404820126E-06    9.3724317812E-07
      7099.0916587044      -30.7042806000       -2.2213517586    2.3025001735E-06    1.3406673411E-06    9.6183283244E-07
      7099.1916587044      -30.6042806000       -2.2154361373    2.3290959924E-06    1.3415888563E-06    9.8750713610E-07
      7099.2916587044      -30.5042806000       -2.2095044852    2.3571920699E-06    1.3428874061E-06    1.0143046638E-06
      7099.3916587044      -30.4042806000       -2.2035570592    2.3894631307E-06    1.3471676361E-06    1.0422954946E-06
      7099.4916587044      -30.3042806000       -2.1975933439    2.4229073088E-06    1.3513075401E-06    1.0715997686E-06
      7099.5916587044      -30.2042806000       -2.1916134975    2.4558809219E-06    1.3536353648E-06    1.1022455570E-06
      7099.6916587044      -30.1042806000       -2.1856171930    2.4890399459E-06    1.3546950797E-06    1.1343448662E-06
      7099.7916587044      -30.0042806000       -2.1796046850    2.5280269564E-06    1.3600297248E-06    1.1679972316E-06
      7099.8916587044      -29.9042806000       -2.1735752517    2.5684625640E-06    1.3652050093E-06    1.2032575547E-06
      7099.9916587044      -29.8042806000       -2.1675291445    2.6076339362E-06    1.3673141982E-06    1.2403197380E-06
      7100.0916587044      -29.7042806000       -2.1614661250    2.6509347505E-06    1.3716455366E-06    1.2792892140E-06
      7100.1916587044      -29.6042806000       -2.1553860506    2.6966105878E-06    1.3763408905E-06    1.3202696974E-06
      7100.2916587044      -29.5042806000       -2.1492887764    2.7454715515E-06    1.3820205151E-06    1.3634510365E-06
      7100.3916587044      -29.4042806000       -2.1431739571    2.7991869478E-06    1.3902652209E-06    1.4089217270E-06
      7100.4916587044      -29.3042806000       -2.1370418405    2.8533462618E-06    1.3964556608E-06    1.4568906010E-06
      7100.5916587044      -29.2042806000       -2.1308920774    2.9087350863E-06    1.4011021506E-06    1.5076329357E-06
      7100.6916587044      -29.1042806000       -2.1247246148    2.9695363995E-06    1.4082721135E-06    1.5612642861E-06
      7100.7916587044      -29.0042806000       -2.1185389966    3.0338743265E-06    1.4157966427E-06    1.6180776838E-06
      7100.8916587044      -28.9042806000       -2.1123354666    3.1027996461E-06    1.4244920992E-06    1.6783075469E-06
      7100.9916587044      -28.8042806000       -2.1061134621    3.1754359011E-06    1.4331532381E-06    1.7422826630E-06
      7101.0916587044      -28.7042806000       -2.0998731230    3.2528882525E-06    1.4426168135E-06    1.8102714390E-06
      7101.1916587044      -28.6042806000       -2.0936141837    3.3341323108E-06    1.4514883392E-06    1.8826439716E-06
      7101.2916587044      -28.5042806000       -2.0873364768    3.4192376148E-06    1.4593658846E-06    1.9598717302E-06
      7101.3916587044      -28.4042806000       -2.0810399349    3.5102498024E-06    1.4678718234E-06    2.0423779789E-06
      7101.4916587044      -28.3042806000       -2.0747241812    3.6093081416E-06    1.4786688467E-06    2.1306392949E-06
      7101.5916587044      -28.2042806000       -2.0683890398    3.7173820969E-06    1.4921673309E-06    2.2252147660E-06
      7101.6916587044      -28.1042806000       -2.0620345383    3.8293149771E-06    1.5026532884E-06    2.3266616886E-06
      7101.7916587044      -28.0042806000       -2.0556603938    3.9494332305E-06    1.5136694895E-06    2.4357637410E-06
      7101.8916587044      -27.9042806000       -2.0492663191    4.0795788802E-06    1.5261159611E-06    2.5534629190E-06
      7101.9916587044      -27.8042806000       -2.0428523353    4.2182215445E-06    1.5377459893E-06    2.6804755552E-06
      7102.0916587044      -27.7042806000       -2.0364182544    4.3697065091E-06    1.5517265997E-06    2.8179799094E-06
      7102.1916587044      -27.6042806000       -2.0299635708    4.5319030320E-06    1.5646579811E-06    2.9672450508E-06
      7102.2916587044      -27.5042806000       -2.0234882976    4.7076612854E-06    1.5781940025E-06    3.1294672829E-06
      7102.3916587044      -27.4042806000       -2.0169923421    4.9001423935E-06    1.5939143245E-06    3.3062280690E-06
      7102.4916587044      -27.3042806000       -2.0104753979    5.1087094635E-06    1.6092722560E-06    3.4994372075E-06
      7102.5916587044      -27.2042806000       -2.0039373664    5.3360052195E-06    1.6247687876E-06    3.7112364319E-06
      7102.6916587044      -27.1042806000       -1.9973778275    5.5870282119E-06    1.6429254768E-06    3.9441027351E-06
      7102.7916587044      -27.0042806000       -1.9907966756    5.8614749692E-06    1.6605446006E-06    4.2009303686E-06
      7102.8916587044      -26.9042806000       -1.9841936954    6.1630053648E-06    1.6779144316E-06    4.4850909332E-06
      7102.9916587044      -26.8042806000       -1.9775686684    6.4971356538E-06    1.6963718461E-06    4.8007638076E-06
      7103.0916587044      -26.7042806000       -1.9709213723    6.8686807496E-06    1.7161835133E-06    5.1524972363E-06
      7103.1916587044      -26.6042806000       -1.9642514726    7.2832933531E-06    1.7373552625E-06    5.5459380906E-06
      7103.2916587044      -26.5042806000       -1.9575590644    7.7445891890E-06    1.7564088571E-06    5.9881803319E-06
      7103.3916587044      -26.4042806000       -1.9508434797    8.2651281605E-06    1.7778955216E-06    6.4872326388E-06
      7103.4916587044      -26.3042806000       -1.9441048068    8.8534211873E-06    1.8002787982E-06    7.0531423892E-06
      7103.5916587044      -26.2042806000       -1.9373425850    9.5215092749E-06    1.8238601818E-06    7.6976490932E-06
      7103.6916587044      -26.1042806000       -1.9305568976    1.0283798192E-05    1.8478232460E-06    8.4359749463E-06
      7103.7916587044      -26.0042806000       -1.9237471643    1.1156815776E-05    1.8709003375E-06    9.2859154388E-06
      7103.8916587044      -25.9042806000       -1.9169132400    1.2167487603E-05    1.8973227548E-06    1.0270164848E-05
      7103.9916587044      -25.8042806000       -1.9100548649    1.3341134578E-05    1.9245818474E-06    1.1416552731E-05
      7104.0916587044      -25.7042806000       -1.9031716630    1.4710407554E-05    1.9511454213E-06    1.2759262132E-05
      7104.1916587044      -25.6042806000       -1.8962635883    1.6322544467E-05    1.9810860112E-06    1.4341458456E-05
      7104.2916587044      -25.5042806000       -1.8893303116    1.8227205360E-05    2.0117031019E-06    1.6215502258E-05
      7104.3916587044      -25.4042806000       -1.8823713850    2.0487574361E-05    2.0416832456E-06    1.8445891115E-05
      7104.4916587044      -25.3042806000       -1.8753866931    2.3182546601E-05    2.0727206901E-06    2.1109825911E-05
      7104.5916587044      -25.2042806000       -1.8683758899    2.6401070064E-05    2.1055060518E-06    2.4295564012E-05
      7104.6916587044      -25.1042806000       -1.8613385661    3.0236120876E-05    2.1420209884E-06    2.8094099887E-05
      7104.7916587044      -25.0042806000       -1.8542747067    3.4764909702E-05    2.1781091356E-06    3.2586800566E-05
      7104.8916587044      -24.9042806000       -1.8471837768    4.0023493837E-05    2.2157437052E-06    3.7807750132E-05
      7104.9916587044      -24.8042806000       -1.8400654635    4.5932901682E-05    2.2568046244E-06    4.3676097058E-05
      7105.0916587044      -24.7042806000       -1.8329196219    5.2214249249E-05    2.2973337564E-06    4.9916915493E-05
      7105.1916587044      -24.6042806000       -1.8257456956    5.8291299688E-05    2.3373812721E-06    5.5953918416E-05
      7105.2916587044      -24.5042806000       -1.8185434692    6.3303247872E-05    2.3809939812E-06    6.0922253891E-05
      7105.3916587044      -24.4042806000       -1.8113126640    6.6270385719E-05    2.4268767601E-06    6.3843508959E-05
      7105.4916587044      -24.3042806000       -1.8040528774    6.6499163148E-05    2.4731335250E-06    6.4026029623E-05
      7105.5916587044      -24.2042806000       -1.7967637579    6.3953269618E-05    2.5234431058E-06    6.1429826512E-05
      7105.6916587044      -24.1042806000       -1.7894449472    5.9265924647E-05    2.5762694712E-06    5.6689655176E-05
      7105.7916587044      -24.0042806000       -1.7820960198    5.3406342178E-05    2.6299911890E-06    5.0776350989E-05
      7105.8916587044      -23.9042806000       -1.7747167214    4.7270019841E-05    2.6874273623E-06    4.4582592479E-05
      7105.9916587044      -23.8042806000       -1.7673066114    4.1462937704E-05    2.7462056691E-06    3.8716732035E-05
      7106.0916587044      -23.7042806000       -1.7598653006    3.6292231857E-05    2.8072770837E-06    3.3484954773E-05
      7106.1916587044      -23.6042806000       -1.7523924522    3.1851804621E-05    2.8715107959E-06    2.8980293825E-05
      7106.2916587044      -23.5042806000       -1.7448874780    2.8117856188E-05    2.9390523199E-06    2.5178803868E-05
      7106.3916587044      -23.4042806000       -1.7373500231    2.5013221725E-05    3.0098063612E-06    2.2003415364E-05
      7106.4916587044      -23.3042806000       -1.7297798473    2.2444704561E-05    3.0826246341E-06    1.9362079927E-05
      7106.5916587044      -23.2042806000       -1.7221764574    2.0326498378E-05    3.1612732170E-06    1.7165225161E-05
      7106.6916587044      -23.1042806000       -1.7145392874    1.8579466530E-05    3.2442170673E-06    1.5335249463E-05
      7106.7916587044      -23.0042806000       -1.7068679461    1.7136340310E-05    3.3296654986E-06    1.3806674811E-05
      7106.8916587044      -22.9042806000       -1.6991619081    1.5945300569E-05    3.4197550166E-06    1.2525545553E-05
      7106.9916587044      -22.8042806000       -1.6914208250    1.4963423874E-05    3.5142965398E-06    1.1449127334E-05
      7107.0916587044      -22.7042806000       -1.6836440871    1.4155209400E-05    3.6134176294E-06    1.0541791771E-05
      7107.1916587044      -22.6042806000       -1.6758313884    1.3495751576E-05    3.7200616092E-06    9.7756899668E-06
      7107.2916587044      -22.5042806000       -1.6679819684    1.2962549242E-05    3.8338689971E-06    9.1286802447E-06
      7107.3916587044      -22.4042806000       -1.6600954986    1.2536158809E-05    3.9526673496E-06    8.5834914598E-06
      7107.4916587044      -22.3042806000       -1.6521713195    1.2204476922E-05    4.0791857565E-06    8.1252911656E-06
      7107.5916587044      -22.2042806000       -1.6442090801    1.1954623280E-05    4.2137685384E-06    7.7408547415E-06
      7107.6916587044      -22.1042806000       -1.6362080298    1.1778988654E-05    4.3553710545E-06    7.4236175996E-06
      7107.7916587044      -22.0042806000       -1.6281675962    1.1673806304E-05    4.5077361021E-06    7.1660702023E-06
      7107.8916587044      -21.9042806000       -1.6200872587    1.1633952562E-05    4.6712732340E-06    6.9626793275E-06
      7107.9916587044      -21.8042806000       -1.6119665493    1.1658004689E-05    4.8475746780E-06    6.8104300112E-06
      7108.0916587044      -21.7042806000       -1.6038045893    1.1753366151E-05    5.0378409150E-06    6.7155252358E-06
      7108.1916587044      -21.6042806000       -1.5956009458    1.1945299529E-05    5.2408360481E-06    6.7044634804E-06
      7108.2916587044      -21.5042806000       -1.5873549054    1.2109876221E-05    5.4590268808E-06    6.6508493406E-06
      7108.3916587044      -21.4042806000       -1.5790658039    1.2287622626E-05    5.6965491753E-06    6.5910734511E-06
      7108.4916587044      -21.3042806000       -1.5707329596    1.2572719058E-05    5.9566143033E-06    6.6161047550E-06
      7108.5916587044      -21.2042806000       -1.5623556045    1.2955126903E-05    6.2409713214E-06    6.7141555814E-06
      7108.6916587044      -21.1042806000       -1.5539332242    1.3572930080E-05    6.5526574470E-06    7.0202726327E-06
      7108.7916587044      -21.0042806000       -1.5454648759    1.3934892604E-05    6.8965256328E-06    7.0383669715E-06
      7108.8916587044      -20.9042806000       -1.5369497306    1.4197412816E-05    7.2771466549E-06    6.9202661608E-06
      7108.9916587044      -20.8042806000       -1.5283873543    1.4681767964E-05    7.6981836394E-06    6.9835843250E-06
      7109.0916587044      -20.7042806000       -1.5197766685    1.5288055515E-05    8.1711358516E-06    7.1169196636E-06
      7109.1916587044      -20.6042806000       -1.5111168475    1.6009839783E-05    8.7033016898E-06    7.3065380931E-06
      7109.2916587044      -20.5042806000       -1.5024071833    1.6846346481E-05    9.2970740137E-06    7.5492724672E-06
      7109.3916587044      -20.4042806000       -1.4936466613    1.7814444863E-05    9.9647059694E-06    7.8497388940E-06
      7109.4916587044      -20.3042806000       -1.4848345966    1.8926746839E-05    1.0712180803E-05    8.2145660363E-06
      7109.5916587044      -20.2042806000       -1.4759697774    2.0197839167E-05    1.1542885556E-05    8.6549536105E-06
      7109.6916587044      -20.1042806000       -1.4670513925    2.1643487926E-05    1.2460959210E-05    9.1825287166E-06
      7109.7916587044      -20.0042806000       -1.4580786051    2.3274537971E-05    1.3466504279E-05    9.8080336915E-06
      7109.8916587044      -19.9042806000       -1.4490501841    2.5094925095E-05    1.4561968816E-05    1.0532956280E-05
      7109.9916587044      -19.8042806000       -1.4399650831    2.6972999798E-05    1.5742560323E-05    1.1230439474E-05
      7110.0916587044      -19.7042806000       -1.4308223713    2.9519882374E-05    1.7004771129E-05    1.2515111246E-05
      7110.1916587044      -19.6042806000       -1.4216208621    3.2562225341E-05    1.8347676368E-05    1.4214548973E-05
      7110.2916587044      -19.5042806000       -1.4123593311    3.5716991412E-05    1.9762230749E-05    1.5954760663E-05
      7110.3916587044      -19.4042806000       -1.4030367413    3.9137237831E-05    2.1249777452E-05    1.7887460379E-05
      7110.4916587044      -19.3042806000       -1.3936517912    4.2832570226E-05    2.2804668840E-05    2.0027901386E-05
      7110.5916587044      -19.2042806000       -1.3842032890    4.6749305901E-05    2.4422045739E-05    2.2327260162E-05
      7110.6916587044      -19.1042806000       -1.3746896148    5.1108514580E-05    2.6097984603E-05    2.5010529977E-05
      7110.7916587044      -19.0042806000       -1.3651097958    5.5719459834E-05    2.7829761395E-05    2.7889698439E-05
      7110.8916587044      -18.9042806000       -1.3554622724    6.0445640494E-05    2.9613121552E-05    3.0832518942E-05
      7110.9916587044      -18.8042806000       -1.3457455886    6.5276817374E-05    3.1444233487E-05    3.3832583887E-05
      7111.0916587044      -18.7042806000       -1.3359582354    7.0157969621E-05    3.3320255536E-05    3.6837714085E-05
      7111.1916587044      -18.6042806000       -1.3260986079    7.5028727088E-05    3.5239771684E-05    3.9788955405E-05
      7111.2916587044      -18.5042806000       -1.3161652030    7.9830810543E-05    3.7199767574E-05    4.2631042968E-05
      7111.3916587044      -18.4042806000       -1.3061560932    8.4509316753E-05    3.9193862076E-05    4.5315454677E-05
      7111.4916587044      -18.3042806000       -1.2960698529    8.9025552821E-05    4.1222325002E-05    4.7803227819E-05
      7111.5916587044      -18.2042806000       -1.2859044190    9.3350910297E-05    4.3281214182E-05    5.0069696114E-05
      7111.6916587044      -18.1042806000       -1.2756579815    9.7469440795E-05    4.5368534951E-05    5.2100905844E-05
      7111.7916587044      -18.0042806000       -1.2653286568    1.0137527563E-04    4.7481327147E-05    5.3893948479E-05
      7111.8916587044      -17.9042806000       -1.2549141860    1.0507390360E-04    4.9618352036E-05    5.5455551569E-05
      7111.9916587044      -17.8042806000       -1.2444126452    1.0857241139E-04    5.1775990705E-05    5.6796420685E-05
      7112.0916587044      -17.7042806000       -1.2338217681    1.1188370394E-04    5.3952518546E-05    5.7931185390E-05
      7112.1916587044      -17.6042806000       -1.2231391035    1.1502010262E-04    5.6145956992E-05    5.8874145633E-05
      7112.2916587044      -17.5042806000       -1.2123624006    1.1799016184E-04    5.8353762654E-05    5.9636399186E-05
      7112.3916587044      -17.4042806000       -1.2014889076    1.2079968595E-04    6.0574294764E-05    6.0225391183E-05
      7112.4916587044      -17.3042806000       -1.1905161958    1.2344684683E-04    6.2805541041E-05    6.0641305792E-05
      7112.5916587044      -17.2042806000       -1.1794413607    1.2592307394E-04    6.5045054846E-05    6.0878019092E-05
      7112.6916587044      -17.1042806000       -1.1682616348    1.2821303505E-04    6.7291607019E-05    6.0921428031E-05
      7112.7916587044      -17.0042806000       -1.1569737473    1.3029481530E-04    6.9542670924E-05    6.0752144381E-05
      7112.8916587044      -16.9042806000       -1.1455747332    1.3214078123E-04    7.1796826282E-05    6.0343954952E-05
      7112.9916587044      -16.8042806000       -1.1340611477    1.3371900341E-04    7.4052192389E-05    5.9666811024E-05
      7113.0916587044      -16.7042806000       -1.1224294177    1.3499714779E-04    7.6306326234E-05    5.8690821556E-05
      7113.1916587044      -16.6042806000       -1.1106758793    1.3594578777E-04    7.8557641798E-05    5.7388145972E-05
      7113.2916587044      -16.5042806000       -1.0987966719    1.3654188322E-04    8.0805498091E-05    5.5736385132E-05
      7113.3916587044      -16.4042806000       -1.0867876258    1.3676768723E-04    8.3045337483E-05    5.3722349744E-05
      7113.4916587044      -16.3042806000       -1.0746443882    1.3662539164E-04    8.5280174044E-05    5.1345217595E-05
      7113.5916587044      -16.2042806000       -1.0623623074    1.3612451527E-04    8.7504555416E-05    4.8619959856E-05
      7113.6916587044      -16.1042806000       -1.0499365615    1.3529380342E-04    8.9717438865E-05    4.5576364558E-05
      7113.7916587044      -16.0042806000       -1.0373620906    1.3417337057E-04    9.1912248315E-05    4.2261122252E-05
      7113.8916587044      -15.9042806000       -1.0246331595    1.3283248455E-04    9.4097555038E-05    3.8734929512E-05
      7113.9916587044      -15.8042806000       -1.0117441488    1.3133132106E-04    9.6261779810E-05    3.5069541248E-05
      7114.0916587044      -15.7042806000       -0.9986889138    1.2976219563E-04    9.8408818378E-05    3.1353377253E-05
      7114.1916587044      -15.6042806000       -0.9854606861    1.2821097889E-04    1.0053679358E-04    2.7674185313E-05
      7114.2916587044      -15.5042806000       -0.9720524034    1.2676819870E-04    1.0263905431E-04    2.4129144390E-05
      7114.3916587044      -15.4042806000       -0.9584566200    1.2552949543E-04    1.0471376643E-04    2.0815729001E-05
      7114.4916587044      -15.3042806000       -0.9446651558    1.2459865657E-04    1.0676388287E-04    1.7834773699E-05
      7114.5916587044      -15.2042806000       -0.9306692831    1.2407538292E-04    1.0878233789E-04    1.5293045038E-05
      7114.6916587044      -15.1042806000       -0.9164598109    1.2406046222E-04    1.1076670848E-04    1.3293753738E-05
      7114.7916587044      -15.0042806000       -0.9020264387    1.2466286276E-04    1.1271465592E-04    1.1948206836E-05
      7114.8916587044      -14.9042806000       -0.8873583607    1.2599171735E-04    1.1462344249E-04    1.1368274860E-05
      7114.9916587044      -14.8042806000       -0.8724437390    1.2816518485E-04    1.1649505344E-04    1.1670131407E-05
      7115.0916587044      -14.7042806000       -0.8572696437    1.3128691148E-04    1.1831574667E-04    1.2971164815E-05
      7115.1916587044      -14.6042806000       -0.8418220435    1.3546030284E-04    1.2008174924E-04    1.5378553601E-05
      7115.2916587044      -14.5042806000       -0.8260856597    1.4077260663E-04    1.2179926818E-04    1.8973338446E-05
      7115.3916587044      -14.4042806000       -0.8100436294    1.4724409416E-04    1.2345810722E-04    2.3785986945E-05
      7115.4916587044      -14.3042806000       -0.7936774527    1.5480303970E-04    1.2504772344E-04    2.9755316264E-05
      7115.5916587044      -14.2042806000       -0.7769666121    1.6323173812E-04    1.2656217897E-04    3.6669559149E-05
      7115.6916587044      -14.1042806000       -0.7598883343    1.7211808161E-04    1.2800413870E-04    4.4113942908E-05
      7115.7916587044      -14.0042806000       -0.7424172983    1.8077378877E-04    1.2935008584E-04    5.1423702923E-05
      7115.8916587044      -13.9042806000       -0.7245250921    1.8831516521E-04    1.3060591661E-04    5.7709248603E-05
      7115.9916587044      -13.8042806000       -0.7061796655    1.9371696449E-04    1.3174990686E-04    6.1967057629E-05
      7116.0916587044      -13.7042806000       -0.6873448074    1.9607859045E-04    1.3276880153E-04    6.3309788913E-05
      7116.1916587044      -13.6042806000       -0.6679791177    1.9485864291E-04    1.3364713988E-04    6.1211503021E-05
      7116.2916587044      -13.5042806000       -0.6480349265    1.9005266890E-04    1.3437141306E-04    5.5681255845E-05
      7116.3916587044      -13.4042806000       -0.6274570930    1.8217156380E-04    1.3491939753E-04    4.7252166262E-05
      7116.4916587044      -13.3042806000       -0.6061812003    1.7205946446E-04    1.3525356812E-04    3.6805896343E-05
      7116.5916587044      -13.2042806000       -0.5841308174    1.6067598441E-04    1.3535173165E-04    2.5324252767E-05
      7116.6916587044      -13.1042806000       -0.5612147089    1.4885966316E-04    1.3516979073E-04    1.3689872429E-05
      7116.7916587044      -13.0042806000       -0.5373221941    1.3724885404E-04    1.3465911030E-04    2.5897437457E-06
      7116.8916587044      -12.9042806000       -0.5123165798    1.2626611016E-04    1.3376599775E-04   -7.4998875958E-06
      7116.9916587044      -12.8042806000       -0.4860262017    1.1614525667E-04    1.3241427126E-04   -1.6269014588E-05
      7117.0916587044      -12.7042806000       -0.4582299055    1.0697137723E-04    1.3051321827E-04   -2.3541841039E-05
      7117.1916587044      -12.6042806000       -0.4286348218    9.8748546760E-05    1.2797215552E-04   -2.9223608761E-05
      7117.2916587044      -12.5042806000       -0.3968387263    9.1391944296E-05    1.2467197640E-04   -3.3280032105E-05
      7117.3916587044      -12.4042806000       -0.3622625460    8.4767169513E-05    1.2049807449E-04   -3.5730904981E-05
      7117.4916587044      -12.3042806000       -0.3240174632    7.8683750896E-05    1.1533318465E-04   -3.6649433756E-05
      7117.5916587044      -12.2042806000       -0.2806073544    7.2953924458E-05    1.0911970937E-04   -3.6165784910E-05
      7117.6916587044      -12.1042806000       -0.2291149527    6.7408094852E-05    1.0189054019E-04   -3.4482445334E-05
      7117.7916587044      -12.0042806000       -0.1620087316    6.1932824891E-05    9.3801577978E-05   -3.1868753087E-05
      7117.8916587044      -11.9042806000        0.0000000000    5.6505856492E-05    8.5182548315E-05   -2.8676691822E-05
      7117.9916587044      -11.8042806000        0.1620087316    5.1321854381E-05    7.6446815216E-05   -2.5124960835E-05
      7118.0916587044      -11.7042806000        0.2291149527    4.6402051436E-05    6.8033632241E-05   -2.1631580805E-05
      7118.1916587044      -11.6042806000        0.2806073544    4.1882057291E-05    6.0276810235E-05   -1.8394752944E-05
      7118.2916587044      -11.5042806000        0.3240174632    3.7830841836E-05    5.3359748345E-05   -1.5528906509E-05
      7118.3916587044      -11.4042806000        0.3622625460    3.4260915565E-05    4.7329857105E-05   -1.3068941540E-05
      7118.4916587044      -11.3042806000        0.3968387263    3.1145217099E-05    4.2143262491E-05   -1.0998045391E-05
      7118.5916587044      -11.2042806000        0.4286348218    2.8436371445E-05    3.7709985419E-05   -9.2736139737E-06
      7118.6916587044      -11.1042806000        0.4582299055    2.6080850500E-05    3.3925669195E-05   -7.8448186953E-06
      7118.7916587044      -11.0042806000        0.4860262017    2.4027036864E-05    3.0689250081E-05   -6.6622132167E-06
      7118.8916587044      -10.9042806000        0.5123165798    2.2228845647E-05    2.7910797361E-05   -5.6819517141E-06
      7118.9916587044      -10.8042806000        0.5373221941    2.0646768068E-05    2.5513759931E-05   -4.8669918633E-06
      7119.0916587044      -10.7042806000        0.5612147089    1.9247647086E-05    2.3434497281E-05   -4.1868501949E-06
      7119.1916587044      -10.6042806000        0.5841308174    1.8003940528E-05    2.1620726794E-05   -3.6167862665E-06
      7119.2916587044      -10.5042806000        0.6061812003    1.6892854933E-05    2.0029706159E-05   -3.1368512265E-06
      7119.3916587044      -10.4042806000        0.6274570930    1.5895522083E-05    1.8626514449E-05   -2.7309923663E-06
      7119.4916587044      -10.3042806000        0.6480349265    1.4996281894E-05    1.7382564169E-05   -2.3862822748E-06
      7119.5916587044      -10.2042806000        0.6679791177    1.4182084430E-05    1.6274368715E-05   -2.0922842847E-06
      7119.6916587044      -10.1042806000        0.6873448074    1.3442002360E-05    1.5282544821E-05   -1.8405424609E-06
      7119.7916587044      -10.0042806000        0.7061796655    1.2766837954E-05    1.4391014815E-05   -1.6241768606E-06
      7119.8916586644       -9.9042806400        0.7245250921    1.2148808051E-05    1.3586372429E-05   -1.4375643788E-06
      7119.9916586644       -9.8042806400        0.7424172983    1.1581290404E-05    1.2857377626E-05   -1.2760872222E-06
      7120.0916586644       -9.7042806400        0.7598883343    1.1058622331E-05    1.2194557872E-05   -1.1359355412E-06
      7120.1916586644       -9.6042806400        0.7769666121    1.0575936373E-05    1.1589887430E-05   -1.0139510565E-06
      7120.2916586644       -9.5042806400        0.7936774527    1.0129028520E-05    1.1036532152E-05   -9.0750363235E-07
      7120.3916586644       -9.4042806400        0.8100436294    9.7142509579E-06    1.0528644126E-05   -8.1439316842E-07
      7120.4916586644       -9.3042806400        0.8260856597    9.3284245514E-06    1.0061195895E-05   -7.3277134343E-07
      7120.5916586644       -9.2042806400        0.8418220435    8.9687670377E-06    9.6298459576E-06   -6.6107891991E-07
      7120.6916586644       -9.1042806400        0.8572696437    8.6328338340E-06    9.2308291234E-06   -5.9799528935E-07
      7120.7916586644       -9.0042806400        0.8724437390    8.3184689875E-06    8.8608666716E-06   -5.4239768416E-07
      7120.8916586644       -8.9042806400        0.8873583607    8.0237643315E-06    8.5170923874E-06   -4.9332805588E-07
      7120.9916586644       -8.8042806400        0.9020264387    7.7470253141E-06    8.1969913735E-06   -4.4996605939E-07
      7121.0916586644       -8.7042806400        0.9164598109    7.4867422740E-06    7.8983491959E-06   -4.1160692191E-07
      7121.1916586644       -8.6042806400        0.9306692831    7.2415661899E-06    7.6192094266E-06   -3.7764323676E-07
      7121.2916586644       -8.5042806400        0.9446651558    7.0102881165E-06    7.3578380409E-06   -3.4754992442E-07
      7121.3916586644       -8.4042806400        0.9584566200    6.7918216767E-06    7.1126934371E-06   -3.2087176045E-07
      7121.4916586644       -8.3042806400        0.9720524034    6.5851880957E-06    6.8824010879E-06   -2.9721299220E-07
      7121.5916586644       -8.2042806400        0.9854606861    6.3895033599E-06    6.6657320224E-06   -2.7622866253E-07
      7121.6916586644       -8.1042806400        0.9986889138    6.2039671585E-06    6.4615844923E-06   -2.5761733380E-07
      7121.7916586644       -8.0042806400        1.0117441488    6.0278533281E-06    6.2689682931E-06   -2.4111496501E-07
      7121.8916586644       -7.9042806400        1.0246331595    5.8605015676E-06    6.0869913098E-06   -2.2648974222E-07
      7121.9916586644       -7.8042806400        1.0373620906    5.7013102321E-06    5.9148479318E-06   -2.1353769971E-07
      7122.0916586644       -7.7042806400        1.0499365615    5.5497300464E-06    5.7518090460E-06   -2.0207899956E-07
      7122.1916586644       -7.6042806400        1.0623623074    5.4052586037E-06    5.5972133648E-06   -1.9195476108E-07
      7122.2916586644       -7.5042806400        1.0746443882    5.2674355393E-06    5.4504598904E-06   -1.8302435111E-07
      7122.3916586644       -7.4042806400        1.0867876258    5.1358382837E-06    5.3110013455E-06   -1.7516306182E-07
      7122.4916586644       -7.3042806400        1.0987966719    5.0100783167E-06    5.1783384320E-06   -1.6826011521E-07
      7122.5916586644       -7.2042806400        1.1106758793    4.8897978556E-06    5.0520147995E-06   -1.6221694392E-07
      7122.6916586644       -7.1042806400        1.1224294177    4.7746669184E-06    4.9316126249E-06   -1.5694570649E-07
      7122.7916586644       -7.0042806400        1.1340611477    4.6643807159E-06    4.8167487179E-06   -1.5236800192E-07
      7122.8916586644       -6.9042806400        1.1455747332    4.5586573290E-06    4.7070710833E-06   -1.4841375428E-07
