# Once                                                             FEFF 10.0.0
# POT  SCF  30  3.0000   0, NO core-hole, AFOLP (folp(0)= 1.150)
# Abs   Z=19 Rmt= 1.786 Rnm= 1.836 K  shell
# Pot 1 Z=19 Rmt= 1.786 Rnm= 1.836
# Pot 2 Z=30 Rmt= 1.286 Rnm= 1.405
# Pot 3 Z= 9 Rmt= 1.111 Rnm= 1.167
# Pot 4 Z= 9 Rmt= 1.062 Rnm= 1.118
# Gam_ch=6.796E-01 H-L exch Vi= 0.000E+00 Vr= 0.000E+00
# Mu=-7.218E+00eV kf=1.751E+00 Vint=-1.458E+01eV Rs_int= 2.071
#  -----------------------------------------------------------------------
#   0.93945E+00  0.14510E+01  0.60481E+00 -0.2652616E+00  0.1327623E+03 method to calculate xsect
#   6.7963000E-01    351    301
#       em              xsnorm            xsec  
 -0.372181374E+02  0.33981E+00  0.47100E-03  0.96220E-03  0.23998E-04
 -0.371181374E+02  0.33981E+00  0.48825E-03  0.96927E-03  0.24279E-04
 -0.370181374E+02  0.33981E+00  0.50644E-03  0.97642E-03  0.24564E-04
 -0.369181374E+02  0.33981E+00  0.52563E-03  0.98366E-03  0.24856E-04
 -0.368181374E+02  0.33981E+00  0.54591E-03  0.99098E-03  0.25153E-04
 -0.367181374E+02  0.33981E+00  0.56737E-03  0.99840E-03  0.25456E-04
 -0.366181374E+02  0.33981E+00  0.59009E-03  0.10059E-02  0.25766E-04
 -0.365181374E+02  0.33981E+00  0.61420E-03  0.10135E-02  0.26081E-04
 -0.364181374E+02  0.33981E+00  0.63980E-03  0.10212E-02  0.26403E-04
 -0.363181374E+02  0.33981E+00  0.66704E-03  0.10290E-02  0.26731E-04
 -0.362181374E+02  0.33981E+00  0.69606E-03  0.10368E-02  0.27066E-04
 -0.361181374E+02  0.33981E+00  0.72702E-03  0.10448E-02  0.27408E-04
 -0.360181374E+02  0.33981E+00  0.76013E-03  0.10529E-02  0.27757E-04
 -0.359181374E+02  0.33981E+00  0.79559E-03  0.10611E-02  0.28114E-04
 -0.358181374E+02  0.33981E+00  0.83364E-03  0.10694E-02  0.28477E-04
 -0.357181374E+02  0.33981E+00  0.87457E-03  0.10778E-02  0.28849E-04
 -0.356181374E+02  0.33981E+00  0.91868E-03  0.10863E-02  0.29228E-04
 -0.355181374E+02  0.33981E+00  0.96635E-03  0.10949E-02  0.29615E-04
 -0.354181374E+02  0.33981E+00  0.10180E-02  0.11036E-02  0.30011E-04
 -0.353181374E+02  0.33981E+00  0.10741E-02  0.11125E-02  0.30414E-04
 -0.352181374E+02  0.33981E+00  0.11352E-02  0.11214E-02  0.30827E-04
 -0.351181374E+02  0.33981E+00  0.12020E-02  0.11305E-02  0.31248E-04
 -0.350181374E+02  0.33981E+00  0.12753E-02  0.11397E-02  0.31678E-04
 -0.349181374E+02  0.33981E+00  0.13560E-02  0.11491E-02  0.32116E-04
 -0.348181374E+02  0.33981E+00  0.14453E-02  0.11586E-02  0.32564E-04
 -0.347181374E+02  0.33981E+00  0.15446E-02  0.11682E-02  0.33021E-04
 -0.346181374E+02  0.33981E+00  0.16553E-02  0.11779E-02  0.33487E-04
 -0.345181374E+02  0.33981E+00  0.17797E-02  0.11878E-02  0.33962E-04
 -0.344181374E+02  0.33981E+00  0.19203E-02  0.11978E-02  0.34446E-04
 -0.343181374E+02  0.33981E+00  0.20801E-02  0.12080E-02  0.34938E-04
 -0.342181374E+02  0.33981E+00  0.22633E-02  0.12183E-02  0.35437E-04
 -0.341181374E+02  0.33981E+00  0.24748E-02  0.12288E-02  0.35943E-04
 -0.340181374E+02  0.33981E+00  0.27216E-02  0.12394E-02  0.36453E-04
 -0.339181374E+02  0.33981E+00  0.30124E-02  0.12501E-02  0.36965E-04
 -0.338181374E+02  0.33981E+00  0.33587E-02  0.12611E-02  0.37475E-04
 -0.337181374E+02  0.33981E+00  0.37764E-02  0.12722E-02  0.37975E-04
 -0.336181374E+02  0.33981E+00  0.42862E-02  0.12834E-02  0.38457E-04
 -0.335181374E+02  0.33981E+00  0.49151E-02  0.12948E-02  0.38906E-04
 -0.334181374E+02  0.33981E+00  0.56963E-02  0.13065E-02  0.39298E-04
 -0.333181374E+02  0.33981E+00  0.66607E-02  0.13183E-02  0.39606E-04
 -0.332181374E+02  0.33981E+00  0.78106E-02  0.13305E-02  0.39809E-04
 -0.331181374E+02  0.33981E+00  0.90520E-02  0.13430E-02  0.39940E-04
 -0.330181374E+02  0.33981E+00  0.10111E-01  0.13561E-02  0.40163E-04
 -0.329181374E+02  0.33981E+00  0.10587E-01  0.13697E-02  0.40737E-04
 -0.328181374E+02  0.33981E+00  0.10271E-01  0.13835E-02  0.41776E-04
 -0.327181374E+02  0.33981E+00  0.93753E-02  0.13971E-02  0.43099E-04
 -0.326181374E+02  0.33981E+00  0.82943E-02  0.14107E-02  0.44449E-04
 -0.325181374E+02  0.33981E+00  0.72839E-02  0.14243E-02  0.45707E-04
 -0.324181374E+02  0.33981E+00  0.64285E-02  0.14381E-02  0.46869E-04
 -0.323181374E+02  0.33981E+00  0.57288E-02  0.14521E-02  0.47963E-04
 -0.322181374E+02  0.33981E+00  0.51601E-02  0.14664E-02  0.49019E-04
 -0.321181374E+02  0.33981E+00  0.46955E-02  0.14810E-02  0.50057E-04
 -0.320181374E+02  0.33981E+00  0.43123E-02  0.14958E-02  0.51092E-04
 -0.319181374E+02  0.33981E+00  0.39927E-02  0.15110E-02  0.52135E-04
 -0.318181374E+02  0.33981E+00  0.37235E-02  0.15264E-02  0.53192E-04
 -0.317181374E+02  0.33981E+00  0.34944E-02  0.15422E-02  0.54270E-04
 -0.316181374E+02  0.33981E+00  0.32976E-02  0.15582E-02  0.55371E-04
 -0.315181374E+02  0.33981E+00  0.31272E-02  0.15746E-02  0.56501E-04
 -0.314181374E+02  0.33981E+00  0.29786E-02  0.15913E-02  0.57660E-04
 -0.313181374E+02  0.33981E+00  0.28481E-02  0.16084E-02  0.58853E-04
 -0.312181374E+02  0.33981E+00  0.27329E-02  0.16258E-02  0.60081E-04
 -0.311181374E+02  0.33981E+00  0.26308E-02  0.16436E-02  0.61347E-04
 -0.310181374E+02  0.33981E+00  0.25397E-02  0.16617E-02  0.62652E-04
 -0.309181374E+02  0.33981E+00  0.24583E-02  0.16802E-02  0.64000E-04
 -0.308181374E+02  0.33981E+00  0.23853E-02  0.16992E-02  0.65391E-04
 -0.307181374E+02  0.33981E+00  0.23195E-02  0.17185E-02  0.66829E-04
 -0.306181374E+02  0.33981E+00  0.22601E-02  0.17383E-02  0.68316E-04
 -0.305181374E+02  0.33981E+00  0.22064E-02  0.17585E-02  0.69855E-04
 -0.304181374E+02  0.33981E+00  0.21578E-02  0.17792E-02  0.71447E-04
 -0.303181374E+02  0.33981E+00  0.21137E-02  0.18004E-02  0.73097E-04
 -0.302181374E+02  0.33981E+00  0.20737E-02  0.18220E-02  0.74806E-04
 -0.301181374E+02  0.33981E+00  0.20374E-02  0.18442E-02  0.76577E-04
 -0.300181374E+02  0.33981E+00  0.20045E-02  0.18668E-02  0.78415E-04
 -0.299181374E+02  0.33981E+00  0.19747E-02  0.18900E-02  0.80322E-04
 -0.298181374E+02  0.33981E+00  0.19477E-02  0.19138E-02  0.82301E-04
 -0.297181374E+02  0.33981E+00  0.19233E-02  0.19382E-02  0.84358E-04
 -0.296181374E+02  0.33981E+00  0.19013E-02  0.19632E-02  0.86495E-04
 -0.295181374E+02  0.33981E+00  0.18815E-02  0.19888E-02  0.88717E-04
 -0.294181374E+02  0.33981E+00  0.18638E-02  0.20151E-02  0.91030E-04
 -0.293181374E+02  0.33981E+00  0.18481E-02  0.20421E-02  0.93437E-04
 -0.292181374E+02  0.33981E+00  0.18343E-02  0.20698E-02  0.95944E-04
 -0.291181374E+02  0.33981E+00  0.18221E-02  0.20982E-02  0.98557E-04
 -0.290181374E+02  0.33981E+00  0.18117E-02  0.21274E-02  0.10128E-03
 -0.289181374E+02  0.33981E+00  0.18028E-02  0.21574E-02  0.10412E-03
 -0.288181374E+02  0.33981E+00  0.17954E-02  0.21883E-02  0.10709E-03
 -0.287181374E+02  0.33981E+00  0.17895E-02  0.22200E-02  0.11020E-03
 -0.286181374E+02  0.33981E+00  0.17850E-02  0.22527E-02  0.11344E-03
 -0.285181374E+02  0.33981E+00  0.17818E-02  0.22864E-02  0.11683E-03
 -0.284181374E+02  0.33981E+00  0.17800E-02  0.23210E-02  0.12038E-03
 -0.283181374E+02  0.33981E+00  0.17794E-02  0.23567E-02  0.12410E-03
 -0.282181374E+02  0.33981E+00  0.17801E-02  0.23935E-02  0.12800E-03
 -0.281181374E+02  0.33981E+00  0.17821E-02  0.24315E-02  0.13210E-03
 -0.280181374E+02  0.33981E+00  0.17853E-02  0.24707E-02  0.13640E-03
 -0.279181374E+02  0.33981E+00  0.17898E-02  0.25112E-02  0.14091E-03
 -0.278181374E+02  0.33981E+00  0.17954E-02  0.25530E-02  0.14567E-03
 -0.277181374E+02  0.33981E+00  0.18023E-02  0.25962E-02  0.15067E-03
 -0.276181374E+02  0.33981E+00  0.18105E-02  0.26409E-02  0.15594E-03
 -0.275181374E+02  0.33981E+00  0.18199E-02  0.26872E-02  0.16150E-03
 -0.274181374E+02  0.33981E+00  0.18305E-02  0.27351E-02  0.16737E-03
 -0.273181374E+02  0.33981E+00  0.18425E-02  0.27848E-02  0.17357E-03
 -0.272181374E+02  0.33981E+00  0.18558E-02  0.28363E-02  0.18013E-03
 -0.271181374E+02  0.33981E+00  0.18704E-02  0.28898E-02  0.18708E-03
 -0.270181374E+02  0.33981E+00  0.18864E-02  0.29454E-02  0.19445E-03
 -0.269181374E+02  0.33981E+00  0.19039E-02  0.30031E-02  0.20227E-03
 -0.268181374E+02  0.33981E+00  0.19228E-02  0.30632E-02  0.21058E-03
 -0.267181374E+02  0.33981E+00  0.19433E-02  0.31257E-02  0.21943E-03
 -0.266181374E+02  0.33981E+00  0.19654E-02  0.31909E-02  0.22885E-03
 -0.265181374E+02  0.33981E+00  0.19892E-02  0.32589E-02  0.23891E-03
 -0.264181374E+02  0.33981E+00  0.20147E-02  0.33298E-02  0.24965E-03
 -0.263181374E+02  0.33981E+00  0.20421E-02  0.34039E-02  0.26115E-03
 -0.262181374E+02  0.33981E+00  0.20715E-02  0.34815E-02  0.27347E-03
 -0.261181374E+02  0.33981E+00  0.21029E-02  0.35627E-02  0.28670E-03
 -0.260181374E+02  0.33981E+00  0.21365E-02  0.36479E-02  0.30093E-03
 -0.259181374E+02  0.33981E+00  0.21725E-02  0.37372E-02  0.31626E-03
 -0.258181374E+02  0.33981E+00  0.22109E-02  0.38311E-02  0.33281E-03
 -0.257181374E+02  0.33981E+00  0.22521E-02  0.39299E-02  0.35070E-03
 -0.256181374E+02  0.33981E+00  0.22961E-02  0.40340E-02  0.37010E-03
 -0.255181374E+02  0.33981E+00  0.23432E-02  0.41438E-02  0.39117E-03
 -0.254181374E+02  0.33981E+00  0.23936E-02  0.42599E-02  0.41411E-03
 -0.253181374E+02  0.33981E+00  0.24477E-02  0.43827E-02  0.43914E-03
 -0.252181374E+02  0.33981E+00  0.25057E-02  0.45129E-02  0.46654E-03
 -0.251181374E+02  0.33981E+00  0.25679E-02  0.46511E-02  0.49661E-03
 -0.250181374E+02  0.33981E+00  0.26349E-02  0.47982E-02  0.52970E-03
 -0.249181374E+02  0.33981E+00  0.27070E-02  0.49550E-02  0.56623E-03
 -0.248181374E+02  0.33981E+00  0.27847E-02  0.51225E-02  0.60671E-03
 -0.247181374E+02  0.33981E+00  0.28687E-02  0.53018E-02  0.65171E-03
 -0.246181374E+02  0.33981E+00  0.29596E-02  0.54941E-02  0.70192E-03
 -0.245181374E+02  0.33981E+00  0.30583E-02  0.57011E-02  0.75820E-03
 -0.244181374E+02  0.33981E+00  0.31656E-02  0.59243E-02  0.82155E-03
 -0.243181374E+02  0.33981E+00  0.32827E-02  0.61657E-02  0.89320E-03
 -0.242181374E+02  0.33981E+00  0.34108E-02  0.64276E-02  0.97466E-03
 -0.241181374E+02  0.33981E+00  0.35514E-02  0.67127E-02  0.10678E-02
 -0.240181374E+02  0.33981E+00  0.37063E-02  0.70240E-02  0.11749E-02
 -0.239181374E+02  0.33981E+00  0.38777E-02  0.73653E-02  0.12990E-02
 -0.238181374E+02  0.33981E+00  0.40681E-02  0.77410E-02  0.14437E-02
 -0.237181374E+02  0.33981E+00  0.42806E-02  0.81561E-02  0.16139E-02
 -0.236181374E+02  0.33981E+00  0.45193E-02  0.86169E-02  0.18159E-02
 -0.235181374E+02  0.33981E+00  0.47888E-02  0.91309E-02  0.20580E-02
 -0.234181374E+02  0.33981E+00  0.50953E-02  0.97068E-02  0.23512E-02
 -0.233181374E+02  0.33981E+00  0.54465E-02  0.10355E-01  0.27109E-02
 -0.232181374E+02  0.33981E+00  0.58522E-02  0.11089E-01  0.31583E-02
 -0.231181374E+02  0.33981E+00  0.63253E-02  0.11921E-01  0.37232E-02
 -0.230181374E+02  0.33981E+00  0.68825E-02  0.12868E-01  0.44488E-02
 -0.229181374E+02  0.33981E+00  0.75461E-02  0.13943E-01  0.53987E-02
 -0.228181374E+02  0.33981E+00  0.83451E-02  0.15151E-01  0.66675E-02
 -0.227181374E+02  0.33981E+00  0.93173E-02  0.16472E-01  0.83963E-02
 -0.226181374E+02  0.33981E+00  0.10507E-01  0.17821E-01  0.10790E-01
 -0.225181374E+02  0.33981E+00  0.11959E-01  0.18965E-01  0.14114E-01
 -0.224181374E+02  0.33981E+00  0.13679E-01  0.19382E-01  0.18600E-01
 -0.223181374E+02  0.33981E+00  0.15569E-01  0.18196E-01  0.24107E-01
 -0.222181374E+02  0.33981E+00  0.17356E-01  0.14630E-01  0.29701E-01
 -0.221181374E+02  0.33981E+00  0.18694E-01  0.87883E-02  0.34120E-01
 -0.220181374E+02  0.33981E+00  0.19306E-01  0.11164E-02  0.36510E-01
 -0.219181374E+02  0.33981E+00  0.18910E-01 -0.76009E-02  0.35564E-01
 -0.218181374E+02  0.33981E+00  0.17464E-01 -0.14827E-01  0.30759E-01
 -0.217181374E+02  0.33981E+00  0.15446E-01 -0.18578E-01  0.24229E-01
 -0.216181374E+02  0.33981E+00  0.13416E-01 -0.19396E-01  0.18310E-01
 -0.215181374E+02  0.33981E+00  0.11646E-01 -0.18678E-01  0.13789E-01
 -0.214181374E+02  0.33981E+00  0.10187E-01 -0.17381E-01  0.10537E-01
 -0.213181374E+02  0.33981E+00  0.90026E-02 -0.15969E-01  0.82173E-02
 -0.212181374E+02  0.33981E+00  0.80393E-02 -0.14626E-01  0.65432E-02
 -0.211181374E+02  0.33981E+00  0.72487E-02 -0.13413E-01  0.53117E-02
 -0.210181374E+02  0.33981E+00  0.65925E-02 -0.12340E-01  0.43867E-02
 -0.209181374E+02  0.33981E+00  0.60417E-02 -0.11397E-01  0.36778E-02
 -0.208181374E+02  0.33981E+00  0.55744E-02 -0.10569E-01  0.31245E-02
 -0.207181374E+02  0.33981E+00  0.51740E-02 -0.98392E-02  0.26853E-02
 -0.206181374E+02  0.33981E+00  0.48278E-02 -0.91942E-02  0.23314E-02
 -0.205181374E+02  0.33981E+00  0.45262E-02 -0.86211E-02  0.20425E-02
 -0.204181374E+02  0.33981E+00  0.42616E-02 -0.81096E-02  0.18037E-02
 -0.203181374E+02  0.33981E+00  0.40281E-02 -0.76507E-02  0.16042E-02
 -0.202181374E+02  0.33981E+00  0.38208E-02 -0.72371E-02  0.14359E-02
 -0.201181374E+02  0.33981E+00  0.36361E-02 -0.68626E-02  0.12927E-02
 -0.200181374E+02  0.33981E+00  0.34708E-02 -0.65223E-02  0.11699E-02
 -0.199181374E+02  0.33981E+00  0.33224E-02 -0.62116E-02  0.10638E-02
 -0.198181374E+02  0.33981E+00  0.31888E-02 -0.59271E-02  0.97151E-03
 -0.197181374E+02  0.33981E+00  0.30684E-02 -0.56655E-02  0.89079E-03
 -0.196181374E+02  0.33981E+00  0.29597E-02 -0.54242E-02  0.81977E-03
 -0.195181374E+02  0.33981E+00  0.28615E-02 -0.52011E-02  0.75696E-03
 -0.194181374E+02  0.33981E+00  0.27729E-02 -0.49940E-02  0.70117E-03
 -0.193181374E+02  0.33981E+00  0.26930E-02 -0.48015E-02  0.65138E-03
 -0.192181374E+02  0.33981E+00  0.26212E-02 -0.46219E-02  0.60677E-03
 -0.191181374E+02  0.33981E+00  0.25571E-02 -0.44541E-02  0.56665E-03
 -0.190181374E+02  0.33981E+00  0.25001E-02 -0.42968E-02  0.53044E-03
 -0.189181374E+02  0.33981E+00  0.24499E-02 -0.41492E-02  0.49766E-03
 -0.188181374E+02  0.33981E+00  0.24064E-02 -0.40103E-02  0.46787E-03
 -0.187181374E+02  0.33981E+00  0.23695E-02 -0.38794E-02  0.44075E-03
 -0.186181374E+02  0.33981E+00  0.23392E-02 -0.37559E-02  0.41597E-03
 -0.185181374E+02  0.33981E+00  0.23155E-02 -0.36390E-02  0.39328E-03
 -0.184181374E+02  0.33981E+00  0.22989E-02 -0.35283E-02  0.37245E-03
 -0.183181374E+02  0.33981E+00  0.22896E-02 -0.34233E-02  0.35328E-03
 -0.182181374E+02  0.33981E+00  0.22883E-02 -0.33234E-02  0.33561E-03
 -0.181181374E+02  0.33981E+00  0.22958E-02 -0.32285E-02  0.31929E-03
 -0.180181374E+02  0.33981E+00  0.23132E-02 -0.31380E-02  0.30418E-03
 -0.179181374E+02  0.33981E+00  0.23419E-02 -0.30517E-02  0.29016E-03
 -0.178181374E+02  0.33981E+00  0.23841E-02 -0.29692E-02  0.27714E-03
 -0.177181374E+02  0.33981E+00  0.24420E-02 -0.28904E-02  0.26503E-03
 -0.176181374E+02  0.33981E+00  0.25192E-02 -0.28149E-02  0.25373E-03
 -0.175181374E+02  0.33981E+00  0.26197E-02 -0.27425E-02  0.24318E-03
 -0.174181374E+02  0.33981E+00  0.27486E-02 -0.26731E-02  0.23331E-03
 -0.173181374E+02  0.33981E+00  0.29111E-02 -0.26064E-02  0.22406E-03
 -0.172181374E+02  0.33981E+00  0.31097E-02 -0.25422E-02  0.21536E-03
 -0.171181374E+02  0.33981E+00  0.33368E-02 -0.24804E-02  0.20715E-03
 -0.170181374E+02  0.33981E+00  0.35563E-02 -0.24209E-02  0.19941E-03
 -0.169181374E+02  0.33981E+00  0.36782E-02 -0.23633E-02  0.19213E-03
 -0.168181374E+02  0.33981E+00  0.35728E-02 -0.23076E-02  0.18536E-03
 -0.167181374E+02  0.33981E+00  0.31912E-02 -0.22538E-02  0.17916E-03
 -0.166181374E+02  0.33981E+00  0.26521E-02 -0.22018E-02  0.17344E-03
 -0.165181374E+02  0.33981E+00  0.21170E-02 -0.21516E-02  0.16808E-03
 -0.164181374E+02  0.33981E+00  0.16668E-02 -0.21030E-02  0.16302E-03
 -0.163181374E+02  0.33981E+00  0.13125E-02 -0.20559E-02  0.15822E-03
 -0.162181374E+02  0.33981E+00  0.10390E-02 -0.20103E-02  0.15367E-03
 -0.161181374E+02  0.33981E+00  0.82746E-03 -0.19659E-02  0.14938E-03
 -0.160181374E+02  0.33981E+00  0.66238E-03 -0.19228E-02  0.14533E-03
 -0.159181374E+02  0.33981E+00  0.53210E-03 -0.18808E-02  0.14153E-03
 -0.158181374E+02  0.33981E+00  0.42814E-03 -0.18399E-02  0.13795E-03
 -0.157181374E+02  0.33981E+00  0.34440E-03 -0.18000E-02  0.13461E-03
 -0.156181374E+02  0.33981E+00  0.27641E-03 -0.17610E-02  0.13149E-03
 -0.155181374E+02  0.33981E+00  0.22089E-03 -0.17230E-02  0.12860E-03
 -0.154181374E+02  0.33981E+00  0.17540E-03 -0.16857E-02  0.12593E-03
 -0.153181374E+02  0.33981E+00  0.13809E-03 -0.16493E-02  0.12350E-03
 -0.152181374E+02  0.33981E+00  0.10757E-03 -0.16135E-02  0.12132E-03
 -0.151181374E+02  0.33981E+00  0.82774E-04 -0.15784E-02  0.11940E-03
 -0.150181374E+02  0.33981E+00  0.62922E-04 -0.15438E-02  0.11777E-03
 -0.149181374E+02  0.33981E+00  0.47436E-04 -0.15098E-02  0.11649E-03
 -0.148181374E+02  0.33981E+00  0.35930E-04 -0.14763E-02  0.11562E-03
 -0.147181374E+02  0.33981E+00  0.28172E-04 -0.14432E-02  0.11525E-03
 -0.146181374E+02  0.33981E+00  0.23988E-04 -0.14105E-02  0.11550E-03
 -0.145181374E+02  0.33981E+00  0.23093E-04 -0.13784E-02  0.11648E-03
 -0.144181374E+02  0.33981E+00  0.24953E-04 -0.13469E-02  0.11824E-03
 -0.143181374E+02  0.33981E+00  0.28880E-04 -0.13163E-02  0.12076E-03
 -0.142181374E+02  0.33981E+00  0.34238E-04 -0.12867E-02  0.12393E-03
 -0.141181374E+02  0.33981E+00  0.40543E-04 -0.12580E-02  0.12766E-03
 -0.140181374E+02  0.33981E+00  0.47459E-04 -0.12304E-02  0.13183E-03
 -0.139181374E+02  0.33981E+00  0.54754E-04 -0.12037E-02  0.13633E-03
 -0.138181374E+02  0.33981E+00  0.62269E-04 -0.11781E-02  0.14109E-03
 -0.137181374E+02  0.33981E+00  0.69893E-04 -0.11534E-02  0.14604E-03
 -0.136181374E+02  0.33981E+00  0.77547E-04 -0.11296E-02  0.15112E-03
 -0.135181374E+02  0.33981E+00  0.85174E-04 -0.11066E-02  0.15628E-03
 -0.134181374E+02  0.33981E+00  0.92736E-04 -0.10845E-02  0.16149E-03
 -0.133181374E+02  0.33981E+00  0.10020E-03 -0.10631E-02  0.16671E-03
 -0.132181374E+02  0.33981E+00  0.10755E-03 -0.10425E-02  0.17193E-03
 -0.131181374E+02  0.33981E+00  0.11477E-03 -0.10226E-02  0.17713E-03
 -0.130181374E+02  0.33981E+00  0.12185E-03 -0.10034E-02  0.18228E-03
 -0.129181374E+02  0.33981E+00  0.12879E-03 -0.98471E-03  0.18739E-03
 -0.128181374E+02  0.33981E+00  0.13557E-03 -0.96667E-03  0.19243E-03
 -0.127181374E+02  0.33981E+00  0.14220E-03 -0.94918E-03  0.19741E-03
 -0.126181374E+02  0.33981E+00  0.14869E-03 -0.93223E-03  0.20232E-03
 -0.125181374E+02  0.33981E+00  0.15502E-03 -0.91578E-03  0.20714E-03
 -0.124181374E+02  0.33981E+00  0.16120E-03 -0.89981E-03  0.21189E-03
 -0.123181374E+02  0.33981E+00  0.16724E-03 -0.88430E-03  0.21656E-03
 -0.122181374E+02  0.33981E+00  0.17314E-03 -0.86922E-03  0.22114E-03
 -0.121181374E+02  0.33981E+00  0.17889E-03 -0.85456E-03  0.22565E-03
 -0.120181374E+02  0.33981E+00  0.18452E-03 -0.84029E-03  0.23007E-03
 -0.119181374E+02  0.33981E+00  0.19001E-03 -0.82640E-03  0.23441E-03
 -0.118181374E+02  0.33981E+00  0.19537E-03 -0.81287E-03  0.23867E-03
 -0.117181374E+02  0.33981E+00  0.20061E-03 -0.79969E-03  0.24285E-03
 -0.116181374E+02  0.33981E+00  0.20573E-03 -0.78684E-03  0.24695E-03
 -0.115181374E+02  0.33981E+00  0.21074E-03 -0.77430E-03  0.25097E-03
 -0.114181374E+02  0.33981E+00  0.21563E-03 -0.76207E-03  0.25492E-03
 -0.113181374E+02  0.33981E+00  0.22042E-03 -0.75012E-03  0.25880E-03
 -0.112181374E+02  0.33981E+00  0.22510E-03 -0.73846E-03  0.26261E-03
 -0.111181374E+02  0.33981E+00  0.22969E-03 -0.72707E-03  0.26635E-03
 -0.110181374E+02  0.33981E+00  0.23418E-03 -0.71593E-03  0.27002E-03
 -0.109181374E+02  0.33981E+00  0.23857E-03 -0.70504E-03  0.27362E-03
 -0.108181374E+02  0.33981E+00  0.24288E-03 -0.69439E-03  0.27716E-03
 -0.107181374E+02  0.33981E+00  0.24710E-03 -0.68397E-03  0.28064E-03
 -0.106181374E+02  0.33981E+00  0.25123E-03 -0.67377E-03  0.28406E-03
 -0.105181374E+02  0.33981E+00  0.25529E-03 -0.66379E-03  0.28742E-03
 -0.104181374E+02  0.33981E+00  0.25927E-03 -0.65401E-03  0.29073E-03
 -0.103181374E+02  0.33981E+00  0.26317E-03 -0.64443E-03  0.29398E-03
 -0.102181374E+02  0.33981E+00  0.26701E-03 -0.63505E-03  0.29718E-03
 -0.101181374E+02  0.33981E+00  0.27077E-03 -0.62585E-03  0.30033E-03
 -0.100181374E+02  0.33981E+00  0.27447E-03 -0.61683E-03  0.30343E-03
 -0.991813740E+01  0.33981E+00  0.27811E-03 -0.60799E-03  0.30649E-03
 -0.981813740E+01  0.33981E+00  0.28169E-03 -0.59932E-03  0.30950E-03
 -0.971813740E+01  0.33981E+00  0.28520E-03 -0.59081E-03  0.31246E-03
 -0.961813740E+01  0.33981E+00  0.28866E-03 -0.58245E-03  0.31538E-03
 -0.951813740E+01  0.33981E+00  0.29206E-03 -0.57426E-03  0.31826E-03
 -0.941813740E+01  0.33981E+00  0.29541E-03 -0.56621E-03  0.32110E-03
 -0.931813740E+01  0.33981E+00  0.29871E-03 -0.55830E-03  0.32391E-03
 -0.921813740E+01  0.33981E+00  0.30197E-03 -0.55054E-03  0.32667E-03
 -0.911813740E+01  0.33981E+00  0.30517E-03 -0.54292E-03  0.32940E-03
 -0.901813740E+01  0.33981E+00  0.30833E-03 -0.53542E-03  0.33209E-03
 -0.891813740E+01  0.33981E+00  0.31144E-03 -0.52806E-03  0.33476E-03
 -0.881813740E+01  0.33981E+00  0.31451E-03 -0.52082E-03  0.33739E-03
 -0.871813740E+01  0.33981E+00  0.31755E-03 -0.51370E-03  0.33998E-03
 -0.861813740E+01  0.33981E+00  0.32054E-03 -0.50671E-03  0.34255E-03
 -0.851813740E+01  0.33981E+00  0.32349E-03 -0.49983E-03  0.34509E-03
 -0.841813740E+01  0.33981E+00  0.32641E-03 -0.49306E-03  0.34761E-03
 -0.831813740E+01  0.33981E+00  0.32929E-03 -0.48640E-03  0.35009E-03
 -0.821813740E+01  0.33981E+00  0.33214E-03 -0.47985E-03  0.35255E-03
 -0.811813740E+01  0.33981E+00  0.33496E-03 -0.47341E-03  0.35498E-03
 -0.801813740E+01  0.33981E+00  0.33774E-03 -0.46706E-03  0.35739E-03
 -0.791813740E+01  0.33981E+00  0.34050E-03 -0.46082E-03  0.35978E-03
 -0.781813740E+01  0.33981E+00  0.34322E-03 -0.45467E-03  0.36214E-03
 -0.771813740E+01  0.33981E+00  0.34592E-03 -0.44862E-03  0.36449E-03
 -0.761813740E+01  0.33981E+00  0.34859E-03 -0.44267E-03  0.36681E-03
 -0.751813740E+01  0.33981E+00  0.35123E-03 -0.43680E-03  0.36911E-03
 -0.741813740E+01  0.33981E+00  0.35385E-03 -0.43102E-03  0.37139E-03
 -0.731813740E+01  0.33981E+00  0.35644E-03 -0.42533E-03  0.37365E-03
 -0.721813740E+01  0.33981E+00  0.35901E-03 -0.41972E-03  0.37590E-03
 -0.711813740E+01  0.33981E+00  0.36156E-03 -0.41420E-03  0.37813E-03
 -0.701813740E+01  0.33981E+00  0.36408E-03 -0.40876E-03  0.38034E-03
 -0.691813740E+01  0.33981E+00  0.36658E-03 -0.40340E-03  0.38253E-03
 -0.681813740E+01  0.33981E+00  0.36906E-03 -0.39811E-03  0.38471E-03
 -0.671813740E+01  0.33981E+00  0.37153E-03 -0.39290E-03  0.38687E-03
 -0.661813740E+01  0.33981E+00  0.37397E-03 -0.38777E-03  0.38902E-03
 -0.651813740E+01  0.33981E+00  0.37639E-03 -0.38271E-03  0.39116E-03
 -0.641813740E+01  0.33981E+00  0.37880E-03 -0.37772E-03  0.39328E-03
 -0.631813740E+01  0.33981E+00  0.38118E-03 -0.37281E-03  0.39538E-03
 -0.621813740E+01  0.33981E+00  0.38356E-03 -0.36796E-03  0.39748E-03
 -0.611813740E+01  0.33981E+00  0.38591E-03 -0.36318E-03  0.39956E-03
 -0.601813740E+01  0.33981E+00  0.38825E-03 -0.35846E-03  0.40163E-03
 -0.591813740E+01  0.33981E+00  0.39057E-03 -0.35382E-03  0.40369E-03
 -0.581813740E+01  0.33981E+00  0.39288E-03 -0.34923E-03  0.40574E-03
 -0.571813740E+01  0.33981E+00  0.39518E-03 -0.34471E-03  0.40777E-03
 -0.561813740E+01  0.33981E+00  0.39746E-03 -0.34026E-03  0.40980E-03
 -0.551813740E+01  0.33981E+00  0.39973E-03 -0.33586E-03  0.41182E-03
 -0.541813740E+01  0.33981E+00  0.40198E-03 -0.33152E-03  0.41382E-03
 -0.531813740E+01  0.33981E+00  0.40422E-03 -0.32724E-03  0.41582E-03
 -0.521813740E+01  0.33981E+00  0.40645E-03 -0.32302E-03  0.41781E-03
 -0.511813740E+01  0.33981E+00  0.40867E-03 -0.31886E-03  0.41979E-03
 -0.501813740E+01  0.33981E+00  0.41088E-03 -0.31475E-03  0.42176E-03
 -0.491813740E+01  0.33981E+00  0.41307E-03 -0.31070E-03  0.42372E-03
 -0.481813740E+01  0.33981E+00  0.41526E-03 -0.30670E-03  0.42568E-03
 -0.471813740E+01  0.33981E+00  0.41743E-03 -0.30275E-03  0.42763E-03
 -0.461813740E+01  0.33981E+00  0.41960E-03 -0.29886E-03  0.42957E-03
 -0.451813740E+01  0.33981E+00  0.42175E-03 -0.29502E-03  0.43150E-03
 -0.441813740E+01  0.33981E+00  0.42390E-03 -0.29123E-03  0.43342E-03
 -0.431813740E+01  0.33981E+00  0.42603E-03 -0.28749E-03  0.43534E-03
 -0.421813740E+01  0.33981E+00  0.42816E-03 -0.28380E-03  0.43725E-03
 -0.411813740E+01  0.33981E+00  0.43028E-03 -0.28016E-03  0.43916E-03
 -0.401813740E+01  0.33981E+00  0.43239E-03 -0.27657E-03  0.44106E-03
 -0.391813740E+01  0.33981E+00  0.43449E-03 -0.27302E-03  0.44295E-03
 -0.381813740E+01  0.33981E+00  0.43658E-03 -0.26952E-03  0.44484E-03
 -0.371813740E+01  0.33981E+00  0.43866E-03 -0.26607E-03  0.44672E-03
 -0.361813740E+01  0.33981E+00  0.44074E-03 -0.26266E-03  0.44860E-03
 -0.351813740E+01  0.33981E+00  0.44281E-03 -0.25930E-03  0.45047E-03
 -0.341813740E+01  0.33981E+00  0.44487E-03 -0.25598E-03  0.45234E-03
 -0.331813740E+01  0.33981E+00  0.44693E-03 -0.25271E-03  0.45420E-03
 -0.321813740E+01  0.33981E+00  0.44898E-03 -0.24948E-03  0.45605E-03
 -0.311813740E+01  0.33981E+00  0.45102E-03 -0.24629E-03  0.45791E-03
 -0.301813740E+01  0.33981E+00  0.45305E-03 -0.24314E-03  0.45975E-03
 -0.291813740E+01  0.33981E+00  0.45508E-03 -0.24004E-03  0.46159E-03
 -0.281813740E+01  0.33981E+00  0.45710E-03 -0.23697E-03  0.46343E-03
 -0.271813740E+01  0.33981E+00  0.45912E-03 -0.23395E-03  0.46526E-03
 -0.261813740E+01  0.33981E+00  0.46113E-03 -0.23097E-03  0.46709E-03
 -0.251813740E+01  0.33981E+00  0.46313E-03 -0.22802E-03  0.46892E-03
 -0.241813740E+01  0.33981E+00  0.46513E-03 -0.22512E-03  0.47074E-03
 -0.231813740E+01  0.33981E+00  0.46712E-03 -0.22225E-03  0.47255E-03
 -0.221813740E+01  0.33981E+00  0.46911E-03 -0.21943E-03  0.47437E-03
 -0.721813740E+01  0.50000E-02  0.35877E-03 -0.41174E-03  0.35742E-03
 -0.721813740E+01  0.10000E-01  0.35877E-03 -0.41187E-03  0.35769E-03
 -0.721813740E+01  0.11118E-01  0.35877E-03 -0.41190E-03  0.35775E-03
 -0.721813740E+01  0.16586E-01  0.35877E-03 -0.41203E-03  0.35805E-03
 -0.721813740E+01  0.24743E-01  0.35877E-03 -0.41224E-03  0.35850E-03
 -0.721813740E+01  0.36912E-01  0.35877E-03 -0.41254E-03  0.35917E-03
 -0.721813740E+01  0.55066E-01  0.35878E-03 -0.41299E-03  0.36016E-03
 -0.721813740E+01  0.82149E-01  0.35878E-03 -0.41366E-03  0.36165E-03
 -0.721813740E+01  0.12255E+00  0.35880E-03 -0.41465E-03  0.36388E-03
 -0.721813740E+01  0.18283E+00  0.35884E-03 -0.41609E-03  0.36720E-03
 -0.721813740E+01  0.27274E+00  0.35893E-03 -0.41820E-03  0.37218E-03
 -0.721813740E+01  0.40689E+00  0.35911E-03 -0.42121E-03  0.37963E-03
 -0.721813740E+01  0.60700E+00  0.35953E-03 -0.42543E-03  0.39079E-03
 -0.721813740E+01  0.90554E+00  0.36046E-03 -0.43109E-03  0.40754E-03
 -0.721813740E+01  0.13509E+01  0.36248E-03 -0.43812E-03  0.43262E-03
 -0.721813740E+01  0.20153E+01  0.36679E-03 -0.44546E-03  0.46994E-03
 -0.721813740E+01  0.30065E+01  0.37556E-03 -0.44957E-03  0.52435E-03
 -0.721813740E+01  0.44852E+01  0.39163E-03 -0.44192E-03  0.59973E-03
 -0.721813740E+01  0.66911E+01  0.41550E-03 -0.40731E-03  0.69260E-03
