# # Once                                                         FEFF 10.0.0 
# # POT  SCF  30  3.0000   0, NO core-hole, AFOLP (folp(0)= 1.150)
# # Abs   Z=51 Rmt= 1.612 Rnm= 1.804 K  shell
# # Pot 1 Z=19 Rmt= 2.010 Rnm= 2.028
# # Pot 2 Z=30 Rmt= 1.414 Rnm= 1.604
# # Pot 3 Z=51 Rmt= 1.612 Rnm= 1.804
# # Gam_ch=1.125E+01 H-L exch Vi= 0.000E+00 Vr= 0.000E+00
# # Mu=-7.614E+00eV kf=1.616E+00 Vint=-1.212E+01eV Rs_int= 2.244
# FMS rfms= 4.0000
# # PATH  Rmax= 0.100,  Keep_limit= 0.00, Heap_limit 0.00  Pwcrit= 2.50%
#  S02=1.000  Temp=   0.00  Debye_temp=   0.00  Global_sig2= 0.00000
#  Energy zero shift, vr, vi    0.00000E+00   0.00000E+00
#  Curved wave amplitude ratio filter   4.000%
#     file         sig2 tot  cw amp ratio   deg  nlegs   reff  inp sig2
#     0/   0 paths used
#  xsedge+ 50, used to normalize mu           1.0000E+00
#  -----------------------------------------------------------------------
#  omega    e    k    mu    mu0     chi     @#
     30497.1046038056      -37.6135678000       -2.8060734827    8.1304602743E-06    8.0570395291E-06    7.3420745191E-08
     30497.2046038056      -37.5135678000       -2.8013927219    8.1075281145E-06    8.0331234057E-06    7.4404708789E-08
     30497.3046038056      -37.4135678000       -2.7967044314    8.0847348543E-06    8.0093331387E-06    7.5401715591E-08
     30497.4046038056      -37.3135678000       -2.7920079635    8.0618926942E-06    7.9854806709E-06    7.6412023375E-08
     30497.5046038056      -37.2135678000       -2.7873035823    8.0387075100E-06    7.9612726321E-06    7.7434877892E-08
     30497.6046038056      -37.1135678000       -2.7825912477    8.0163997369E-06    7.9379220953E-06    7.8477641584E-08
     30497.7046038056      -37.0135678000       -2.7778710724    7.9948488992E-06    7.9153143340E-06    7.9534565194E-08
     30497.8046038056      -36.9135678000       -2.7731428629    7.9732862719E-06    7.8926742588E-06    8.0612013116E-08
     30497.9046038056      -36.8135678000       -2.7684065780    7.9515898962E-06    7.8698842675E-06    8.1705628656E-08
     30498.0046038056      -36.7135678000       -2.7636620222    7.9305071758E-06    7.8476923423E-06    8.2814833497E-08
     30498.1046038056      -36.6135678000       -2.7589093071    7.9099249126E-06    7.8259862772E-06    8.3938635488E-08
     30498.2046038056      -36.5135678000       -2.7541485450    7.8890418704E-06    7.8039581174E-06    8.5083752982E-08
     30498.3046038056      -36.4135678000       -2.7493792296    7.8685535099E-06    7.7823073545E-06    8.6246155397E-08
     30498.4046038056      -36.3135678000       -2.7446019368    7.8491485232E-06    7.7617237221E-06    8.7424801088E-08
     30498.5046038056      -36.2135678000       -2.7398161586    7.8285405050E-06    7.7399147774E-06    8.8625727582E-08
     30498.6046038056      -36.1135678000       -2.7350221619    7.8095497113E-06    7.7197045143E-06    8.9845196909E-08
     30498.7046038056      -36.0135678000       -2.7302195915    7.7905996669E-06    7.6995171237E-06    9.1082543208E-08
     30498.8046038056      -35.9135678000       -2.7254087145    7.7722227151E-06    7.6798857845E-06    9.2336930592E-08
     30498.9046038056      -35.8135678000       -2.7205891738    7.7537619773E-06    7.6601477996E-06    9.3614177658E-08
     30499.0046038056      -35.7135678000       -2.7157610802    7.7357512490E-06    7.6408333962E-06    9.4917852793E-08
     30499.1046038056      -35.6135678000       -2.7109245448    7.7180508112E-06    7.6218146990E-06    9.6236112114E-08
     30499.2046038056      -35.5135678000       -2.7060793652    7.7006044811E-06    7.6030261318E-06    9.7578349376E-08
     30499.3046038056      -35.4135678000       -2.7012253372    7.6839839457E-06    7.5850429836E-06    9.8940962102E-08
     30499.4046038056      -35.3135678000       -2.6963627289    7.6674212824E-06    7.5670915478E-06    1.0032973461E-07
     30499.5046038056      -35.2135678000       -2.6914911773    7.6507756180E-06    7.5490346632E-06    1.0174095476E-07
     30499.6046038056      -35.1135678000       -2.6866107923    7.6353209528E-06    7.5321478759E-06    1.0317307692E-07
     30499.7046038056      -35.0135678000       -2.6817216844    7.6197041449E-06    7.5150713636E-06    1.0463278137E-07
     30499.8046038056      -34.9135678000       -2.6768236467    7.6049616795E-06    7.4988453300E-06    1.0611634954E-07
     30499.9046038056      -34.8135678000       -2.6719164709    7.5904342771E-06    7.4828120752E-06    1.0762220191E-07
     30500.0046038056      -34.7135678000       -2.6670003458    7.5758791091E-06    7.4667219800E-06    1.0915712911E-07
     30500.1046038056      -34.6135678000       -2.6620749822    7.5625145939E-06    7.4517972887E-06    1.1071730515E-07
     30500.2046038056      -34.5135678000       -2.6571408892    7.5490324292E-06    7.4367309276E-06    1.1230150157E-07
     30500.3046038056      -34.4135678000       -2.6521972158    7.5364110353E-06    7.4224947180E-06    1.1391631728E-07
     30500.4046038056      -34.3135678000       -2.6472443905    7.5240133990E-06    7.4084552343E-06    1.1555816473E-07
     30500.5046038056      -34.2135678000       -2.6422825231    7.5115693928E-06    7.3943439931E-06    1.1722539974E-07
     30500.6046038056      -34.1135678000       -2.6373109976    7.5001673397E-06    7.3812425266E-06    1.1892481302E-07
     30500.7046038056      -34.0135678000       -2.6323304061    7.4890922194E-06    7.3684400633E-06    1.2065215606E-07
     30500.8046038056      -33.9135678000       -2.6273402110    7.4781849242E-06    7.3557716879E-06    1.2241323625E-07
     30500.9046038056      -33.8135678000       -2.6223404386    7.4680679915E-06    7.3438634733E-06    1.2420451817E-07
     30501.0046038056      -33.7135678000       -2.6173310341    7.4585688332E-06    7.3325442555E-06    1.2602457770E-07
     30501.1046038056      -33.6135678000       -2.6123121864    7.4486633891E-06    7.3207832374E-06    1.2788015170E-07
     30501.2046038056      -33.5135678000       -2.6072836779    7.4404294099E-06    7.3106627128E-06    1.2976669714E-07
     30501.3046038056      -33.4135678000       -2.6022454524    7.4314964435E-06    7.2998056736E-06    1.3169076992E-07
     30501.4046038056      -33.3135678000       -2.5971975353    7.4235852501E-06    7.2899368632E-06    1.3364838691E-07
     30501.5046038056      -33.2135678000       -2.5921397059    7.4167026374E-06    7.2810641634E-06    1.3563847399E-07
     30501.6046038056      -33.1135678000       -2.5870719882    7.4099748031E-06    7.2723070501E-06    1.3766775293E-07
     30501.7046038056      -33.0135678000       -2.5819943241    7.4032101306E-06    7.2634773154E-06    1.3973281526E-07
     30501.8046038056      -32.9135678000       -2.5769064895    7.3974253134E-06    7.2555934165E-06    1.4183189691E-07
     30501.9046038056      -32.8135678000       -2.5718088379    7.3919490010E-06    7.2479775084E-06    1.4397149255E-07
     30502.0046038056      -32.7135678000       -2.5667009792    7.3871730890E-06    7.2410177714E-06    1.4615531761E-07
     30502.1046038056      -32.6135678000       -2.5615830183    7.3827161907E-06    7.2343374317E-06    1.4837875899E-07
     30502.2046038056      -32.5135678000       -2.5564546449    7.3792855357E-06    7.2286444179E-06    1.5064111784E-07
     30502.3046038056      -32.4135678000       -2.5513159630    7.3759973488E-06    7.2230557914E-06    1.5294155740E-07
     30502.4046038056      -32.3135678000       -2.5461671610    7.3733286424E-06    7.2180418568E-06    1.5528678557E-07
     30502.5046038056      -32.2135678000       -2.5410077586    7.3707978597E-06    7.2131172724E-06    1.5768058726E-07
     30502.6046038056      -32.1135678000       -2.5358376910    7.3695861497E-06    7.2094675829E-06    1.6011856678E-07
     30502.7046038056      -32.0135678000       -2.5306573135    7.3684268818E-06    7.2058281019E-06    1.6259877995E-07
     30502.8046038056      -31.9135678000       -2.5254661412    7.3679501536E-06    7.2028210584E-06    1.6512909524E-07
     30502.9046038056      -31.8135678000       -2.5202643607    7.3680801296E-06    7.2003752695E-06    1.6770486010E-07
     30503.0046038056      -31.7135678000       -2.5150517369    7.3689312010E-06    7.1985979020E-06    1.7033329902E-07
     30503.1046038056      -31.6135678000       -2.5098283720    7.3697433833E-06    7.1967339386E-06    1.7300944467E-07
     30503.2046038056      -31.5135678000       -2.5045941987    7.3716931149E-06    7.1959525953E-06    1.7574051960E-07
     30503.3046038056      -31.4135678000       -2.4993488936    7.3740220147E-06    7.1954994686E-06    1.7852254611E-07
     30503.4046038056      -31.3135678000       -2.4940928131    7.3770683427E-06    7.1957140412E-06    1.8135430146E-07
     30503.5046038056      -31.2135678000       -2.4888252905    7.3804215734E-06    7.1961785688E-06    1.8424300464E-07
     30503.6046038056      -31.1135678000       -2.4835469384    7.3847753255E-06    7.1975827792E-06    1.8719254626E-07
     30503.7046038056      -31.0135678000       -2.4782570866    7.3897850817E-06    7.1995867199E-06    1.9019836180E-07
     30503.8046038056      -30.9135678000       -2.4729559193    7.3949092230E-06    7.2016504572E-06    1.9325876578E-07
     30503.9046038056      -30.8135678000       -2.4676435363    7.4012024373E-06    7.2048209956E-06    1.9638144174E-07
     30504.0046038056      -30.7135678000       -2.4623194326    7.4079142109E-06    7.2083433655E-06    1.9957084539E-07
     30504.1046038056      -30.6135678000       -2.4569840519    7.4153590912E-06    7.2125374579E-06    2.0282163329E-07
     30504.2046038056      -30.5135678000       -2.4516369733    7.4237628330E-06    7.2176301253E-06    2.0613270773E-07
     30504.3046038056      -30.4135678000       -2.4462782070    7.4324904104E-06    7.2229774193E-06    2.0951299107E-07
     30504.4046038056      -30.3135678000       -2.4409076762    7.4417563637E-06    7.2287993988E-06    2.1295696488E-07
     30504.5046038056      -30.2135678000       -2.4355253029    7.4515736525E-06    7.2351011573E-06    2.1647249521E-07
     30504.6046038056      -30.1135678000       -2.4301309209    7.4623196063E-06    7.2422556480E-06    2.2006395831E-07
     30504.7046038056      -30.0135678000       -2.4247248012    7.4737149089E-06    7.2499890625E-06    2.2372584642E-07
     30504.8046038056      -29.9135678000       -2.4193062492    7.4855537039E-06    7.2580964207E-06    2.2745728328E-07
     30504.9046038056      -29.8135678000       -2.4138756222    7.4989660640E-06    7.2676996703E-06    2.3126639362E-07
     30505.0046038056      -29.7135678000       -2.4084330151    7.5120830578E-06    7.2769249173E-06    2.3515814053E-07
     30505.1046038056      -29.6135678000       -2.4029778151    7.5268596710E-06    7.2877325402E-06    2.3912713081E-07
     30505.2046038056      -29.5135678000       -2.3975102026    7.5415295357E-06    7.2983582554E-06    2.4317128027E-07
     30505.3046038056      -29.4135678000       -2.3920302705    7.5573813438E-06    7.3100705091E-06    2.4731083474E-07
     30505.4046038056      -29.3135678000       -2.3865376662    7.5733760476E-06    7.3218514993E-06    2.5152454833E-07
     30505.5046038056      -29.2135678000       -2.3810323916    7.5903238683E-06    7.3344873974E-06    2.5583647087E-07
     30505.6046038056      -29.1135678000       -2.3755143584    7.6084793181E-06    7.3482527339E-06    2.6022658428E-07
     30505.7046038056      -29.0135678000       -2.3699834777    7.6273966389E-06    7.3626784716E-06    2.6471816727E-07
     30505.8046038056      -28.9135678000       -2.3644394792    7.6472150998E-06    7.3779134249E-06    2.6930167489E-07
     30505.9046038056      -28.8135678000       -2.3588827215    7.6670947022E-06    7.3931196214E-06    2.7397508074E-07
     30506.0046038056      -28.7135678000       -2.3533128430    7.6881849420E-06    7.4094257720E-06    2.7875917008E-07
     30506.1046038056      -28.6135678000       -2.3477296596    7.7100960310E-06    7.4264641910E-06    2.8363183998E-07
     30506.2046038056      -28.5135678000       -2.3421329852    7.7329475234E-06    7.4443288396E-06    2.8861868377E-07
     30506.3046038056      -28.4135678000       -2.3365232696    7.7563544534E-06    7.4626453601E-06    2.9370909333E-07
     30506.4046038056      -28.3135678000       -2.3308997793    7.7803715443E-06    7.4814695295E-06    2.9890201480E-07
     30506.5046038056      -28.2135678000       -2.3252627805    7.8062051228E-06    7.5019975928E-06    3.0420752994E-07
     30506.6046038056      -28.1135678000       -2.3196119913    7.8322283988E-06    7.5225972715E-06    3.0963112734E-07
     30506.7046038056      -28.0135678000       -2.3139474946    7.8584961521E-06    7.5433308326E-06    3.1516531944E-07
     30506.8046038056      -27.9135678000       -2.3082690972    7.8864676973E-06    7.5656347766E-06    3.2083292070E-07
     30506.9046038056      -27.8135678000       -2.3025766039    7.9152994587E-06    7.5886893745E-06    3.2661008415E-07
     30507.0046038056      -27.7135678000       -2.2968702805    7.9446709650E-06    7.6121581142E-06    3.3251285081E-07
     30507.1046038056      -27.6135678000       -2.2911494664    7.9756436585E-06    7.6370969897E-06    3.3854666879E-07
     30507.2046038056      -27.5135678000       -2.2854144252    8.0069559837E-06    7.6622386334E-06    3.4471735030E-07
     30507.3046038056      -27.4135678000       -2.2796650495    8.0396460401E-06    7.6886284896E-06    3.5101755048E-07
     30507.4046038056      -27.3135678000       -2.2739009498    8.0727933117E-06    7.7153360743E-06    3.5745723743E-07
     30507.5046038056      -27.2135678000       -2.2681222954    8.1078344084E-06    7.7437906547E-06    3.6404375374E-07
     30507.6046038056      -27.1135678000       -2.2623289748    8.1428680337E-06    7.7720991482E-06    3.7076888556E-07
     30507.7046038056      -27.0135678000       -2.2565204976    8.1789444985E-06    7.8012998281E-06    3.7764467040E-07
     30507.8046038056      -26.9135678000       -2.2506972195    8.2167666302E-06    7.8320893067E-06    3.8467732349E-07
     30507.9046038056      -26.8135678000       -2.2448588355    8.2548526172E-06    7.8629932400E-06    3.9185937723E-07
     30508.0046038056      -26.7135678000       -2.2390053225    8.2947479227E-06    7.8955448268E-06    3.9920309584E-07
     30508.1046038056      -26.6135678000       -2.2331362757    8.3355834656E-06    7.9288688037E-06    4.0671466182E-07
     30508.2046038056      -26.5135678000       -2.2272519546    8.3764991443E-06    7.9621125120E-06    4.1438663231E-07
     30508.3046038056      -26.4135678000       -2.2213517586    8.4194453510E-06    7.9972135330E-06    4.2223181799E-07
     30508.4046038056      -26.3135678000       -2.2154361373    8.4633339319E-06    8.0330781940E-06    4.3025573793E-07
     30508.5046038056      -26.2135678000       -2.2095044852    8.5086586062E-06    8.0701954054E-06    4.3846320075E-07
     30508.6046038056      -26.1135678000       -2.2035570592    8.5547462145E-06    8.1078853595E-06    4.4686085496E-07
     30508.7046038056      -26.0135678000       -2.1975933439    8.6024880432E-06    8.1470474284E-06    4.5544061476E-07
     30508.8046038056      -25.9135678000       -2.1916134975    8.6511161888E-06    8.1868997548E-06    4.6421643394E-07
     30508.9046038056      -25.8135678000       -2.1856171930    8.7007793205E-06    8.2275979881E-06    4.7318133240E-07
     30509.0046038056      -25.7135678000       -2.1796046850    8.7515653806E-06    8.2692026754E-06    4.8236270523E-07
     30509.1046038056      -25.6135678000       -2.1735752517    8.8042232101E-06    8.3124773043E-06    4.9174590576E-07
     30509.2046038056      -25.5135678000       -2.1675291445    8.8577806782E-06    8.3564378427E-06    5.0134283553E-07
     30509.3046038056      -25.4135678000       -2.1614661250    8.9124956842E-06    8.4013339947E-06    5.1116168948E-07
     30509.4046038056      -25.3135678000       -2.1553860506    8.9690401900E-06    8.4478332298E-06    5.2120696021E-07
     30509.5046038056      -25.2135678000       -2.1492887764    9.0265332072E-06    8.4950468238E-06    5.3148638339E-07
     30509.6046038056      -25.1135678000       -2.1431739571    9.0857131705E-06    8.5437225679E-06    5.4199060256E-07
     30509.7046038056      -25.0135678000       -2.1370418405    9.1460107808E-06    8.5932749451E-06    5.5273583573E-07
     30509.8046038056      -24.9135678000       -2.1308920774    9.2074532909E-06    8.6437242424E-06    5.6372904850E-07
     30509.9046038056      -24.8135678000       -2.1247246148    9.2706780690E-06    8.6957021279E-06    5.7497594109E-07
     30510.0046038056      -24.7135678000       -2.1185389966    9.3357085608E-06    8.7492245198E-06    5.8648404105E-07
     30510.1046038056      -24.6135678000       -2.1123354666    9.4019608909E-06    8.8037027055E-06    5.9825818545E-07
     30510.2046038056      -24.5135678000       -2.1061134621    9.4695633300E-06    8.8592566803E-06    6.1030664965E-07
     30510.3046038056      -24.4135678000       -2.0998731230    9.5393428389E-06    8.9167241724E-06    6.2261866656E-07
     30510.4046038056      -24.3135678000       -2.0936141837    9.6102187761E-06    8.9749898532E-06    6.3522892295E-07
     30510.5046038056      -24.2135678000       -2.0873364768    9.6826042937E-06    9.0344859176E-06    6.4811837614E-07
     30510.6046038056      -24.1135678000       -2.0810399349    9.7572411171E-06    9.0959383875E-06    6.6130272958E-07
     30510.7046038056      -24.0135678000       -2.0747241812    9.8330232221E-06    9.1582158329E-06    6.7480738924E-07
     30510.8046038056      -23.9135678000       -2.0683890398    9.9109652436E-06    9.2223543430E-06    6.8861090060E-07
     30510.9046038056      -23.8135678000       -2.0620345383    9.9899767209E-06    9.2872452750E-06    7.0273144592E-07
     30511.0046038056      -23.7135678000       -2.0556603938    1.0071366713E-05    9.3541909399E-06    7.1717577342E-07
     30511.1046038056      -23.6135678000       -2.0492663191    1.0154366671E-05    9.4223965273E-06    7.3197014356E-07
     30511.2046038056      -23.5135678000       -2.0428523353    1.0239663724E-05    9.4925734068E-06    7.4709031707E-07
     30511.3046038056      -23.4135678000       -2.0364182544    1.0326129342E-05    9.5635728253E-06    7.6255651662E-07
     30511.4046038056      -23.3135678000       -2.0299635708    1.0414696362E-05    9.6363210357E-06    7.7837532679E-07
     30511.5046038056      -23.2135678000       -2.0234882976    1.0505921196E-05    9.7113461669E-06    7.9457502920E-07
     30511.6046038056      -23.1135678000       -2.0169923421    1.0598430427E-05    9.7873011224E-06    8.1112930422E-07
     30511.7046038056      -23.0135678000       -2.0104753979    1.0693487589E-05    9.8654101970E-06    8.2807739168E-07
     30511.8046038056      -22.9135678000       -2.0039373664    1.0789934810E-05    9.9445409861E-06    8.4539382357E-07
     30511.9046038056      -22.8135678000       -1.9973778275    1.0888998845E-05    1.0025878647E-05    8.6312019816E-07
     30512.0046038056      -22.7135678000       -1.9907966756    1.0990696435E-05    1.0109447000E-05    8.8124943477E-07
     30512.1046038056      -22.6135678000       -1.9841936954    1.1093853433E-05    1.0194065724E-05    8.9978770890E-07
     30512.2046038056      -22.5135678000       -1.9775686684    1.1199669256E-05    1.0280925586E-05    9.1874366969E-07
     30512.3046038056      -22.4135678000       -1.9709213723    1.1307559584E-05    1.0369415687E-05    9.3814389710E-07
     30512.4046038056      -22.3135678000       -1.9642514726    1.1418121357E-05    1.0460161222E-05    9.5796013437E-07
     30512.5046038056      -22.2135678000       -1.9575590644    1.1530809076E-05    1.0552574040E-05    9.7823503601E-07
     30512.6046038056      -22.1135678000       -1.9508434797    1.1646227164E-05    1.0647267104E-05    9.9896006068E-07
     30512.7046038056      -22.0135678000       -1.9441048068    1.1764416991E-05    1.0744253261E-05    1.0201637299E-06
     30512.8046038056      -21.9135678000       -1.9373425850    1.1884770306E-05    1.0842957409E-05    1.0418128970E-06
     30512.9046038056      -21.8135678000       -1.9305568976    1.2007919260E-05    1.0943964795E-05    1.0639544650E-06
     30513.0046038056      -21.7135678000       -1.9237471643    1.2133268204E-05    1.1046670108E-05    1.0865980967E-06
     30513.1046038056      -21.6135678000       -1.9169132400    1.2262006037E-05    1.1152296370E-05    1.1097096675E-06
     30513.2046038056      -21.5135678000       -1.9100548649    1.2393001670E-05    1.1259666242E-05    1.1333354280E-06
     30513.3046038056      -21.4135678000       -1.9031716630    1.2526891842E-05    1.1369406833E-05    1.1574850095E-06
     30513.4046038056      -21.3135678000       -1.8962635883    1.2664250285E-05    1.1482106777E-05    1.1821435081E-06
     30513.5046038056      -21.2135678000       -1.8893303116    1.2803901513E-05    1.1596584494E-05    1.2073170190E-06
     30513.6046038056      -21.1135678000       -1.8823713850    1.2947070836E-05    1.1714040228E-05    1.2330306083E-06
     30513.7046038056      -21.0135678000       -1.8753866931    1.3093165804E-05    1.1833895606E-05    1.2592701973E-06
     30513.8046038056      -20.9135678000       -1.8683758899    1.3242234794E-05    1.1956174287E-05    1.2860605067E-06
     30513.9046038056      -20.8135678000       -1.8613385661    1.3394244946E-05    1.2080860548E-05    1.3133843974E-06
     30514.0046038056      -20.7135678000       -1.8542747067    1.3549851323E-05    1.2208585962E-05    1.3412653609E-06
     30514.1046038056      -20.6135678000       -1.8471837768    1.3709105309E-05    1.2339396679E-05    1.3697086300E-06
     30514.2046038056      -20.5135678000       -1.8400654635    1.3871370138E-05    1.2472679556E-05    1.3986905813E-06
     30514.3046038056      -20.4135678000       -1.8329196219    1.4037297927E-05    1.2609038955E-05    1.4282589720E-06
     30514.4046038056      -20.3135678000       -1.8257456956    1.4206239071E-05    1.2747897454E-05    1.4583416175E-06
     30514.5046038056      -20.2135678000       -1.8185434692    1.4379466728E-05    1.2890458542E-05    1.4890081867E-06
     30514.6046038056      -20.1135678000       -1.8113126640    1.4555808345E-05    1.3035577413E-05    1.5202309323E-06
     30514.7046038056      -20.0135678000       -1.8040528774    1.4735815361E-05    1.3183835831E-05    1.5519795298E-06
     30514.8046038056      -19.9135678000       -1.7967637579    1.4920142007E-05    1.3335869945E-05    1.5842720615E-06
     30514.9046038056      -19.8135678000       -1.7894449472    1.5107617561E-05    1.3490516911E-05    1.6171006500E-06
     30515.0046038056      -19.7135678000       -1.7820960198    1.5299412990E-05    1.3648932692E-05    1.6504802980E-06
     30515.1046038056      -19.6135678000       -1.7747167214    1.5494906807E-05    1.3810562649E-05    1.6843441581E-06
     30515.2046038056      -19.5135678000       -1.7673066114    1.5694754505E-05    1.3976020400E-05    1.7187341047E-06
     30515.3046038056      -19.4135678000       -1.7598653006    1.5898317831E-05    1.4144743605E-05    1.7535742260E-06
     30515.4046038056      -19.3135678000       -1.7523924522    1.6106251298E-05    1.4317349279E-05    1.7889020183E-06
     30515.5046038056      -19.2135678000       -1.7448874780    1.6318484380E-05    1.4493817825E-05    1.8246665549E-06
     30515.6046038056      -19.1135678000       -1.7373500231    1.6535040880E-05    1.4674170375E-05    1.8608705054E-06
     30515.7046038056      -19.0135678000       -1.7297798473    1.6755325080E-05    1.4857872807E-05    1.8974522727E-06
     30515.8046038056      -18.9135678000       -1.7221764574    1.6980488838E-05    1.5046106180E-05    1.9343826581E-06
     30515.9046038056      -18.8135678000       -1.7145392874    1.7209961402E-05    1.5238306121E-05    1.9716552810E-06
     30516.0046038056      -18.7135678000       -1.7068679461    1.7443734373E-05    1.5434507716E-05    2.0092266568E-06
     30516.1046038056      -18.6135678000       -1.6991619081    1.7682335416E-05    1.5635301987E-05    2.0470334287E-06
     30516.2046038056      -18.5135678000       -1.6914208250    1.7925180534E-05    1.5840138913E-05    2.0850416209E-06
     30516.3046038056      -18.4135678000       -1.6836440871    1.8172826185E-05    1.6049616771E-05    2.1232094143E-06
     30516.4046038056      -18.3135678000       -1.6758313884    1.8424656326E-05    1.6263152286E-05    2.1615040398E-06
     30516.5046038056      -18.2135678000       -1.6679819684    1.8681726026E-05    1.6481934199E-05    2.1997918271E-06
     30516.6046038056      -18.1135678000       -1.6600954986    1.8942904873E-05    1.6704850091E-05    2.2380547819E-06
     30516.7046038056      -18.0135678000       -1.6521713195    1.9209332651E-05    1.6933067069E-05    2.2762655825E-06
     30516.8046038056      -17.9135678000       -1.6442090801    1.9480282899E-05    1.7166012287E-05    2.3142706124E-06
     30516.9046038056      -17.8135678000       -1.6362080298    1.9755768931E-05    1.7403749374E-05    2.3520195572E-06
     30517.0046038056      -17.7135678000       -1.6281675962    2.0036325573E-05    1.7646856064E-05    2.3894695090E-06
     30517.1046038056      -17.6135678000       -1.6200872587    2.0321194844E-05    1.7894726734E-05    2.4264681100E-06
     30517.2046038056      -17.5135678000       -1.6119665493    2.0611507967E-05    1.8148557445E-05    2.4629505217E-06
     30517.3046038056      -17.4135678000       -1.6038045893    2.0906015225E-05    1.8407224461E-05    2.4987907635E-06
     30517.4046038056      -17.3135678000       -1.5956009458    2.1205259126E-05    1.8671346564E-05    2.5339125614E-06
     30517.5046038056      -17.2135678000       -1.5873549054    2.1509109970E-05    1.8940928325E-05    2.5681816448E-06
     30517.6046038056      -17.1135678000       -1.5790658039    2.1818013888E-05    1.9216516585E-05    2.6014973029E-06
     30517.7046038056      -17.0135678000       -1.5707329596    2.2131312186E-05    1.9497608614E-05    2.6337035715E-06
     30517.8046038056      -16.9135678000       -1.5623556045    2.2448897859E-05    1.9784223901E-05    2.6646739576E-06
     30517.9046038056      -16.8135678000       -1.5539332242    2.2771101643E-05    2.0076815907E-05    2.6942857355E-06
     30518.0046038056      -16.7135678000       -1.5454648759    2.3097746554E-05    2.0375378296E-05    2.7223682577E-06
     30518.1046038056      -16.6135678000       -1.5369497306    2.3428924690E-05    2.0680138345E-05    2.7487863446E-06
     30518.2046038056      -16.5135678000       -1.5283873543    2.3764409293E-05    2.0991084665E-05    2.7733246278E-06
     30518.3046038056      -16.4135678000       -1.5197766685    2.4103966029E-05    2.1308028997E-05    2.7959370323E-06
     30518.4046038056      -16.3135678000       -1.5111168475    2.4447885718E-05    2.1631536802E-05    2.8163489166E-06
     30518.5046038056      -16.2135678000       -1.5024071833    2.4795097221E-05    2.1960613461E-05    2.8344837603E-06
     30518.6046038056      -16.1135678000       -1.4936466613    2.5146917296E-05    2.2296852420E-05    2.8500648759E-06
     30518.7046038056      -16.0135678000       -1.4848345966    2.5501686926E-05    2.2638712070E-05    2.8629748566E-06
     30518.8046038056      -15.9135678000       -1.4759697774    2.5860950040E-05    2.2987974457E-05    2.8729755822E-06
     30518.9046038056      -15.8135678000       -1.4670513925    2.6222854212E-05    2.3342942506E-05    2.8799117060E-06
     30519.0046038056      -15.7135678000       -1.4580786051    2.6587881986E-05    2.3704315212E-05    2.8835667743E-06
     30519.1046038056      -15.6135678000       -1.4490501841    2.6956018151E-05    2.4072286172E-05    2.8837319791E-06
     30519.2046038056      -15.5135678000       -1.4399650831    2.7326725080E-05    2.4446413375E-05    2.8803117048E-06
     30519.3046038056      -15.4135678000       -1.4308223713    2.7700380093E-05    2.4827418460E-05    2.8729616333E-06
     30519.4046038056      -15.3135678000       -1.4216208621    2.8076197108E-05    2.5214676861E-05    2.8615202470E-06
     30519.5046038056      -15.2135678000       -1.4123593311    2.8454157084E-05    2.5608282286E-05    2.8458747986E-06
     30519.6046038056      -15.1135678000       -1.4030367413    2.8833963243E-05    2.6008231808E-05    2.8257314352E-06
     30519.7046038056      -15.0135678000       -1.3936517912    2.9215374590E-05    2.6414421968E-05    2.8009526213E-06
     30519.8046038056      -14.9135678000       -1.3842032890    2.9598031636E-05    2.6826765016E-05    2.7712666201E-06
     30519.9046038056      -14.8135678000       -1.3746896148    2.9981636378E-05    2.7245070067E-05    2.7365663110E-06
     30520.0046038056      -14.7135678000       -1.3651097958    3.0366127494E-05    2.7669543725E-05    2.6965837692E-06
     30520.1046038056      -14.6135678000       -1.3554622724    3.0750581292E-05    2.8099443442E-05    2.6511378499E-06
     30520.2046038056      -14.5135678000       -1.3457455886    3.1135389003E-05    2.8535219299E-05    2.6001697042E-06
     30520.3046038056      -14.4135678000       -1.3359582354    3.1519266110E-05    2.8975813944E-05    2.5434521659E-06
     30520.4046038056      -14.3135678000       -1.3260986079    3.1902574613E-05    2.9421744784E-05    2.4808298292E-06
     30520.5046038056      -14.2135678000       -1.3161652030    3.2284896564E-05    2.9872729230E-05    2.4121673344E-06
     30520.6046038056      -14.1135678000       -1.3061560932    3.2665734071E-05    3.0328369552E-05    2.3373645196E-06
     30520.7046038056      -14.0135678000       -1.2960698529    3.3044514703E-05    3.0788285815E-05    2.2562288882E-06
     30520.8046038056      -13.9135678000       -1.2859044190    3.3421000659E-05    3.1252156921E-05    2.1688437381E-06
     30520.9046038056      -13.8135678000       -1.2756579815    3.3794381045E-05    3.1719458957E-05    2.0749220880E-06
     30521.0046038056      -13.7135678000       -1.2653286568    3.4164899830E-05    3.2190263186E-05    1.9746366444E-06
     30521.1046038056      -13.6135678000       -1.2549141860    3.4531246409E-05    3.2663363016E-05    1.8678833929E-06
     30521.2046038056      -13.5135678000       -1.2444126452    3.4893830972E-05    3.3139223124E-05    1.7546078485E-06
     30521.3046038056      -13.4135678000       -1.2338217681    3.5252170231E-05    3.3617250978E-05    1.6349192525E-06
     30521.4046038056      -13.3135678000       -1.2231391035    3.5604969865E-05    3.4096176835E-05    1.5087930302E-06
     30521.5046038056      -13.2135678000       -1.2123624006    3.5952107024E-05    3.4575702008E-05    1.3764050169E-06
     30521.6046038056      -13.1135678000       -1.2014889076    3.6293980628E-05    3.5056101988E-05    1.2378786408E-06
     30521.7046038056      -13.0135678000       -1.1905161958    3.6629241535E-05    3.5535853692E-05    1.0933878424E-06
     30521.8046038056      -12.9135678000       -1.1794413607    3.6956935223E-05    3.6013903686E-05    9.4303153670E-07
     30521.9046038056      -12.8135678000       -1.1682616348    3.7278316127E-05    3.6491169177E-05    7.8714695020E-07
     30522.0046038056      -12.7135678000       -1.1569737473    3.7590804567E-05    3.6964919274E-05    6.2588529280E-07
     30522.1046038056      -12.6135678000       -1.1455747332    3.7895807863E-05    3.7436127283E-05    4.5968058062E-07
     30522.2046038056      -12.5135678000       -1.1340611477    3.8192092279E-05    3.7903404333E-05    2.8868794534E-07
     30522.3046038056      -12.4135678000       -1.1224294177    3.8479241694E-05    3.8365864544E-05    1.1337715000E-07
     30522.4046038056      -12.3135678000       -1.1106758793    3.8757485959E-05    3.8823390992E-05   -6.5905033139E-08
     30522.5046038056      -12.2135678000       -1.0987966719    3.9025033660E-05    3.9273705732E-05   -2.4867207199E-07
     30522.6046038056      -12.1135678000       -1.0867876258    3.9282501240E-05    3.9717026908E-05   -4.3452566810E-07
     30522.7046038056      -12.0135678000       -1.0746443882    3.9529527954E-05    4.0152494587E-05   -6.2296663297E-07
     30522.8046038056      -11.9135678000       -1.0623623074    3.9765445021E-05    4.0578988263E-05   -8.1354324203E-07
     30522.9046038056      -11.8135678000       -1.0499365615    3.9989685604E-05    4.0995436239E-05   -1.0057506359E-06
     30523.0046038056      -11.7135678000       -1.0373620906    4.0201746813E-05    4.1400729695E-05   -1.1989828819E-06
     30523.1046038056      -11.6135678000       -1.0246331595    4.0401857297E-05    4.1794629780E-05   -1.3927724822E-06
     30523.2046038056      -11.5135678000       -1.0117441488    4.0589736539E-05    4.2176246758E-05   -1.5865102191E-06
     30523.3046038056      -11.4135678000       -0.9986889138    4.0764990271E-05    4.2544713041E-05   -1.7797227705E-06
     30523.4046038056      -11.3135678000       -0.9854606861    4.0926850691E-05    4.2898572383E-05   -1.9717216917E-06
     30523.5046038056      -11.2135678000       -0.9720524034    4.1075589427E-05    4.3237627139E-05   -2.1620377112E-06
     30523.6046038056      -11.1135678000       -0.9584566200    4.1210487251E-05    4.3560696220E-05   -2.3502089684E-06
     30523.7046038056      -11.0135678000       -0.9446651558    4.1330838731E-05    4.3866431159E-05   -2.5355924286E-06
     30523.8046038056      -10.9135678000       -0.9306692831    4.1437739448E-05    4.4155347004E-05   -2.7176075558E-06
     30523.9046038056      -10.8135678000       -0.9164598109    4.1529955615E-05    4.4425808341E-05   -2.8958527256E-06
     30524.0046038056      -10.7135678000       -0.9020264387    4.1607606844E-05    4.4677394888E-05   -3.0697880435E-06
     30524.1046038056      -10.6135678000       -0.8873583607    4.1670468333E-05    4.4909454744E-05   -3.2389864112E-06
     30524.2046038056      -10.5135678000       -0.8724437390    4.1718201382E-05    4.5121296808E-05   -3.4030954258E-06
     30524.3046038056      -10.4135678000       -0.8572696437    4.1751242174E-05    4.5312849653E-05   -3.5616074793E-06
     30524.4046038056      -10.3135678000       -0.8418220435    4.1768241079E-05    4.5482486622E-05   -3.7142455427E-06
     30524.5046038056      -10.2135678000       -0.8260856597    4.1770154079E-05    4.5630700879E-05   -3.8605468004E-06
     30524.6046038056      -10.1135678000       -0.8100436294    4.1756211730E-05    4.5756537860E-05   -4.0003261302E-06
     30524.7046038056      -10.0135678000       -0.7936774527    4.1727074752E-05    4.5860352907E-05   -4.1332781555E-06
     30524.8046038356       -9.9135677700       -0.7769666121    4.1682443393E-05    4.5941579292E-05   -4.2591358990E-06
     30524.9046038356       -9.8135677700       -0.7598883343    4.1621463306E-05    4.5999276902E-05   -4.3778135956E-06
     30525.0046038356       -9.7135677700       -0.7424172983    4.1545142965E-05    4.6034319429E-05   -4.4891764638E-06
     30525.1046038356       -9.6135677700       -0.7245250921    4.1453780740E-05    4.6046767721E-05   -4.5929869811E-06
     30525.2046038356       -9.5135677700       -0.7061796655    4.1346345000E-05    4.6035602081E-05   -4.6892570816E-06
     30525.3046038356       -9.4135677700       -0.6873448074    4.1223609537E-05    4.6001519197E-05   -4.7779096599E-06
     30525.4046038356       -9.3135677700       -0.6679791177    4.1085340066E-05    4.5944214146E-05   -4.8588740795E-06
     30525.5046038356       -9.2135677700       -0.6480349265    4.0932231176E-05    4.5864488461E-05   -4.9322572846E-06
     30525.6046038356       -9.1135677700       -0.6274570930    4.0764416413E-05    4.5762576165E-05   -4.9981597520E-06
     30525.7046038356       -9.0135677700       -0.6061812003    4.0581644827E-05    4.5638273642E-05   -5.0566288150E-06
     30525.8046038356       -8.9135677700       -0.5841308174    4.0384326739E-05    4.5491985980E-05   -5.1076592418E-06
     30525.9046038356       -8.8135677700       -0.5612147089    4.0172983535E-05    4.5324610641E-05   -5.1516271067E-06
     30526.0046038356       -8.7135677700       -0.5373221941    3.9948631537E-05    4.5137119458E-05   -5.1884879210E-06
     30526.1046038356       -8.6135677700       -0.5123165798    3.9710534187E-05    4.4928943893E-05   -5.2184097056E-06
     30526.2046038356       -8.5135677700       -0.4860262017    3.9459257488E-05    4.4701070877E-05   -5.2418133884E-06
     30526.3046038356       -8.4135677700       -0.4582299055    3.9195263206E-05    4.4454024958E-05   -5.2587617519E-06
     30526.4046038356       -8.3135677700       -0.4286348218    3.8920094767E-05    4.4189581013E-05   -5.2694862460E-06
     30526.5046038356       -8.2135677700       -0.3968387263    3.8632973677E-05    4.3907237118E-05   -5.2742634405E-06
     30526.6046038356       -8.1135677700       -0.3622625460    3.8334781816E-05    4.3608310637E-05   -5.2735288218E-06
     30526.7046038356       -8.0135677700       -0.3240174632    3.8027215902E-05    4.3294847621E-05   -5.2676317183E-06
     30526.8046038356       -7.9135677700       -0.2806073544    3.7709964217E-05    4.2966930592E-05   -5.2569663756E-06
     30526.9046038356       -7.8135677700       -0.2291149527    3.7384397632E-05    4.2626877035E-05   -5.2424794032E-06
     30527.0046038356       -7.7135677700       -0.1620087316    3.7053539065E-05    4.2279073101E-05   -5.2255340362E-06
     30527.1046038356       -7.6135677700        0.0000000000    3.6723918515E-05    4.1936343231E-05   -5.2124247159E-06
     30527.2046038356       -7.5135677700        0.1620087316    3.6369920529E-05    4.1564178839E-05   -5.1942583097E-06
     30527.3046038356       -7.4135677700        0.2291149527    3.6002202312E-05    4.1167216346E-05   -5.1650140344E-06
     30527.4046038356       -7.3135677700        0.2806073544    3.5626729875E-05    4.0757233605E-05   -5.1305037294E-06
     30527.5046038356       -7.2135677700        0.3240174632    3.5244947979E-05    4.0336929622E-05   -5.0919816429E-06
     30527.6046038356       -7.1135677700        0.3622625460    3.4857731884E-05    3.9907812293E-05   -5.0500804090E-06
     30527.7046038356       -7.0135677700        0.3968387263    3.4465776808E-05    3.9470992401E-05   -5.0052155933E-06
     30527.8046038356       -6.9135677700        0.4286348218    3.4069706709E-05    3.9027412858E-05   -4.9577061486E-06
     30527.9046038356       -6.8135677700        0.4582299055    3.3670112450E-05    3.8577934141E-05   -4.9078216914E-06
     30528.0046038356       -6.7135677700        0.4860262017    3.3267565672E-05    3.8123369240E-05   -4.8558035687E-06
     30528.1046038356       -6.6135677700        0.5123165798    3.2862623105E-05    3.7664497904E-05   -4.8018747994E-06
     30528.2046038356       -6.5135677700        0.5373221941    3.2455826971E-05    3.7202071828E-05   -4.7462448563E-06
     30528.3046038356       -6.4135677700        0.5612147089    3.2047703898E-05    3.6736815854E-05   -4.6891119557E-06
     30528.4046038356       -6.3135677700        0.5841308174    3.1638763406E-05    3.6269427546E-05   -4.6306641398E-06
     30528.5046038356       -6.2135677700        0.6061812003    3.1229496428E-05    3.5800576215E-05   -4.5710797870E-06
     30528.6046038356       -6.1135677700        0.6274570930    3.0820374021E-05    3.5330901893E-05   -4.5105278717E-06
     30528.7046038356       -6.0135677700        0.6480349265    3.0411846350E-05    3.4861014478E-05   -4.4491681282E-06
     30528.8046038356       -5.9135677700        0.6679791177    3.0004341906E-05    3.4391493102E-05   -4.3871511965E-06
     30528.9046038356       -5.8135677700        0.6873448074    2.9598266969E-05    3.3922885749E-05   -4.3246187801E-06
     30529.0046038356       -5.7135677700        0.7061796655    2.9194005262E-05    3.3455709091E-05   -4.2617038291E-06
     30529.1046038356       -5.6135677700        0.7245250921    2.8791917790E-05    3.2990448540E-05   -4.1985307502E-06
     30529.2046038356       -5.5135677700        0.7424172983    2.8392342833E-05    3.2527558475E-05   -4.1352156421E-06
     30529.3046038356       -5.4135677700        0.7598883343    2.7995596067E-05    3.2067462618E-05   -4.0718665512E-06
     30529.4046038356       -5.3135677700        0.7769666121    2.7601970817E-05    3.1610554561E-05   -4.0085837443E-06
     30529.5046038356       -5.2135677700        0.7936774527    2.7211738404E-05    3.1157198399E-05   -3.9454599950E-06
     30529.6046038356       -5.1135677700        0.8100436294    2.6825148592E-05    3.0707729471E-05   -3.8825808788E-06
     30529.7046038356       -5.0135677700        0.8260856597    2.6442430109E-05    3.0262455184E-05   -3.8200250750E-06
     30529.8046038356       -4.9135677700        0.8418220435    2.6063791240E-05    2.9821655913E-05   -3.7578646732E-06
     30529.9046038356       -4.8135677700        0.8572696437    2.5689420484E-05    2.9385585964E-05   -3.6961654803E-06
     30530.0046038356       -4.7135677700        0.8724437390    2.5319487252E-05    2.8954474580E-05   -3.6349873281E-06
     30530.1046038356       -4.6135677700        0.8873583607    2.4954142610E-05    2.8528526989E-05   -3.5743843791E-06
     30530.2046038356       -4.5135677700        0.9020264387    2.4593520054E-05    2.8107925482E-05   -3.5144054276E-06
     30530.3046038356       -4.4135677700        0.9164598109    2.4237736308E-05    2.7692830506E-05   -3.4550941978E-06
     30530.4046038356       -4.3135677700        0.9306692831    2.3886892135E-05    2.7283381769E-05   -3.3964896345E-06
     30530.5046038356       -4.2135677700        0.9446651558    2.3541073161E-05    2.6879699349E-05   -3.3386261878E-06
     30530.6046038356       -4.1135677700        0.9584566200    2.3200350704E-05    2.6481884794E-05   -3.2815340900E-06
     30530.7046038356       -4.0135677700        0.9720524034    2.2864782588E-05    2.6090022211E-05   -3.2252396238E-06
     30530.8046038356       -3.9135677700        0.9854606861    2.2534413966E-05    2.5704179348E-05   -3.1697653818E-06
     30530.9046038356       -3.8135677700        0.9986889138    2.2209278120E-05    2.5324408637E-05   -3.1151305170E-06
     30531.0046038356       -3.7135677700        1.0117441488    2.1889397243E-05    2.4950748226E-05   -3.0613509825E-06
     30531.1046038356       -3.6135677700        1.0246331595    2.1574783212E-05    2.4583222974E-05   -3.0084397620E-06
     30531.2046038356       -3.5135677700        1.0373620906    2.1265438325E-05    2.4221845416E-05   -2.9564070903E-06
     30531.3046038356       -3.4135677700        1.0499365615    2.0961356026E-05    2.3866616689E-05   -2.9052606627E-06
     30531.4046038356       -3.3135677700        1.0623623074    2.0662521593E-05    2.3517527428E-05   -2.8550058347E-06
     30531.5046038356       -3.2135677700        1.0746443882    2.0368912808E-05    2.3174558619E-05   -2.8056458115E-06
     30531.6046038356       -3.1135677700        1.0867876258    2.0080500585E-05    2.2837682413E-05   -2.7571818272E-06
     30531.7046038356       -3.0135677700        1.0987966719    1.9797249586E-05    2.2506862900E-05   -2.7096133143E-06
     30531.8046038356       -2.9135677700        1.1106758793    1.9519118786E-05    2.2182056849E-05   -2.6629380629E-06
     30531.9046038356       -2.8135677700        1.1224294177    1.9246062029E-05    2.1863214401E-05   -2.6171523715E-06
     30532.0046038356       -2.7135677700        1.1340611477    1.8978028536E-05    2.1550279724E-05   -2.5722511876E-06
     30532.1046038356       -2.6135677700        1.1455747332    1.8714963397E-05    2.1243191636E-05   -2.5282282398E-06
