 Temperature (Hatree) = 0
 Electronic Temperature (eV) = 0
 xloss =    7.7929999999999999E-002  eV
 efermi =   -5.7042440699999997       eV
 Number of poles = 0
 Omega(Hart)    Re CCHI     Im CCHI   1-Fermi   Re xmu0    Im xmu0
  -0.1312106299E+001   0.6621920061E-002   0.1428517837E-004   0.9991731389E+000   0.6627400000E-002   0.1429700000E-004
  -0.1308431368E+001   0.6638987547E-002   0.1437806167E-004   0.9991703735E+000   0.6644500000E-002   0.1439000000E-004
  -0.1304756437E+001   0.6656154731E-002   0.1447194337E-004   0.9991675895E+000   0.6661700000E-002   0.1448400000E-004
  -0.1301081506E+001   0.6673421611E-002   0.1456682343E-004   0.9991647868E+000   0.6679000000E-002   0.1457900000E-004
  -0.1297406576E+001   0.6690788183E-002   0.1466370100E-004   0.9991619651E+000   0.6696400000E-002   0.1467600000E-004
  -0.1293731645E+001   0.6708354361E-002   0.1476057774E-004   0.9991591243E+000   0.6714000000E-002   0.1477300000E-004
  -0.1290056714E+001   0.6726020224E-002   0.1485945196E-004   0.9991562642E+000   0.6731700000E-002   0.1487200000E-004
  -0.1286381783E+001   0.6743785769E-002   0.1495832532E-004   0.9991533846E+000   0.6749500000E-002   0.1497100000E-004
  -0.1282706852E+001   0.6761650994E-002   0.1505919611E-004   0.9991504853E+000   0.6767400000E-002   0.1507200000E-004
  -0.1279031921E+001   0.6779615894E-002   0.1516106517E-004   0.9991475660E+000   0.6785400000E-002   0.1517400000E-004
  -0.1275356990E+001   0.6797780381E-002   0.1526393246E-004   0.9991446266E+000   0.6803600000E-002   0.1527700000E-004
  -0.1271682059E+001   0.6816044537E-002   0.1536779798E-004   0.9991416668E+000   0.6821900000E-002   0.1538100000E-004
  -0.1268007128E+001   0.6834408357E-002   0.1547366084E-004   0.9991386865E+000   0.6840300000E-002   0.1548700000E-004
  -0.1264332197E+001   0.6852971753E-002   0.1558052188E-004   0.9991356854E+000   0.6858900000E-002   0.1559400000E-004
  -0.1260657267E+001   0.6871634805E-002   0.1568838108E-004   0.9991326634E+000   0.6877600000E-002   0.1570200000E-004
  -0.1256982336E+001   0.6890497425E-002   0.1579723842E-004   0.9991296201E+000   0.6896500000E-002   0.1581100000E-004
  -0.1253307405E+001   0.6909359781E-002   0.1590809301E-004   0.9991265554E+000   0.6915400000E-002   0.1592200000E-004
  -0.1249632474E+001   0.6928421696E-002   0.1601994570E-004   0.9991234690E+000   0.6934500000E-002   0.1603400000E-004
  -0.1245957543E+001   0.6947683165E-002   0.1613279647E-004   0.9991203608E+000   0.6953800000E-002   0.1614700000E-004
  -0.1242282612E+001   0.6967044271E-002   0.1624764440E-004   0.9991172304E+000   0.6973200000E-002   0.1626200000E-004
  -0.1238607681E+001   0.6986604922E-002   0.1636349036E-004   0.9991140777E+000   0.6992800000E-002   0.1637800000E-004
  -0.1234932750E+001   0.7006165292E-002   0.1648033433E-004   0.9991109023E+000   0.7012400000E-002   0.1649500000E-004
  -0.1231257819E+001   0.7026025108E-002   0.1659917540E-004   0.9991077042E+000   0.7032300000E-002   0.1661400000E-004
  -0.1227582888E+001   0.7045984545E-002   0.1671901442E-004   0.9991044829E+000   0.7052300000E-002   0.1673400000E-004
  -0.1223907958E+001   0.7066043598E-002   0.1684085047E-004   0.9991012383E+000   0.7072400000E-002   0.1685600000E-004
  -0.1220233027E+001   0.7086302172E-002   0.1696468353E-004   0.9990979701E+000   0.7092700000E-002   0.1698000000E-004
  -0.1216558096E+001   0.7106760264E-002   0.1708951447E-004   0.9990946780E+000   0.7113200000E-002   0.1710500000E-004
  -0.1212883165E+001   0.7127317957E-002   0.1721534326E-004   0.9990913618E+000   0.7133800000E-002   0.1723100000E-004
  -0.1209208234E+001   0.7147975248E-002   0.1734316896E-004   0.9990880213E+000   0.7154500000E-002   0.1735900000E-004
  -0.1205533303E+001   0.7168931949E-002   0.1747299155E-004   0.9990846561E+000   0.7175500000E-002   0.1748900000E-004
  -0.1201858372E+001   0.7189888330E-002   0.1760381191E-004   0.9990812659E+000   0.7196500000E-002   0.1762000000E-004
  -0.1198183441E+001   0.7211144110E-002   0.1773662908E-004   0.9990778506E+000   0.7217800000E-002   0.1775300000E-004
  -0.1194508510E+001   0.7232499467E-002   0.1787144304E-004   0.9990744097E+000   0.7239200000E-002   0.1788800000E-004
  -0.1190833579E+001   0.7254054304E-002   0.1800825375E-004   0.9990709431E+000   0.7260800000E-002   0.1802500000E-004
  -0.1187158649E+001   0.7275808615E-002   0.1814606210E-004   0.9990674504E+000   0.7282600000E-002   0.1816300000E-004
  -0.1183483718E+001   0.7297662487E-002   0.1828586714E-004   0.9990639314E+000   0.7304500000E-002   0.1830300000E-004
  -0.1179808787E+001   0.7319715822E-002   0.1842766881E-004   0.9990603857E+000   0.7326600000E-002   0.1844500000E-004
  -0.1176133856E+001   0.7341968613E-002   0.1857146710E-004   0.9990568130E+000   0.7348900000E-002   0.1858900000E-004
  -0.1172458925E+001   0.7364420855E-002   0.1871726195E-004   0.9990532131E+000   0.7371400000E-002   0.1873500000E-004
  -0.1168783994E+001   0.7387072541E-002   0.1886405428E-004   0.9990495856E+000   0.7394100000E-002   0.1888200000E-004
  -0.1165109063E+001   0.7409823760E-002   0.1901384214E-004   0.9990459302E+000   0.7416900000E-002   0.1903200000E-004
  -0.1161434132E+001   0.7432874314E-002   0.1916562646E-004   0.9990422465E+000   0.7440000000E-002   0.1918400000E-004
  -0.1157759201E+001   0.7456024390E-002   0.1931840814E-004   0.9990385343E+000   0.7463200000E-002   0.1933700000E-004
  -0.1154084270E+001   0.7479373883E-002   0.1947418522E-004   0.9990347933E+000   0.7486600000E-002   0.1949300000E-004
  -0.1150409340E+001   0.7503022692E-002   0.1963195863E-004   0.9990310229E+000   0.7510300000E-002   0.1965100000E-004
  -0.1146734409E+001   0.7526771001E-002   0.1979272734E-004   0.9990272231E+000   0.7534100000E-002   0.1981200000E-004
  -0.1143059478E+001   0.7550718708E-002   0.1995449326E-004   0.9990233932E+000   0.7558100000E-002   0.1997400000E-004
  -0.1139384547E+001   0.7574865806E-002   0.2011925438E-004   0.9990195332E+000   0.7582300000E-002   0.2013900000E-004
  -0.1135709616E+001   0.7599312189E-002   0.2028601164E-004   0.9990156424E+000   0.7606800000E-002   0.2030600000E-004
  -0.1132034685E+001   0.7623858046E-002   0.2045476498E-004   0.9990117207E+000   0.7631400000E-002   0.2047500000E-004
  -0.1128359754E+001   0.7648703171E-002   0.2062651338E-004   0.9990077676E+000   0.7656300000E-002   0.2064700000E-004
  -0.1124684823E+001   0.7673747657E-002   0.2080025776E-004   0.9990037828E+000   0.7681400000E-002   0.2082100000E-004
  -0.1121009892E+001   0.7698991495E-002   0.2097699708E-004   0.9989997658E+000   0.7706700000E-002   0.2099800000E-004
  -0.1117334961E+001   0.7724434678E-002   0.2115573228E-004   0.9989957163E+000   0.7732200000E-002   0.2117700000E-004
  -0.1113660031E+001   0.7750077197E-002   0.2133746231E-004   0.9989916339E+000   0.7757900000E-002   0.2135900000E-004
  -0.1109985100E+001   0.7776018942E-002   0.2152118810E-004   0.9989875181E+000   0.7783900000E-002   0.2154300000E-004
  -0.1106310169E+001   0.7802160007E-002   0.2170790860E-004   0.9989833686E+000   0.7810100000E-002   0.2173000000E-004
  -0.1102635238E+001   0.7828600281E-002   0.2189762374E-004   0.9989791850E+000   0.7836600000E-002   0.2192000000E-004
  -0.1098960307E+001   0.7855239856E-002   0.2209033344E-004   0.9989749668E+000   0.7863300000E-002   0.2211300000E-004
  -0.1095285376E+001   0.7882078724E-002   0.2228603765E-004   0.9989707136E+000   0.7890200000E-002   0.2230900000E-004
  -0.1091610445E+001   0.7909216773E-002   0.2248473629E-004   0.9989664249E+000   0.7917400000E-002   0.2250800000E-004
  -0.1087935514E+001   0.7936554095E-002   0.2268543034E-004   0.9989621004E+000   0.7944800000E-002   0.2270900000E-004
  -0.1084260583E+001   0.7964190578E-002   0.2289011764E-004   0.9989577395E+000   0.7972500000E-002   0.2291400000E-004
  -0.1080585652E+001   0.7992126211E-002   0.2309779917E-004   0.9989533418E+000   0.8000500000E-002   0.2312200000E-004
  -0.1076910722E+001   0.8020261088E-002   0.2330847484E-004   0.9989489068E+000   0.8028700000E-002   0.2333300000E-004
  -0.1073235791E+001   0.8048695094E-002   0.2352214459E-004   0.9989444341E+000   0.8057200000E-002   0.2354700000E-004
  -0.1069560860E+001   0.8077328325E-002   0.2373980727E-004   0.9989399232E+000   0.8085900000E-002   0.2376500000E-004
  -0.1065885929E+001   0.8106360556E-002   0.2396046387E-004   0.9989353735E+000   0.8115000000E-002   0.2398600000E-004
  -0.1062210998E+001   0.8135591989E-002   0.2418411430E-004   0.9989307847E+000   0.8144300000E-002   0.2421000000E-004
  -0.1058536067E+001   0.8165122507E-002   0.2441275633E-004   0.9989261560E+000   0.8173900000E-002   0.2443900000E-004
  -0.1054861136E+001   0.8194952097E-002   0.2464339309E-004   0.9989214872E+000   0.8203800000E-002   0.2467000000E-004
  -0.1051186205E+001   0.8224980855E-002   0.2487902126E-004   0.9989167776E+000   0.8233900000E-002   0.2490600000E-004
  -0.1047511274E+001   0.8255408553E-002   0.2511764291E-004   0.9989120266E+000   0.8264400000E-002   0.2514500000E-004
  -0.1043836343E+001   0.8286135286E-002   0.2536025685E-004   0.9989072338E+000   0.8295200000E-002   0.2538800000E-004
  -0.1040161413E+001   0.8317161042E-002   0.2560786189E-004   0.9989023986E+000   0.8326300000E-002   0.2563600000E-004
  -0.1036486482E+001   0.8348485807E-002   0.2585846011E-004   0.9988975204E+000   0.8357700000E-002   0.2588700000E-004
  -0.1032811551E+001   0.8380109567E-002   0.2611305031E-004   0.9988925987E+000   0.8389400000E-002   0.2614200000E-004
  -0.1029136620E+001   0.8412132200E-002   0.2637263128E-004   0.9988876328E+000   0.8421500000E-002   0.2640200000E-004
  -0.1025461689E+001   0.8444353911E-002   0.2663620400E-004   0.9988826222E+000   0.8453800000E-002   0.2666600000E-004
  -0.1021786758E+001   0.8477074353E-002   0.2690476725E-004   0.9988775662E+000   0.8486600000E-002   0.2693500000E-004
  -0.1018111827E+001   0.8509993847E-002   0.2717732201E-004   0.9988724643E+000   0.8519600000E-002   0.2720800000E-004
  -0.1014436896E+001   0.8543312152E-002   0.2745486704E-004   0.9988673158E+000   0.8553000000E-002   0.2748600000E-004
  -0.1010761965E+001   0.8577029252E-002   0.2773640335E-004   0.9988621200E+000   0.8586800000E-002   0.2776800000E-004
  -0.1007087034E+001   0.8611045246E-002   0.2802392852E-004   0.9988568764E+000   0.8620900000E-002   0.2805600000E-004
  -0.1003412104E+001   0.8645460002E-002   0.2831644356E-004   0.9988515842E+000   0.8655400000E-002   0.2834900000E-004
  -0.9997371726E+000   0.8680173619E-002   0.2861294947E-004   0.9988462428E+000   0.8690200000E-002   0.2864600000E-004
  -0.9960622417E+000   0.8715385849E-002   0.2891544381E-004   0.9988408514E+000   0.8725500000E-002   0.2894900000E-004
  -0.9923873108E+000   0.8750896906E-002   0.2922392641E-004   0.9988354095E+000   0.8761100000E-002   0.2925800000E-004
  -0.9887123799E+000   0.8786806655E-002   0.2953739828E-004   0.9988299161E+000   0.8797100000E-002   0.2957200000E-004
  -0.9850374490E+000   0.8823115079E-002   0.2985685809E-004   0.9988243708E+000   0.8833500000E-002   0.2989200000E-004
  -0.9813625181E+000   0.8859822159E-002   0.3018130685E-004   0.9988187726E+000   0.8870300000E-002   0.3021700000E-004
  -0.9776875872E+000   0.8896927874E-002   0.3051274203E-004   0.9988131208E+000   0.8907500000E-002   0.3054900000E-004
  -0.9740126563E+000   0.8934532086E-002   0.3085016462E-004   0.9988074147E+000   0.8945200000E-002   0.3088700000E-004
  -0.9703377254E+000   0.8972534894E-002   0.3119357444E-004   0.9988016535E+000   0.8983300000E-002   0.3123100000E-004
  -0.9666627945E+000   0.9010936276E-002   0.3154397010E-004   0.9987958364E+000   0.9021800000E-002   0.3158200000E-004
  -0.9629878636E+000   0.9049836092E-002   0.3190035261E-004   0.9987899624E+000   0.9060800000E-002   0.3193900000E-004
  -0.9593129327E+000   0.9089134438E-002   0.3226372055E-004   0.9987840309E+000   0.9100200000E-002   0.3230300000E-004
  -0.9556380018E+000   0.9128931173E-002   0.3263407371E-004   0.9987780410E+000   0.9140100000E-002   0.3267400000E-004
  -0.9519630709E+000   0.9169226270E-002   0.3301141187E-004   0.9987719918E+000   0.9180500000E-002   0.3305200000E-004
  -0.9482881400E+000   0.9209919831E-002   0.3339673357E-004   0.9987658823E+000   0.9221300000E-002   0.3343800000E-004
  -0.9446132091E+000   0.9251111707E-002   0.3378903981E-004   0.9987597118E+000   0.9262600000E-002   0.3383100000E-004
  -0.9409382782E+000   0.9292901748E-002   0.3419032786E-004   0.9987534793E+000   0.9304500000E-002   0.3423300000E-004
  -0.9372633473E+000   0.9335090177E-002   0.3459859994E-004   0.9987471838E+000   0.9346800000E-002   0.3464200000E-004
  -0.9335884164E+000   0.9377876719E-002   0.3501485456E-004   0.9987408244E+000   0.9389700000E-002   0.3505900000E-004
  -0.9299134855E+000   0.9421161469E-002   0.3544009019E-004   0.9987344001E+000   0.9433100000E-002   0.3548500000E-004
  -0.9262385546E+000   0.9465044275E-002   0.3587430652E-004   0.9987279099E+000   0.9477100000E-002   0.3592000000E-004
  -0.9225636237E+000   0.9509425233E-002   0.3631750327E-004   0.9987213528E+000   0.9521600000E-002   0.3636400000E-004
  -0.9188886928E+000   0.9554304314E-002   0.3676968013E-004   0.9987147277E+000   0.9566600000E-002   0.3681700000E-004
  -0.9152137619E+000   0.9599881232E-002   0.3723083679E-004   0.9987080337E+000   0.9612300000E-002   0.3727900000E-004
  -0.9115388310E+000   0.9645956212E-002   0.3770197163E-004   0.9987012695E+000   0.9658500000E-002   0.3775100000E-004
  -0.9078639001E+000   0.9692728962E-002   0.3818408300E-004   0.9986944342E+000   0.9705400000E-002   0.3823400000E-004
  -0.9041889692E+000   0.9739999709E-002   0.3867617184E-004   0.9986875265E+000   0.9752800000E-002   0.3872700000E-004
  -0.9005140383E+000   0.9787968157E-002   0.3917823779E-004   0.9986805454E+000   0.9800900000E-002   0.3923000000E-004
  -0.8968391074E+000   0.9836634270E-002   0.3969227784E-004   0.9986734895E+000   0.9849700000E-002   0.3974500000E-004
  -0.8931641765E+000   0.9885898143E-002   0.4021729290E-004   0.9986663578E+000   0.9899100000E-002   0.4027100000E-004
  -0.8894892456E+000   0.9935759740E-002   0.4075428121E-004   0.9986591490E+000   0.9949100000E-002   0.4080900000E-004
  -0.8858143147E+000   0.9986418754E-002   0.4130324236E-004   0.9986518619E+000   0.9999900000E-002   0.4135900000E-004
  -0.8821393838E+000   0.1003737582E-001   0.4186517452E-004   0.9986444951E+000   0.1005100000E-001   0.4192200000E-004
  -0.8784644529E+000   0.1009022873E-001   0.4243907860E-004   0.9986370474E+000   0.1010400000E-001   0.4249700000E-004
  -0.8747895220E+000   0.1014208138E-001   0.4302695138E-004   0.9986295173E+000   0.1015600000E-001   0.4308600000E-004
  -0.8711145911E+000   0.1019592964E-001   0.4362779373E-004   0.9986219036E+000   0.1021000000E-001   0.4368800000E-004
  -0.8674396602E+000   0.1025077481E-001   0.4424360235E-004   0.9986142049E+000   0.1026500000E-001   0.4430500000E-004
  -0.8637647293E+000   0.1030561825E-001   0.4487437668E-004   0.9986064196E+000   0.1032000000E-001   0.4493700000E-004
  -0.8600897984E+000   0.1036145852E-001   0.4551911754E-004   0.9985985464E+000   0.1037600000E-001   0.4558300000E-004
  -0.8564148675E+000   0.1041829556E-001   0.4618082013E-004   0.9985905837E+000   0.1043300000E-001   0.4624600000E-004
  -0.8527399366E+000   0.1047513074E-001   0.4685848522E-004   0.9985825300E+000   0.1049000000E-001   0.4692500000E-004
  -0.8490650057E+000   0.1053396117E-001   0.4755211215E-004   0.9985743837E+000   0.1054900000E-001   0.4762000000E-004
  -0.8453900748E+000   0.1059378821E-001   0.4826369740E-004   0.9985661433E+000   0.1060900000E-001   0.4833300000E-004
  -0.8417151439E+000   0.1065361324E-001   0.4899423880E-004   0.9985578070E+000   0.1066900000E-001   0.4906500000E-004
  -0.8380402130E+000   0.1071443477E-001   0.4974173848E-004   0.9985493732E+000   0.1073000000E-001   0.4981400000E-004
  -0.8343652821E+000   0.1077725129E-001   0.5051018986E-004   0.9985408403E+000   0.1079300000E-001   0.5058400000E-004
  -0.8306903512E+000   0.1084006563E-001   0.5129759503E-004   0.9985322063E+000   0.1085600000E-001   0.5137300000E-004
  -0.8270154203E+000   0.1090387629E-001   0.5210595021E-004   0.9985234696E+000   0.1092000000E-001   0.5218300000E-004
  -0.8233404894E+000   0.1096968171E-001   0.5293625301E-004   0.9985146282E+000   0.1098600000E-001   0.5301500000E-004
  -0.8196655585E+000   0.1103548478E-001   0.5378850249E-004   0.9985056803E+000   0.1105200000E-001   0.5386900000E-004
  -0.8159906276E+000   0.1110228396E-001   0.5466369617E-004   0.9984966239E+000   0.1111900000E-001   0.5474600000E-004
  -0.8123156967E+000   0.1117107767E-001   0.5556383002E-004   0.9984874572E+000   0.1118800000E-001   0.5564800000E-004
  -0.8086407658E+000   0.1124086733E-001   0.5648890291E-004   0.9984781779E+000   0.1125800000E-001   0.5657500000E-004
  -0.8049658349E+000   0.1131165285E-001   0.5743991221E-004   0.9984687841E+000   0.1132900000E-001   0.5752800000E-004
  -0.8012909040E+000   0.1138343418E-001   0.5841785518E-004   0.9984592736E+000   0.1140100000E-001   0.5850800000E-004
  -0.7976159731E+000   0.1145720967E-001   0.5942472747E-004   0.9984496442E+000   0.1147500000E-001   0.5951700000E-004
  -0.7939410422E+000   0.1153098233E-001   0.6046052776E-004   0.9984398937E+000   0.1154900000E-001   0.6055500000E-004
  -0.7902661113E+000   0.1160674898E-001   0.6152625311E-004   0.9984300197E+000   0.1162500000E-001   0.6162300000E-004
  -0.7865911804E+000   0.1168450949E-001   0.6262489734E-004   0.9984200200E+000   0.1170300000E-001   0.6272400000E-004
  -0.7829162495E+000   0.1176326535E-001   0.6375645889E-004   0.9984098921E+000   0.1178200000E-001   0.6385800000E-004
  -0.7792413186E+000   0.1184301645E-001   0.6492293297E-004   0.9983996335E+000   0.1186200000E-001   0.6502700000E-004
  -0.7755663877E+000   0.1192476110E-001   0.6612631465E-004   0.9983892417E+000   0.1194400000E-001   0.6623300000E-004
  -0.7718914568E+000   0.1200849917E-001   0.6736660211E-004   0.9983787141E+000   0.1202800000E-001   0.6747600000E-004
  -0.7682165259E+000   0.1209323216E-001   0.6864678861E-004   0.9983680479E+000   0.1211300000E-001   0.6875900000E-004
  -0.7645415950E+000   0.1217895998E-001   0.6996787048E-004   0.9983572405E+000   0.1219900000E-001   0.7008300000E-004
  -0.7608666641E+000   0.1226767920E-001   0.7133284069E-004   0.9983462889E+000   0.1228800000E-001   0.7145100000E-004
  -0.7571917332E+000   0.1235739299E-001   0.7274369365E-004   0.9983351904E+000   0.1237800000E-001   0.7286500000E-004
  -0.7535168023E+000   0.1244909956E-001   0.7420142530E-004   0.9983239419E+000   0.1247000000E-001   0.7432600000E-004
  -0.7498418714E+000   0.1254279876E-001   0.7570902812E-004   0.9983125403E+000   0.1256400000E-001   0.7583700000E-004
  -0.7461669405E+000   0.1263849044E-001   0.7726949436E-004   0.9983009826E+000   0.1266000000E-001   0.7740100000E-004
  -0.7424920096E+000   0.1273517616E-001   0.7888381947E-004   0.9982892655E+000   0.1275700000E-001   0.7901900000E-004
  -0.7388170787E+000   0.1283485235E-001   0.8055699191E-004   0.9982773856E+000   0.1285700000E-001   0.8069600000E-004
  -0.7351421478E+000   0.1293751880E-001   0.8229000674E-004   0.9982653396E+000   0.1296000000E-001   0.8243300000E-004
  -0.7314672169E+000   0.1304117881E-001   0.8408785189E-004   0.9982531239E+000   0.1306400000E-001   0.8423500000E-004
  -0.7277922860E+000   0.1314782872E-001   0.8595252024E-004   0.9982407350E+000   0.1317100000E-001   0.8610400000E-004
  -0.7241173551E+000   0.1325647009E-001   0.8788800092E-004   0.9982281691E+000   0.1328000000E-001   0.8804400000E-004
  -0.7204424242E+000   0.1336710272E-001   0.8989928094E-004   0.9982154223E+000   0.1339100000E-001   0.9006000000E-004
  -0.7167674933E+000   0.1348172284E-001   0.9198935055E-004   0.9982024909E+000   0.1350600000E-001   0.9215500000E-004
  -0.7130925624E+000   0.1359833380E-001   0.9416219790E-004   0.9981893707E+000   0.1362300000E-001   0.9433300000E-004
  -0.7094176315E+000   0.1371693538E-001   0.9642480533E-004   0.9981760575E+000   0.1374200000E-001   0.9660100000E-004
  -0.7057427006E+000   0.1383952372E-001   0.9878116015E-004   0.9981625471E+000   0.1386500000E-001   0.9896300000E-004
  -0.7020677697E+000   0.1396510035E-001   0.1012422363E-003   0.9981488351E+000   0.1399100000E-001   0.1014300000E-003
  -0.6983928388E+000   0.1409366503E-001   0.1037960500E-003   0.9981349169E+000   0.1412000000E-001   0.1039900000E-003
  -0.6947179079E+000   0.1422521747E-001   0.1064795256E-003   0.9981207878E+000   0.1425200000E-001   0.1066800000E-003
  -0.6910429770E+000   0.1436075550E-001   0.1092726934E-003   0.9981064430E+000   0.1438800000E-001   0.1094800000E-003
  -0.6873680461E+000   0.1450027880E-001   0.1121955080E-003   0.9980918775E+000   0.1452800000E-001   0.1124100000E-003
  -0.6836931152E+000   0.1464278893E-001   0.1152479611E-003   0.9980770862E+000   0.1467100000E-001   0.1154700000E-003
  -0.6800181843E+000   0.1478928366E-001   0.1184599864E-003   0.9980620638E+000   0.1481800000E-001   0.1186900000E-003
  -0.6763432534E+000   0.1494076067E-001   0.1218215930E-003   0.9980468049E+000   0.1497000000E-001   0.1220600000E-003
  -0.6726683225E+000   0.1509622150E-001   0.1253527317E-003   0.9980313037E+000   0.1512600000E-001   0.1256000000E-003
  -0.6689933916E+000   0.1525566577E-001   0.1290733517E-003   0.9980155546E+000   0.1528600000E-001   0.1293300000E-003
  -0.6653184607E+000   0.1542108907E-001   0.1329834402E-003   0.9979995514E+000   0.1545200000E-001   0.1332500000E-003
  -0.6616435298E+000   0.1559049493E-001   0.1371029441E-003   0.9979832880E+000   0.1562200000E-001   0.1373800000E-003
  -0.6579685989E+000   0.1576587884E-001   0.1414518083E-003   0.9979667580E+000   0.1579800000E-001   0.1417400000E-003
  -0.6542936680E+000   0.1594724028E-001   0.1460499759E-003   0.9979499548E+000   0.1598000000E-001   0.1463500000E-003
  -0.6506187371E+000   0.1613457867E-001   0.1509273675E-003   0.9979328716E+000   0.1616800000E-001   0.1512400000E-003
  -0.6469438062E+000   0.1632789343E-001   0.1560939427E-003   0.9979155013E+000   0.1636200000E-001   0.1564200000E-003
  -0.6432688753E+000   0.1652818187E-001   0.1615895967E-003   0.9978978365E+000   0.1656300000E-001   0.1619300000E-003
  -0.6395939444E+000   0.1673544330E-001   0.1674442422E-003   0.9978798699E+000   0.1677100000E-001   0.1678000000E-003
  -0.6359190135E+000   0.1695067489E-001   0.1736977676E-003   0.9978615934E+000   0.1698700000E-001   0.1740700000E-003
  -0.6322440826E+000   0.1717387586E-001   0.1804000358E-003   0.9978429992E+000   0.1721100000E-001   0.1807900000E-003
  -0.6285691517E+000   0.1740604323E-001   0.1875909268E-003   0.9978240787E+000   0.1744400000E-001   0.1880000000E-003
  -0.6248942208E+000   0.1764817391E-001   0.1953502283E-003   0.9978048234E+000   0.1768700000E-001   0.1957800000E-003
  -0.6212192899E+000   0.1790026692E-001   0.2037477428E-003   0.9977852242E+000   0.1794000000E-001   0.2042000000E-003
  -0.6175443590E+000   0.1816331901E-001   0.2128931761E-003   0.9977652719E+000   0.1820400000E-001   0.2133700000E-003
  -0.6138694281E+000   0.1843832680E-001   0.2228962234E-003   0.9977449569E+000   0.1848000000E-001   0.2234000000E-003
  -0.6101944972E+000   0.1872728453E-001   0.2339463866E-003   0.9977242691E+000   0.1877000000E-001   0.2344800000E-003
  -0.6065195663E+000   0.1903019080E-001   0.2462630804E-003   0.9977031983E+000   0.1907400000E-001   0.2468300000E-003
  -0.6028446354E+000   0.1935103490E-001   0.2602253266E-003   0.9976817336E+000   0.1939600000E-001   0.2608300000E-003
  -0.5991697045E+000   0.1968981507E-001   0.2764315951E-003   0.9976598639E+000   0.1973600000E-001   0.2770800000E-003
  -0.5954947736E+000   0.2005151767E-001   0.2961786441E-003   0.9976375777E+000   0.2009900000E-001   0.2968800000E-003
  -0.5918198427E+000   0.2043913331E-001   0.3231573826E-003   0.9976148630E+000   0.2048800000E-001   0.3239300000E-003
  -0.5881449118E+000   0.2085465464E-001   0.3659365900E-003   0.9975917072E+000   0.2090500000E-001   0.3668200000E-003
  -0.5844699809E+000   0.2129209347E-001   0.4283557410E-003   0.9975680974E+000   0.2134400000E-001   0.4294000000E-003
  -0.5807950500E+000   0.2174845473E-001   0.5097449943E-003   0.9975440201E+000   0.2180200000E-001   0.5110000000E-003
  -0.5771201191E+000   0.2222373608E-001   0.6101627041E-003   0.9975194613E+000   0.2227900000E-001   0.6116800000E-003
  -0.5734451882E+000   0.2271893260E-001   0.7303654043E-003   0.9974944064E+000   0.2277600000E-001   0.7322000000E-003
  -0.5697702573E+000   0.2323304422E-001   0.8715982472E-003   0.9974688402E+000   0.2329200000E-001   0.8738100000E-003
  -0.5660953264E+000   0.2376906066E-001   0.1035545060E-002   0.9974427468E+000   0.2383000000E-001   0.1038200000E-002
  -0.5624203955E+000   0.2432498409E-001   0.1224029050E-002   0.9974161099E+000   0.2438800000E-001   0.1227200000E-002
  -0.5587454646E+000   0.2490280636E-001   0.1439531417E-002   0.9973889123E+000   0.2496800000E-001   0.1443300000E-002
  -0.5550705337E+000   0.2550352161E-001   0.1684642695E-002   0.9973611361E+000   0.2557100000E-001   0.1689100000E-002
  -0.5513956028E+000   0.2612612905E-001   0.1962252210E-002   0.9973327625E+000   0.2619600000E-001   0.1967500000E-002
  -0.5477206719E+000   0.2677062516E-001   0.2275747478E-002   0.9973037722E+000   0.2684300000E-001   0.2281900000E-002
  -0.5440457410E+000   0.2743900082E-001   0.2628814646E-002   0.9972741447E+000   0.2751400000E-001   0.2636000000E-002
  -0.5403708101E+000   0.2812925753E-001   0.3025837317E-002   0.9972438590E+000   0.2820700000E-001   0.3034200000E-002
  -0.5366958792E+000   0.2884139128E-001   0.3471198358E-002   0.9972128927E+000   0.2892200000E-001   0.3480900000E-002
  -0.5330209483E+000   0.2957539788E-001   0.3970177320E-002   0.9971812226E+000   0.2965900000E-001   0.3981400000E-002
  -0.5293460174E+000   0.3032728435E-001   0.4528252242E-002   0.9971488246E+000   0.3041400000E-001   0.4541200000E-002
  -0.5256710865E+000   0.3109704650E-001   0.5151498414E-002   0.9971156732E+000   0.3118700000E-001   0.5166400000E-002
  -0.5219961556E+000   0.3188069161E-001   0.5846588210E-002   0.9970817418E+000   0.3197400000E-001   0.5863700000E-002
  -0.5183212247E+000   0.3267422732E-001   0.6620491802E-002   0.9970470027E+000   0.3277100000E-001   0.6640100000E-002
  -0.5146462938E+000   0.3347266462E-001   0.7480776135E-002   0.9970114265E+000   0.3357300000E-001   0.7503200000E-002
  -0.5109713629E+000   0.3427001805E-001   0.8435006538E-002   0.9969749826E+000   0.3437400000E-001   0.8460600000E-002
  -0.5072964320E+000   0.3505631514E-001   0.9491245098E-002   0.9969376390E+000   0.3516400000E-001   0.9520400000E-002
  -0.5036215011E+000   0.3582258167E-001   0.1065685418E-001   0.9968993619E+000   0.3593400000E-001   0.1069000000E-001
  -0.4999465702E+000   0.3655685417E-001   0.1194039047E-001   0.9968601159E+000   0.3667200000E-001   0.1197800000E-001
  -0.4962716393E+000   0.3724418056E-001   0.1334642115E-001   0.9968198636E+000   0.3736300000E-001   0.1338900000E-001
  -0.4925967084E+000   0.3786662094E-001   0.1488190399E-001   0.9967785659E+000   0.3798900000E-001   0.1493000000E-001
  -0.4889217775E+000   0.3840424508E-001   0.1654781409E-001   0.9967361816E+000   0.3853000000E-001   0.1660200000E-001
  -0.4852468466E+000   0.3883513308E-001   0.1834612192E-001   0.9966926671E+000   0.3896400000E-001   0.1840700000E-001
  -0.4815719157E+000   0.3913437945E-001   0.2027281649E-001   0.9966479767E+000   0.3926600000E-001   0.2034100000E-001
  -0.4778969848E+000   0.3927509066E-001   0.2231790658E-001   0.9966020620E+000   0.3940900000E-001   0.2239400000E-001
  -0.4742220539E+000   0.3923037910E-001   0.2446841178E-001   0.9965548721E+000   0.3936600000E-001   0.2455300000E-001
  -0.4705471230E+000   0.3897336347E-001   0.2670338074E-001   0.9965063531E+000   0.3911000000E-001   0.2679700000E-001
  -0.4668721921E+000   0.3847916219E-001   0.2899488972E-001   0.9964564479E+000   0.3861600000E-001   0.2909800000E-001
  -0.4631972612E+000   0.3772788257E-001   0.3130904094E-001   0.9964050964E+000   0.3786400000E-001   0.3142200000E-001
  -0.4595223303E+000   0.3670561633E-001   0.3360397182E-001   0.9963522348E+000   0.3684000000E-001   0.3372700000E-001
  -0.4558473994E+000   0.3540643105E-001   0.3583483911E-001   0.9962977954E+000   0.3553800000E-001   0.3596800000E-001
  -0.4521724685E+000   0.3383635332E-001   0.3795282405E-001   0.9962417066E+000   0.3396400000E-001   0.3809600000E-001
  -0.4484975376E+000   0.3200938082E-001   0.3991011527E-001   0.9961838922E+000   0.3213200000E-001   0.4006300000E-001
  -0.4448226067E+000   0.2995445296E-001   0.4166190152E-001   0.9961242713E+000   0.3007100000E-001   0.4182400000E-001
  -0.4411476758E+000   0.2770648168E-001   0.4317135206E-001   0.9960627581E+000   0.2781600000E-001   0.4334200000E-001
  -0.4374727449E+000   0.2531132921E-001   0.4440861904E-001   0.9959992608E+000   0.2541300000E-001   0.4458700000E-001
  -0.4337978140E+000   0.2281783659E-001   0.4535581581E-001   0.9959336820E+000   0.2291100000E-001   0.4554100000E-001
  -0.4301228831E+000   0.2027682595E-001   0.4600701366E-001   0.9958659176E+000   0.2036100000E-001   0.4619800000E-001
  -0.4264479522E+000   0.1773910739E-001   0.4636823826E-001   0.9957958565E+000   0.1781400000E-001   0.4656400000E-001
  -0.4227730213E+000   0.1524950356E-001   0.4645348284E-001   0.9957233799E+000   0.1531500000E-001   0.4665300000E-001
  -0.4190980904E+000   0.1284485950E-001   0.4628570099E-001   0.9956483607E+000   0.1290100000E-001   0.4648800000E-001
  -0.4154231595E+000   0.1055902245E-001   0.4589481199E-001   0.9955706628E+000   0.1060600000E-001   0.4609900000E-001
  -0.4117482286E+000   0.8411692586E-002   0.4531072922E-001   0.9954901401E+000   0.8449800000E-002   0.4551600000E-001
  -0.4080732977E+000   0.6420074178E-002   0.4456734130E-001   0.9954066357E+000   0.6449700000E-002   0.4477300000E-001
  -0.4043983668E+000   0.4591610135E-002   0.4369454716E-001   0.9953199808E+000   0.4613200000E-002   0.4390000000E-001
  -0.4007234359E+000   0.2928762826E-002   0.4272422840E-001   0.9952299938E+000   0.2942800000E-002   0.4292900000E-001
  -0.3970485050E+000   0.1429015983E-002   0.4168129141E-001   0.9951364786E+000   0.1436000000E-002   0.4188500000E-001
  -0.3933735741E+000   0.8641816155E-004   0.4058964002E-001   0.9950392238E+000   0.8684900000E-004   0.4079200000E-001
  -0.3896986432E+000  -0.1107465488E-002   0.3946919048E-001   0.9949380004E+000  -0.1113100000E-002   0.3967000000E-001
  -0.3860237123E+000  -0.2162567020E-002   0.3833686755E-001   0.9948325604E+000  -0.2173800000E-002   0.3853600000E-001
  -0.3823487814E+000  -0.3089707976E-002   0.3720561071E-001   0.9947226348E+000  -0.3106100000E-002   0.3740300000E-001
  -0.3786738505E+000  -0.3900156081E-002   0.3608636496E-001   0.9946079312E+000  -0.3921300000E-002   0.3628200000E-001
  -0.3749989196E+000  -0.4604678945E-002   0.3498808143E-001   0.9944881311E+000  -0.4630200000E-002   0.3518200000E-001
  -0.3713239887E+000  -0.5214041236E-002   0.3391672372E-001   0.9943628873E+000  -0.5243600000E-002   0.3410900000E-001
  -0.3676490578E+000  -0.5738010103E-002   0.3287626359E-001   0.9942318200E+000  -0.5771300000E-002   0.3306700000E-001
  -0.3639741258E+000  -0.6186150748E-002   0.3187067010E-001   0.9940945135E+000  -0.6222900000E-002   0.3206000000E-001
  -0.3602991949E+000  -0.6566732844E-002   0.3090092745E-001   0.9939505115E+000  -0.6606700000E-002   0.3108900000E-001
  -0.3566242640E+000  -0.6887526132E-002   0.2996801826E-001   0.9937993121E+000  -0.6930500000E-002   0.3015500000E-001
  -0.3529493331E+000  -0.7155601702E-002   0.2907391699E-001   0.9936403619E+000  -0.7201400000E-002   0.2926000000E-001
  -0.3492744022E+000  -0.7377232822E-002   0.2821761502E-001   0.9934730493E+000  -0.7425700000E-002   0.2840300000E-001
  -0.3455994713E+000  -0.7557895235E-002   0.2739810278E-001   0.9932966967E+000  -0.7608900000E-002   0.2758300000E-001
  -0.3419245404E+000  -0.7702664746E-002   0.2661436966E-001   0.9931105512E+000  -0.7756100000E-002   0.2679900000E-001
  -0.3382496095E+000  -0.7815919354E-002   0.2586540381E-001   0.9929137739E+000  -0.7871700000E-002   0.2605000000E-001
  -0.3345746786E+000  -0.7901538120E-002   0.2515118471E-001   0.9927054274E+000  -0.7959600000E-002   0.2533600000E-001
  -0.3308997477E+000  -0.7963000573E-002   0.2446871189E-001   0.9924844607E+000  -0.8023300000E-002   0.2465400000E-001
  -0.3272248168E+000  -0.8003386787E-002   0.2381796159E-001   0.9922496915E+000  -0.8065900000E-002   0.2400400000E-001
  -0.3235498859E+000  -0.8025377462E-002   0.2319593098E-001   0.9919997852E+000  -0.8090100000E-002   0.2338300000E-001
  -0.3198749550E+000  -0.8031353211E-002   0.2260259203E-001   0.9917332293E+000  -0.8098300000E-002   0.2279100000E-001
  -0.3162000241E+000  -0.8023196248E-002   0.2203592998E-001   0.9914483031E+000  -0.8092400000E-002   0.2222600000E-001
  -0.3125250932E+000  -0.8002984479E-002   0.2149392797E-001   0.9911430403E+000  -0.8074500000E-002   0.2168600000E-001
  -0.3088501623E+000  -0.7972198048E-002   0.2097654825E-001   0.9908151835E+000  -0.8046100000E-002   0.2117100000E-001
  -0.3051752314E+000  -0.7932215005E-002   0.2048176636E-001   0.9904621288E+000  -0.8008600000E-002   0.2067900000E-001
  -0.3015003005E+000  -0.7884211874E-002   0.2000854402E-001   0.9900808562E+000  -0.7963200000E-002   0.2020900000E-001
  -0.2978253696E+000  -0.7829460239E-002   0.1955484691E-001   0.9896678430E+000  -0.7911200000E-002   0.1975900000E-001
  -0.2941504387E+000  -0.7768732142E-002   0.1912061318E-001   0.9892189551E+000  -0.7853400000E-002   0.1932900000E-001
  -0.2904755078E+000  -0.7702893421E-002   0.1870478105E-001   0.9887293082E+000  -0.7790700000E-002   0.1891800000E-001
  -0.2868005769E+000  -0.7632704604E-002   0.1830528879E-001   0.9881930895E+000  -0.7723900000E-002   0.1852400000E-001
  -0.2831256460E+000  -0.7558720820E-002   0.1792104996E-001   0.9876033266E+000  -0.7653600000E-002   0.1814600000E-001
  -0.2794507151E+000  -0.7481487776E-002   0.1755293390E-001   0.9869515825E+000  -0.7580400000E-002   0.1778500000E-001
  -0.2757757842E+000  -0.7401440525E-002   0.1719783604E-001   0.9862275511E+000  -0.7504800000E-002   0.1743800000E-001
  -0.2721008533E+000  -0.7318900347E-002   0.1685558359E-001   0.9854185085E+000  -0.7427200000E-002   0.1710500000E-001
  -0.2684259224E+000  -0.7234267361E-002   0.1652596071E-001   0.9845085615E+000  -0.7348100000E-002   0.1678600000E-001
  -0.2647509915E+000  -0.7147718466E-002   0.1620672729E-001   0.9834775952E+000  -0.7267800000E-002   0.1647900000E-001
  -0.2610760606E+000  -0.7059395555E-002   0.1589852184E-001   0.9822997739E+000  -0.7186600000E-002   0.1618500000E-001
  -0.2574011297E+000  -0.6969294038E-002   0.1559794847E-001   0.9809413541E+000  -0.7104700000E-002   0.1590100000E-001
  -0.2537261988E+000  -0.6877439493E-002   0.1530637700E-001   0.9793574124E+000  -0.7022400000E-002   0.1562900000E-001
  -0.2500512679E+000  -0.6783660687E-002   0.1502006227E-001   0.9774868063E+000  -0.6939900000E-002   0.1536600000E-001
  -0.2463763370E+000  -0.6687639196E-002   0.1473984000E-001   0.9752441445E+000  -0.6857400000E-002   0.1511400000E-001
  -0.2427014061E+000  -0.6588731374E-002   0.1446214380E-001   0.9725064759E+000  -0.6775000000E-002   0.1487100000E-001
  -0.2390264752E+000  -0.6486023544E-002   0.1418360361E-001   0.9690901619E+000  -0.6692900000E-002   0.1463600000E-001
  -0.2353515443E+000  -0.6377783297E-002   0.1390144716E-001   0.9647083385E+000  -0.6611100000E-002   0.1441000000E-001
  -0.2316766134E+000  -0.6261436272E-002   0.1360852441E-001   0.9588870077E+000  -0.6529900000E-002   0.1419200000E-001
  -0.2280016825E+000  -0.6131797425E-002   0.1329291382E-001   0.9507841942E+000  -0.6449200000E-002   0.1398100000E-001
  -0.2243267516E+000  -0.5979008575E-002   0.1293413200E-001   0.9387525043E+000  -0.6369100000E-002   0.1377800000E-001
  -0.2206518207E+000  -0.5780965908E-002   0.1248232026E-001   0.9191017056E+000  -0.6289800000E-002   0.1358100000E-001
  -0.2169768898E+000  -0.5476609123E-002   0.1180726313E-001   0.8817312473E+000  -0.6211200000E-002   0.1339100000E-001
  -0.2133019589E+000  -0.4841059565E-002   0.1042483325E-001   0.7892817421E+000  -0.6133500000E-002   0.1320800000E-001
  -0.2096270280E+000  -0.3028300000E-002   0.6515000000E-002   0.5000000000E+000  -0.6056600000E-002   0.1303000000E-001
  -0.2059520971E+000  -0.1276236201E-002   0.2745658900E-002   0.2107182579E+000  -0.6056600000E-002   0.1303000000E-001
  -0.2022771662E+000  -0.7163065279E-003   0.1541041848E-002   0.1182687527E+000  -0.6056600000E-002   0.1303000000E-001
  -0.1986022353E+000  -0.4899686099E-003   0.1054104776E-002   0.8089829440E-001  -0.6056600000E-002   0.1303000000E-001
  -0.1949273044E+000  -0.3709515824E-003   0.7980548689E-003   0.6124749570E-001  -0.6056600000E-002   0.1303000000E-001
  -0.1912523735E+000  -0.2980804493E-003   0.6412819492E-003   0.4921580577E-001  -0.6056600000E-002   0.1303000000E-001
  -0.1875774426E+000  -0.2490049492E-003   0.5357022896E-003   0.4111299230E-001  -0.6056600000E-002   0.1303000000E-001
  -0.1839025117E+000  -0.2137474769E-003   0.4598503489E-003   0.3529166147E-001  -0.6056600000E-002   0.1303000000E-001
  -0.1802275808E+000  -0.1872085257E-003   0.4027551909E-003   0.3090983814E-001  -0.6056600000E-002   0.1303000000E-001
  -0.1765526499E+000  -0.1665172779E-003   0.3582406186E-003   0.2749352407E-001  -0.6056600000E-002   0.1303000000E-001
  -0.1728777190E+000  -0.1499363146E-003   0.3225687975E-003   0.2475585553E-001  -0.6056600000E-002   0.1303000000E-001
  -0.1692027881E+000  -0.1363534089E-003   0.2933469138E-003   0.2251319369E-001  -0.6056600000E-002   0.1303000000E-001
  -0.1655278572E+000  -0.1250238961E-003   0.2689729165E-003   0.2064258760E-001  -0.6056600000E-002   0.1303000000E-001
  -0.1618529263E+000  -0.1154305948E-003   0.2483341561E-003   0.1905864590E-001  -0.6056600000E-002   0.1303000000E-001
  -0.1581779954E+000  -0.1072031892E-003   0.2306339457E-003   0.1770022607E-001  -0.6056600000E-002   0.1303000000E-001
  -0.1545030645E+000  -0.1000695971E-003   0.2152869349E-003   0.1652240483E-001  -0.6056600000E-002   0.1303000000E-001
  -0.1508281336E+000  -0.9382544658E-004   0.2018534440E-003   0.1549143853E-001  -0.6056600000E-002   0.1303000000E-001
  -0.1471532027E+000  -0.8831426123E-004   0.1899968338E-003   0.1458149147E-001  -0.6056600000E-002   0.1303000000E-001
  -0.1434782718E+000  -0.8341421409E-004   0.1794550093E-003   0.1377244891E-001  -0.6056600000E-002   0.1303000000E-001
  -0.1398033409E+000  -0.7902904521E-004   0.1700208795E-003   0.1304841746E-001  -0.6056600000E-002   0.1303000000E-001
  -0.1361284100E+000  -0.7508169221E-004   0.1615286546E-003   0.1239667342E-001  -0.6056600000E-002   0.1303000000E-001
  -0.1324534790E+000  -0.7150973388E-004   0.1538440433E-003   0.1180691046E-001  -0.6056600000E-002   0.1303000000E-001
  -0.1287785481E+000  -0.6826207209E-004   0.1468571144E-003   0.1127069182E-001  -0.6056600000E-002   0.1303000000E-001
  -0.1251036172E+000  -0.6529647667E-004   0.1404770153E-003   0.1078104492E-001  -0.6056600000E-002   0.1303000000E-001
  -0.1214286863E+000  -0.6257774226E-004   0.1346280061E-003   0.1033215703E-001  -0.6056600000E-002   0.1303000000E-001
  -0.1177537554E+000  -0.6007628643E-004   0.1292464439E-003   0.9919143815E-002  -0.6056600000E-002   0.1303000000E-001
  -0.1140788245E+000  -0.5776707047E-004   0.1242784612E-003   0.9537871160E-002  -0.6056600000E-002   0.1303000000E-001
  -0.1104038936E+000  -0.5562875954E-004   0.1196781588E-003   0.9184816488E-002  -0.6056600000E-002   0.1303000000E-001
  -0.1067289627E+000  -0.5364306240E-004   0.1154061855E-003   0.8856959747E-002  -0.6056600000E-002   0.1303000000E-001
  -0.1030540318E+000  -0.5179420746E-004   0.1114286106E-003   0.8551696903E-002  -0.6056600000E-002   0.1303000000E-001
  -0.9937910095E-001  -0.5006852347E-004   0.1077160223E-003   0.8266770708E-002  -0.6056600000E-002   0.1303000000E-001
  -0.9570417005E-001  -0.4845410121E-004   0.1042427994E-003   0.8000214842E-002  -0.6056600000E-002   0.1303000000E-001
  -0.9202923915E-001  -0.4694051857E-004   0.1009865200E-003   0.7750308519E-002  -0.6056600000E-002   0.1303000000E-001
  -0.8835430825E-001  -0.4551861546E-004   0.9792747736E-004   0.7515539322E-002  -0.6056600000E-002   0.1303000000E-001
  -0.8467937735E-001  -0.4418030842E-004   0.9504828100E-004   0.7294572602E-002  -0.6056600000E-002   0.1303000000E-001
  -0.8100444645E-001  -0.4291843704E-004   0.9233352618E-004   0.7086226108E-002  -0.6056600000E-002   0.1303000000E-001
  -0.7732951555E-001  -0.4172663584E-004   0.8976951837E-004   0.6889448839E-002  -0.6056600000E-002   0.1303000000E-001
  -0.7365458465E-001  -0.4059922695E-004   0.8734404239E-004   0.6703303330E-002  -0.6056600000E-002   0.1303000000E-001
  -0.6997965375E-001  -0.3953112974E-004   0.8504616789E-004   0.6526950721E-002  -0.6056600000E-002   0.1303000000E-001
  -0.6630472284E-001  -0.3851778429E-004   0.8286608482E-004   0.6359638129E-002  -0.6056600000E-002   0.1303000000E-001
  -0.6262979194E-001  -0.3755508639E-004   0.8079496346E-004   0.6200687910E-002  -0.6056600000E-002   0.1303000000E-001
  -0.5895486104E-001  -0.3663933198E-004   0.7882483500E-004   0.6049488488E-002  -0.6056600000E-002   0.1303000000E-001
  -0.5527993014E-001  -0.3576716954E-004   0.7694848910E-004   0.5905486500E-002  -0.6056600000E-002   0.1303000000E-001
  -0.5160499924E-001  -0.3493555915E-004   0.7515938575E-004   0.5768180027E-002  -0.6056600000E-002   0.1303000000E-001
  -0.4793006834E-001  -0.3414173710E-004   0.7345157917E-004   0.5637112753E-002  -0.6056600000E-002   0.1303000000E-001
  -0.4425513744E-001  -0.3338318521E-004   0.7181965182E-004   0.5511868904E-002  -0.6056600000E-002   0.1303000000E-001
  -0.4058020654E-001  -0.3265760415E-004   0.7025865702E-004   0.5392068843E-002  -0.6056600000E-002   0.1303000000E-001
  -0.3690527564E-001  -0.3196289022E-004   0.6876406888E-004   0.5277365225E-002  -0.6056600000E-002   0.1303000000E-001
  -0.3323034460E-001  -0.3129711488E-004   0.6733173841E-004   0.5167439633E-002  -0.6056600000E-002   0.1303000000E-001
  -0.2955541370E-001  -0.3065850705E-004   0.6595785538E-004   0.5061999645E-002  -0.6056600000E-002   0.1303000000E-001
  -0.2588048279E-001  -0.3004543721E-004   0.6463891404E-004   0.4960776212E-002  -0.6056600000E-002   0.1303000000E-001
