# edge, bohr, edge*hart      -0.37025      0.52918    -10.07513
# ispec, ik0      2   301
 # ie, em(ie)*hart, xk(ie)
    1           -40.07513            -2.80607
    2           -39.97513            -2.80139
    3           -39.87513            -2.79670
    4           -39.77513            -2.79201
    5           -39.67513            -2.78730
    6           -39.57513            -2.78259
    7           -39.47513            -2.77787
    8           -39.37513            -2.77314
    9           -39.27513            -2.76841
   10           -39.17513            -2.76366
   11           -39.07513            -2.75891
   12           -38.97513            -2.75415
   13           -38.87513            -2.74938
   14           -38.77513            -2.74460
   15           -38.67513            -2.73982
   16           -38.57513            -2.73502
   17           -38.47513            -2.73022
   18           -38.37513            -2.72541
   19           -38.27513            -2.72059
   20           -38.17513            -2.71576
   21           -38.07513            -2.71092
   22           -37.97513            -2.70608
   23           -37.87513            -2.70123
   24           -37.77513            -2.69636
   25           -37.67513            -2.69149
   26           -37.57513            -2.68661
   27           -37.47513            -2.68172
   28           -37.37513            -2.67682
   29           -37.27513            -2.67192
   30           -37.17513            -2.66700
   31           -37.07513            -2.66208
   32           -36.97513            -2.65714
   33           -36.87513            -2.65220
   34           -36.77513            -2.64724
   35           -36.67513            -2.64228
   36           -36.57513            -2.63731
   37           -36.47513            -2.63233
   38           -36.37513            -2.62734
   39           -36.27513            -2.62234
   40           -36.17513            -2.61733
   41           -36.07513            -2.61231
   42           -35.97513            -2.60728
   43           -35.87513            -2.60225
   44           -35.77513            -2.59720
   45           -35.67513            -2.59214
   46           -35.57513            -2.58707
   47           -35.47513            -2.58199
   48           -35.37513            -2.57691
   49           -35.27513            -2.57181
   50           -35.17513            -2.56670
   51           -35.07513            -2.56158
   52           -34.97513            -2.55645
   53           -34.87513            -2.55132
   54           -34.77513            -2.54617
   55           -34.67513            -2.54101
   56           -34.57513            -2.53584
   57           -34.47513            -2.53066
   58           -34.37513            -2.52547
   59           -34.27513            -2.52026
   60           -34.17513            -2.51505
   61           -34.07513            -2.50983
   62           -33.97513            -2.50459
   63           -33.87513            -2.49935
   64           -33.77513            -2.49409
   65           -33.67513            -2.48883
   66           -33.57513            -2.48355
   67           -33.47513            -2.47826
   68           -33.37513            -2.47296
   69           -33.27513            -2.46764
   70           -33.17513            -2.46232
   71           -33.07513            -2.45698
   72           -32.97513            -2.45164
   73           -32.87513            -2.44628
   74           -32.77513            -2.44091
   75           -32.67513            -2.43553
   76           -32.57513            -2.43013
   77           -32.47513            -2.42472
   78           -32.37513            -2.41931
   79           -32.27513            -2.41388
   80           -32.17513            -2.40843
   81           -32.07513            -2.40298
   82           -31.97513            -2.39751
   83           -31.87513            -2.39203
   84           -31.77513            -2.38654
   85           -31.67513            -2.38103
   86           -31.57513            -2.37551
   87           -31.47513            -2.36998
   88           -31.37513            -2.36444
   89           -31.27513            -2.35888
   90           -31.17513            -2.35331
   91           -31.07513            -2.34773
   92           -30.97513            -2.34213
   93           -30.87513            -2.33652
   94           -30.77513            -2.33090
   95           -30.67513            -2.32526
   96           -30.57513            -2.31961
   97           -30.47513            -2.31395
   98           -30.37513            -2.30827
   99           -30.27513            -2.30258
  100           -30.17513            -2.29687
  101           -30.07513            -2.29115
  102           -29.97513            -2.28541
  103           -29.87513            -2.27966
  104           -29.77513            -2.27390
  105           -29.67513            -2.26812
  106           -29.57513            -2.26233
  107           -29.47513            -2.25652
  108           -29.37513            -2.25070
  109           -29.27513            -2.24486
  110           -29.17513            -2.23901
  111           -29.07513            -2.23314
  112           -28.97513            -2.22725
  113           -28.87513            -2.22135
  114           -28.77513            -2.21544
  115           -28.67513            -2.20950
  116           -28.57513            -2.20356
  117           -28.47513            -2.19759
  118           -28.37513            -2.19161
  119           -28.27513            -2.18562
  120           -28.17513            -2.17960
  121           -28.07513            -2.17358
  122           -27.97513            -2.16753
  123           -27.87513            -2.16147
  124           -27.77513            -2.15539
  125           -27.67513            -2.14929
  126           -27.57513            -2.14317
  127           -27.47513            -2.13704
  128           -27.37513            -2.13089
  129           -27.27513            -2.12472
  130           -27.17513            -2.11854
  131           -27.07513            -2.11234
  132           -26.97513            -2.10611
  133           -26.87513            -2.09987
  134           -26.77513            -2.09361
  135           -26.67513            -2.08734
  136           -26.57513            -2.08104
  137           -26.47513            -2.07472
  138           -26.37513            -2.06839
  139           -26.27513            -2.06203
  140           -26.17513            -2.05566
  141           -26.07513            -2.04927
  142           -25.97513            -2.04285
  143           -25.87513            -2.03642
  144           -25.77513            -2.02996
  145           -25.67513            -2.02349
  146           -25.57513            -2.01699
  147           -25.47513            -2.01048
  148           -25.37513            -2.00394
  149           -25.27513            -1.99738
  150           -25.17513            -1.99080
  151           -25.07513            -1.98419
  152           -24.97513            -1.97757
  153           -24.87513            -1.97092
  154           -24.77513            -1.96425
  155           -24.67513            -1.95756
  156           -24.57513            -1.95084
  157           -24.47513            -1.94410
  158           -24.37513            -1.93734
  159           -24.27513            -1.93056
  160           -24.17513            -1.92375
  161           -24.07513            -1.91691
  162           -23.97513            -1.91005
  163           -23.87513            -1.90317
  164           -23.77513            -1.89626
  165           -23.67513            -1.88933
  166           -23.57513            -1.88237
  167           -23.47513            -1.87539
  168           -23.37513            -1.86838
  169           -23.27513            -1.86134
  170           -23.17513            -1.85427
  171           -23.07513            -1.84718
  172           -22.97513            -1.84007
  173           -22.87513            -1.83292
  174           -22.77513            -1.82575
  175           -22.67513            -1.81854
  176           -22.57513            -1.81131
  177           -22.47513            -1.80405
  178           -22.37513            -1.79676
  179           -22.27513            -1.78944
  180           -22.17513            -1.78210
  181           -22.07513            -1.77472
  182           -21.97513            -1.76731
  183           -21.87513            -1.75987
  184           -21.77513            -1.75239
  185           -21.67513            -1.74489
  186           -21.57513            -1.73735
  187           -21.47513            -1.72978
  188           -21.37513            -1.72218
  189           -21.27513            -1.71454
  190           -21.17513            -1.70687
  191           -21.07513            -1.69916
  192           -20.97513            -1.69142
  193           -20.87513            -1.68364
  194           -20.77513            -1.67583
  195           -20.67513            -1.66798
  196           -20.57513            -1.66010
  197           -20.47513            -1.65217
  198           -20.37513            -1.64421
  199           -20.27513            -1.63621
  200           -20.17513            -1.62817
  201           -20.07513            -1.62009
  202           -19.97513            -1.61197
  203           -19.87513            -1.60380
  204           -19.77513            -1.59560
  205           -19.67513            -1.58735
  206           -19.57513            -1.57907
  207           -19.47513            -1.57073
  208           -19.37513            -1.56236
  209           -19.27513            -1.55393
  210           -19.17513            -1.54546
  211           -19.07513            -1.53695
  212           -18.97513            -1.52839
  213           -18.87513            -1.51978
  214           -18.77513            -1.51112
  215           -18.67513            -1.50241
  216           -18.57513            -1.49365
  217           -18.47513            -1.48483
  218           -18.37513            -1.47597
  219           -18.27513            -1.46705
  220           -18.17513            -1.45808
  221           -18.07513            -1.44905
  222           -17.97513            -1.43997
  223           -17.87513            -1.43082
  224           -17.77513            -1.42162
  225           -17.67513            -1.41236
  226           -17.57513            -1.40304
  227           -17.47513            -1.39365
  228           -17.37513            -1.38420
  229           -17.27513            -1.37469
  230           -17.17513            -1.36511
  231           -17.07513            -1.35546
  232           -16.97513            -1.34575
  233           -16.87513            -1.33596
  234           -16.77513            -1.32610
  235           -16.67513            -1.31617
  236           -16.57513            -1.30616
  237           -16.47513            -1.29607
  238           -16.37513            -1.28590
  239           -16.27513            -1.27566
  240           -16.17513            -1.26533
  241           -16.07513            -1.25491
  242           -15.97513            -1.24441
  243           -15.87513            -1.23382
  244           -15.77513            -1.22314
  245           -15.67513            -1.21236
  246           -15.57513            -1.20149
  247           -15.47513            -1.19052
  248           -15.37513            -1.17944
  249           -15.27513            -1.16826
  250           -15.17513            -1.15697
  251           -15.07513            -1.14557
  252           -14.97513            -1.13406
  253           -14.87513            -1.12243
  254           -14.77513            -1.11068
  255           -14.67513            -1.09880
  256           -14.57513            -1.08679
  257           -14.47513            -1.07464
  258           -14.37513            -1.06236
  259           -14.27513            -1.04994
  260           -14.17513            -1.03736
  261           -14.07513            -1.02463
  262           -13.97513            -1.01174
  263           -13.87513            -0.99869
  264           -13.77513            -0.98546
  265           -13.67513            -0.97205
  266           -13.57513            -0.95846
  267           -13.47513            -0.94467
  268           -13.37513            -0.93067
  269           -13.27513            -0.91646
  270           -13.17513            -0.90203
  271           -13.07513            -0.88736
  272           -12.97513            -0.87244
  273           -12.87513            -0.85727
  274           -12.77513            -0.84182
  275           -12.67513            -0.82609
  276           -12.57513            -0.81004
  277           -12.47513            -0.79368
  278           -12.37513            -0.77697
  279           -12.27513            -0.75989
  280           -12.17513            -0.74242
  281           -12.07513            -0.72453
  282           -11.97513            -0.70618
  283           -11.87513            -0.68734
  284           -11.77513            -0.66798
  285           -11.67513            -0.64803
  286           -11.57513            -0.62746
  287           -11.47513            -0.60618
  288           -11.37513            -0.58413
  289           -11.27513            -0.56121
  290           -11.17513            -0.53732
  291           -11.07513            -0.51232
  292           -10.97513            -0.48603
  293           -10.87513            -0.45823
  294           -10.77513            -0.42863
  295           -10.67513            -0.39684
  296           -10.57513            -0.36226
  297           -10.47513            -0.32402
  298           -10.37513            -0.28061
  299           -10.27513            -0.22911
  300           -10.17513            -0.16201
  301           -10.07513             0.00000
  302            -9.97513             0.16201
  303            -9.87513             0.22911
  304            -9.77513             0.28061
  305            -9.67513             0.32402
  306            -9.57513             0.36226
  307            -9.47513             0.39684
  308            -9.37513             0.42863
  309            -9.27513             0.45823
  310            -9.17513             0.48603
  311            -9.07513             0.51232
  312            -8.97513             0.53732
  313            -8.87513             0.56121
  314            -8.77513             0.58413
  315            -8.67513             0.60618
  316            -8.57513             0.62746
  317            -8.47513             0.64803
  318            -8.37513             0.66798
  319            -8.27513             0.68734
  320            -8.17513             0.70618
  321            -8.07513             0.72453
  322            -7.97513             0.74242
  323            -7.87513             0.75989
  324            -7.77513             0.77697
  325            -7.67513             0.79368
  326            -7.57513             0.81004
  327            -7.47513             0.82609
  328            -7.37513             0.84182
  329            -7.27513             0.85727
  330            -7.17513             0.87244
  331            -7.07513             0.88736
  332            -6.97513             0.90203
  333            -6.87513             0.91646
  334            -6.77513             0.93067
  335            -6.67513             0.94467
  336            -6.57513             0.95846
  337            -6.47513             0.97205
  338            -6.37513             0.98546
  339            -6.27513             0.99869
  340            -6.17513             1.01174
  341            -6.07513             1.02463
  342            -5.97513             1.03736
  343            -5.87513             1.04994
  344            -5.77513             1.06236
  345            -5.67513             1.07464
  346            -5.57513             1.08679
  347            -5.47513             1.09880
  348            -5.37513             1.11068
  349            -5.27513             1.12243
  350            -5.17513             1.13406
  351            -5.07513             1.14557
  352           -10.07513             0.00000
  353           -10.07513             0.00000
  354           -10.07513             0.00000
  355           -10.07513             0.00000
  356           -10.07513             0.00000
  357           -10.07513             0.00000
  358           -10.07513             0.00000
  359           -10.07513             0.00000
  360           -10.07513             0.00000
  361           -10.07513             0.00000
  362           -10.07513             0.00000
  363           -10.07513             0.00000
  364           -10.07513             0.00000
  365           -10.07513             0.00000
  366           -10.07513             0.00000
  367           -10.07513             0.00000
