# edge, bohr, edge*hart      -0.20954      0.52918     -5.70196
# ispec, ik0      2   301
 # ie, em(ie)*hart, xk(ie)
    1           -35.70196            -2.80607
    2           -35.60196            -2.80139
    3           -35.50196            -2.79670
    4           -35.40196            -2.79201
    5           -35.30196            -2.78730
    6           -35.20196            -2.78259
    7           -35.10196            -2.77787
    8           -35.00196            -2.77314
    9           -34.90196            -2.76841
   10           -34.80196            -2.76366
   11           -34.70196            -2.75891
   12           -34.60196            -2.75415
   13           -34.50196            -2.74938
   14           -34.40196            -2.74460
   15           -34.30196            -2.73982
   16           -34.20196            -2.73502
   17           -34.10196            -2.73022
   18           -34.00196            -2.72541
   19           -33.90196            -2.72059
   20           -33.80196            -2.71576
   21           -33.70196            -2.71092
   22           -33.60196            -2.70608
   23           -33.50196            -2.70123
   24           -33.40196            -2.69636
   25           -33.30196            -2.69149
   26           -33.20196            -2.68661
   27           -33.10196            -2.68172
   28           -33.00196            -2.67682
   29           -32.90196            -2.67192
   30           -32.80196            -2.66700
   31           -32.70196            -2.66208
   32           -32.60196            -2.65714
   33           -32.50196            -2.65220
   34           -32.40196            -2.64724
   35           -32.30196            -2.64228
   36           -32.20196            -2.63731
   37           -32.10196            -2.63233
   38           -32.00196            -2.62734
   39           -31.90196            -2.62234
   40           -31.80196            -2.61733
   41           -31.70196            -2.61231
   42           -31.60196            -2.60728
   43           -31.50196            -2.60225
   44           -31.40196            -2.59720
   45           -31.30196            -2.59214
   46           -31.20196            -2.58707
   47           -31.10196            -2.58199
   48           -31.00196            -2.57691
   49           -30.90196            -2.57181
   50           -30.80196            -2.56670
   51           -30.70196            -2.56158
   52           -30.60196            -2.55645
   53           -30.50196            -2.55132
   54           -30.40196            -2.54617
   55           -30.30196            -2.54101
   56           -30.20196            -2.53584
   57           -30.10196            -2.53066
   58           -30.00196            -2.52547
   59           -29.90196            -2.52026
   60           -29.80196            -2.51505
   61           -29.70196            -2.50983
   62           -29.60196            -2.50459
   63           -29.50196            -2.49935
   64           -29.40196            -2.49409
   65           -29.30196            -2.48883
   66           -29.20196            -2.48355
   67           -29.10196            -2.47826
   68           -29.00196            -2.47296
   69           -28.90196            -2.46764
   70           -28.80196            -2.46232
   71           -28.70196            -2.45698
   72           -28.60196            -2.45164
   73           -28.50196            -2.44628
   74           -28.40196            -2.44091
   75           -28.30196            -2.43553
   76           -28.20196            -2.43013
   77           -28.10196            -2.42472
   78           -28.00196            -2.41931
   79           -27.90196            -2.41388
   80           -27.80196            -2.40843
   81           -27.70196            -2.40298
   82           -27.60196            -2.39751
   83           -27.50196            -2.39203
   84           -27.40196            -2.38654
   85           -27.30196            -2.38103
   86           -27.20196            -2.37551
   87           -27.10196            -2.36998
   88           -27.00196            -2.36444
   89           -26.90196            -2.35888
   90           -26.80196            -2.35331
   91           -26.70196            -2.34773
   92           -26.60196            -2.34213
   93           -26.50196            -2.33652
   94           -26.40196            -2.33090
   95           -26.30196            -2.32526
   96           -26.20196            -2.31961
   97           -26.10196            -2.31395
   98           -26.00196            -2.30827
   99           -25.90196            -2.30258
  100           -25.80196            -2.29687
  101           -25.70196            -2.29115
  102           -25.60196            -2.28541
  103           -25.50196            -2.27966
  104           -25.40196            -2.27390
  105           -25.30196            -2.26812
  106           -25.20196            -2.26233
  107           -25.10196            -2.25652
  108           -25.00196            -2.25070
  109           -24.90196            -2.24486
  110           -24.80196            -2.23901
  111           -24.70196            -2.23314
  112           -24.60196            -2.22725
  113           -24.50196            -2.22135
  114           -24.40196            -2.21544
  115           -24.30196            -2.20950
  116           -24.20196            -2.20356
  117           -24.10196            -2.19759
  118           -24.00196            -2.19161
  119           -23.90196            -2.18562
  120           -23.80196            -2.17960
  121           -23.70196            -2.17358
  122           -23.60196            -2.16753
  123           -23.50196            -2.16147
  124           -23.40196            -2.15539
  125           -23.30196            -2.14929
  126           -23.20196            -2.14317
  127           -23.10196            -2.13704
  128           -23.00196            -2.13089
  129           -22.90196            -2.12472
  130           -22.80196            -2.11854
  131           -22.70196            -2.11234
  132           -22.60196            -2.10611
  133           -22.50196            -2.09987
  134           -22.40196            -2.09361
  135           -22.30196            -2.08734
  136           -22.20196            -2.08104
  137           -22.10196            -2.07472
  138           -22.00196            -2.06839
  139           -21.90196            -2.06203
  140           -21.80196            -2.05566
  141           -21.70196            -2.04927
  142           -21.60196            -2.04285
  143           -21.50196            -2.03642
  144           -21.40196            -2.02996
  145           -21.30196            -2.02349
  146           -21.20196            -2.01699
  147           -21.10196            -2.01048
  148           -21.00196            -2.00394
  149           -20.90196            -1.99738
  150           -20.80196            -1.99080
  151           -20.70196            -1.98419
  152           -20.60196            -1.97757
  153           -20.50196            -1.97092
  154           -20.40196            -1.96425
  155           -20.30196            -1.95756
  156           -20.20196            -1.95084
  157           -20.10196            -1.94410
  158           -20.00196            -1.93734
  159           -19.90196            -1.93056
  160           -19.80196            -1.92375
  161           -19.70196            -1.91691
  162           -19.60196            -1.91005
  163           -19.50196            -1.90317
  164           -19.40196            -1.89626
  165           -19.30196            -1.88933
  166           -19.20196            -1.88237
  167           -19.10196            -1.87539
  168           -19.00196            -1.86838
  169           -18.90196            -1.86134
  170           -18.80196            -1.85427
  171           -18.70196            -1.84718
  172           -18.60196            -1.84007
  173           -18.50196            -1.83292
  174           -18.40196            -1.82575
  175           -18.30196            -1.81854
  176           -18.20196            -1.81131
  177           -18.10196            -1.80405
  178           -18.00196            -1.79676
  179           -17.90196            -1.78944
  180           -17.80196            -1.78210
  181           -17.70196            -1.77472
  182           -17.60196            -1.76731
  183           -17.50196            -1.75987
  184           -17.40196            -1.75239
  185           -17.30196            -1.74489
  186           -17.20196            -1.73735
  187           -17.10196            -1.72978
  188           -17.00196            -1.72218
  189           -16.90196            -1.71454
  190           -16.80196            -1.70687
  191           -16.70196            -1.69916
  192           -16.60196            -1.69142
  193           -16.50196            -1.68364
  194           -16.40196            -1.67583
  195           -16.30196            -1.66798
  196           -16.20196            -1.66010
  197           -16.10196            -1.65217
  198           -16.00196            -1.64421
  199           -15.90196            -1.63621
  200           -15.80196            -1.62817
  201           -15.70196            -1.62009
  202           -15.60196            -1.61197
  203           -15.50196            -1.60380
  204           -15.40196            -1.59560
  205           -15.30196            -1.58735
  206           -15.20196            -1.57907
  207           -15.10196            -1.57073
  208           -15.00196            -1.56236
  209           -14.90196            -1.55393
  210           -14.80196            -1.54546
  211           -14.70196            -1.53695
  212           -14.60196            -1.52839
  213           -14.50196            -1.51978
  214           -14.40196            -1.51112
  215           -14.30196            -1.50241
  216           -14.20196            -1.49365
  217           -14.10196            -1.48483
  218           -14.00196            -1.47597
  219           -13.90196            -1.46705
  220           -13.80196            -1.45808
  221           -13.70196            -1.44905
  222           -13.60196            -1.43997
  223           -13.50196            -1.43082
  224           -13.40196            -1.42162
  225           -13.30196            -1.41236
  226           -13.20196            -1.40304
  227           -13.10196            -1.39365
  228           -13.00196            -1.38420
  229           -12.90196            -1.37469
  230           -12.80196            -1.36511
  231           -12.70196            -1.35546
  232           -12.60196            -1.34575
  233           -12.50196            -1.33596
  234           -12.40196            -1.32610
  235           -12.30196            -1.31617
  236           -12.20196            -1.30616
  237           -12.10196            -1.29607
  238           -12.00196            -1.28590
  239           -11.90196            -1.27566
  240           -11.80196            -1.26533
  241           -11.70196            -1.25491
  242           -11.60196            -1.24441
  243           -11.50196            -1.23382
  244           -11.40196            -1.22314
  245           -11.30196            -1.21236
  246           -11.20196            -1.20149
  247           -11.10196            -1.19052
  248           -11.00196            -1.17944
  249           -10.90196            -1.16826
  250           -10.80196            -1.15697
  251           -10.70196            -1.14557
  252           -10.60196            -1.13406
  253           -10.50196            -1.12243
  254           -10.40196            -1.11068
  255           -10.30196            -1.09880
  256           -10.20196            -1.08679
  257           -10.10196            -1.07464
  258           -10.00196            -1.06236
  259            -9.90196            -1.04994
  260            -9.80196            -1.03736
  261            -9.70196            -1.02463
  262            -9.60196            -1.01174
  263            -9.50196            -0.99869
  264            -9.40196            -0.98546
  265            -9.30196            -0.97205
  266            -9.20196            -0.95846
  267            -9.10196            -0.94467
  268            -9.00196            -0.93067
  269            -8.90196            -0.91646
  270            -8.80196            -0.90203
  271            -8.70196            -0.88736
  272            -8.60196            -0.87244
  273            -8.50196            -0.85727
  274            -8.40196            -0.84182
  275            -8.30196            -0.82609
  276            -8.20196            -0.81004
  277            -8.10196            -0.79368
  278            -8.00196            -0.77697
  279            -7.90196            -0.75989
  280            -7.80196            -0.74242
  281            -7.70196            -0.72453
  282            -7.60196            -0.70618
  283            -7.50196            -0.68734
  284            -7.40196            -0.66798
  285            -7.30196            -0.64803
  286            -7.20196            -0.62746
  287            -7.10196            -0.60618
  288            -7.00196            -0.58413
  289            -6.90196            -0.56121
  290            -6.80196            -0.53732
  291            -6.70196            -0.51232
  292            -6.60196            -0.48603
  293            -6.50196            -0.45823
  294            -6.40196            -0.42863
  295            -6.30196            -0.39684
  296            -6.20196            -0.36226
  297            -6.10196            -0.32402
  298            -6.00196            -0.28061
  299            -5.90196            -0.22911
  300            -5.80196            -0.16201
  301            -5.70196             0.00000
  302            -5.60196             0.16201
  303            -5.50196             0.22911
  304            -5.40196             0.28061
  305            -5.30196             0.32402
  306            -5.20196             0.36226
  307            -5.10196             0.39684
  308            -5.00196             0.42863
  309            -4.90196             0.45823
  310            -4.80196             0.48603
  311            -4.70196             0.51232
  312            -4.60196             0.53732
  313            -4.50196             0.56121
  314            -4.40196             0.58413
  315            -4.30196             0.60618
  316            -4.20196             0.62746
  317            -4.10196             0.64803
  318            -4.00196             0.66798
  319            -3.90196             0.68734
  320            -3.80196             0.70618
  321            -3.70196             0.72453
  322            -3.60196             0.74242
  323            -3.50196             0.75989
  324            -3.40196             0.77697
  325            -3.30196             0.79368
  326            -3.20196             0.81004
  327            -3.10196             0.82609
  328            -3.00196             0.84182
  329            -2.90196             0.85727
  330            -2.80196             0.87244
  331            -2.70196             0.88736
  332            -2.60196             0.90203
  333            -2.50196             0.91646
  334            -2.40196             0.93067
  335            -2.30196             0.94467
  336            -2.20196             0.95846
  337            -2.10196             0.97205
  338            -2.00196             0.98546
  339            -1.90196             0.99869
  340            -1.80196             1.01174
  341            -1.70196             1.02463
  342            -1.60196             1.03736
  343            -1.50196             1.04994
  344            -1.40196             1.06236
  345            -1.30196             1.07464
  346            -1.20196             1.08679
  347            -1.10196             1.09880
  348            -1.00196             1.11068
  349            -0.90196             1.12243
  350            -0.80196             1.13406
  351            -0.70196             1.14557
  352            -5.70196             0.00000
  353            -5.70196             0.00000
  354            -5.70196             0.00000
  355            -5.70196             0.00000
  356            -5.70196             0.00000
  357            -5.70196             0.00000
  358            -5.70196             0.00000
  359            -5.70196             0.00000
  360            -5.70196             0.00000
  361            -5.70196             0.00000
  362            -5.70196             0.00000
  363            -5.70196             0.00000
  364            -5.70196             0.00000
  365            -5.70196             0.00000
  366            -5.70196             0.00000
