  -0.1312022378E+001   0.6919335702E-002   0.1929126233E-004
  -0.1308347448E+001   0.6937786254E-002   0.1674475795E-004
  -0.1304672517E+001   0.6955655633E-002   0.1527383074E-004
  -0.1300997586E+001   0.6973745641E-002   0.1453005680E-004
  -0.1297322655E+001   0.6992171887E-002   0.1412061029E-004
  -0.1293647724E+001   0.7010957806E-002   0.1387552876E-004
  -0.1289972793E+001   0.7030058875E-002   0.1374730473E-004
  -0.1286297862E+001   0.7049386243E-002   0.1368436719E-004
  -0.1282622931E+001   0.7068969329E-002   0.1366614154E-004
  -0.1278948000E+001   0.7088736960E-002   0.1368972551E-004
  -0.1275273069E+001   0.7108679813E-002   0.1370465531E-004
  -0.1271598139E+001   0.7128896957E-002   0.1374833442E-004
  -0.1267923208E+001   0.7149224042E-002   0.1380496009E-004
  -0.1264248277E+001   0.7169814105E-002   0.1385978399E-004
  -0.1260573346E+001   0.7190557922E-002   0.1395084971E-004
  -0.1256898415E+001   0.7211453611E-002   0.1402010459E-004
  -0.1253223484E+001   0.7232605311E-002   0.1409594370E-004
  -0.1249548553E+001   0.7253905370E-002   0.1420784841E-004
  -0.1245873622E+001   0.7275352734E-002   0.1429509298E-004
  -0.1242198691E+001   0.7297053307E-002   0.1438506345E-004
  -0.1238523760E+001   0.7318902382E-002   0.1449531690E-004
  -0.1234848830E+001   0.7340950452E-002   0.1459737365E-004
  -0.1231173899E+001   0.7363196635E-002   0.1471905944E-004
  -0.1227498968E+001   0.7385589231E-002   0.1484168602E-004
  -0.1223824037E+001   0.7408183836E-002   0.1493631752E-004
  -0.1220149106E+001   0.7431033684E-002   0.1504968182E-004
  -0.1216474175E+001   0.7454033730E-002   0.1518397791E-004
  -0.1212799244E+001   0.7477234924E-002   0.1530771465E-004
  -0.1209124313E+001   0.7500639320E-002   0.1543324969E-004
  -0.1205449382E+001   0.7524247877E-002   0.1556266719E-004
  -0.1201774451E+001   0.7548061594E-002   0.1569518636E-004
  -0.1198099521E+001   0.7572081568E-002   0.1583146694E-004
  -0.1194424590E+001   0.7596309092E-002   0.1596923916E-004
  -0.1190749659E+001   0.7620747017E-002   0.1609570537E-004
  -0.1187074728E+001   0.7645447109E-002   0.1624131553E-004
  -0.1183399797E+001   0.7670306848E-002   0.1639103671E-004
  -0.1179724866E+001   0.7695429827E-002   0.1653074579E-004
  -0.1176049935E+001   0.7720765557E-002   0.1668910914E-004
  -0.1172375004E+001   0.7746314336E-002   0.1685094771E-004
  -0.1168700073E+001   0.7772078929E-002   0.1700029479E-004
  -0.1165025142E+001   0.7798112802E-002   0.1715364385E-004
  -0.1161350212E+001   0.7824365540E-002   0.1732552511E-004
  -0.1157675281E+001   0.7850838200E-002   0.1748729709E-004
  -0.1154000350E+001   0.7877584781E-002   0.1765039842E-004
  -0.1150325419E+001   0.7904556590E-002   0.1781826784E-004
  -0.1146650488E+001   0.7931805300E-002   0.1799094694E-004
  -0.1142975557E+001   0.7959281238E-002   0.1816846160E-004
  -0.1139300626E+001   0.7987036451E-002   0.1835038767E-004
  -0.1135625695E+001   0.8015022443E-002   0.1853443728E-004
  -0.1131950764E+001   0.8043293258E-002   0.1870882273E-004
  -0.1128275833E+001   0.8071849826E-002   0.1890327206E-004
  -0.1124600903E+001   0.8100642272E-002   0.1910167970E-004
  -0.1120925972E+001   0.8129725142E-002   0.1928837998E-004
  -0.1117251041E+001   0.8159101787E-002   0.1947865715E-004
  -0.1113576110E+001   0.8188773677E-002   0.1967615489E-004
  -0.1109901179E+001   0.8218740819E-002   0.1989425389E-004
  -0.1106226248E+001   0.8248953906E-002   0.2010323760E-004
  -0.1102551317E+001   0.8279517851E-002   0.2031545475E-004
  -0.1098876386E+001   0.8310334505E-002   0.2053092382E-004
  -0.1095201455E+001   0.8341509111E-002   0.2073733536E-004
  -0.1091526524E+001   0.8372992768E-002   0.2096464464E-004
  -0.1087851594E+001   0.8404786760E-002   0.2119751370E-004
  -0.1084176663E+001   0.8436894215E-002   0.2142115813E-004
  -0.1080501732E+001   0.8469369110E-002   0.2165061400E-004
  -0.1076826801E+001   0.8502161935E-002   0.2190195750E-004
  -0.1073151870E+001   0.8535274645E-002   0.2214493554E-004
  -0.1069476939E+001   0.8568762016E-002   0.2239258708E-004
  -0.1065802008E+001   0.8602576721E-002   0.2264505027E-004
  -0.1062127077E+001   0.8636773715E-002   0.2288960344E-004
  -0.1058452146E+001   0.8671354953E-002   0.2315736492E-004
  -0.1054777215E+001   0.8706270652E-002   0.2343275060E-004
  -0.1051102284E+001   0.8741574855E-002   0.2370156331E-004
  -0.1047427354E+001   0.8777270605E-002   0.2399029692E-004
  -0.1043752423E+001   0.8813311863E-002   0.2426926694E-004
  -0.1040077492E+001   0.8849806255E-002   0.2453978717E-004
  -0.1036402561E+001   0.8886706166E-002   0.2483417731E-004
  -0.1032727630E+001   0.8924012354E-002   0.2513974391E-004
  -0.1029052699E+001   0.8961727744E-002   0.2545205280E-004
  -0.1025377768E+001   0.8999857535E-002   0.2575667581E-004
  -0.1021702837E+001   0.9038457679E-002   0.2606828775E-004
  -0.1018027906E+001   0.9077481325E-002   0.2638984269E-004
  -0.1014352975E+001   0.9116982254E-002   0.2672116520E-004
  -0.1010678045E+001   0.9156913743E-002   0.2706115210E-004
  -0.1007003114E+001   0.9197330907E-002   0.2739701789E-004
  -0.1003328183E+001   0.9238238200E-002   0.2775534376E-004
  -0.9996532519E+000   0.9279590214E-002   0.2810771908E-004
  -0.9959783210E+000   0.9321494956E-002   0.2845455773E-004
  -0.9923033901E+000   0.9363905826E-002   0.2882873471E-004
  -0.9886284592E+000   0.9406824482E-002   0.2921750625E-004
  -0.9849535283E+000   0.9450254434E-002   0.2961700434E-004
  -0.9812785974E+000   0.9494202568E-002   0.3000945252E-004
  -0.9776036665E+000   0.9538728352E-002   0.3039719794E-004
  -0.9739287356E+000   0.9583836678E-002   0.3081357106E-004
  -0.9702538047E+000   0.9629480539E-002   0.3124317326E-004
  -0.9665788738E+000   0.9675716864E-002   0.3167043725E-004
  -0.9629039429E+000   0.9722553196E-002   0.3210705847E-004
  -0.9592290120E+000   0.9769998319E-002   0.3254094791E-004
  -0.9555540811E+000   0.9818109212E-002   0.3299128158E-004
  -0.9518791502E+000   0.9866839016E-002   0.3347147841E-004
  -0.9482042193E+000   0.9916195069E-002   0.3394692955E-004
  -0.9445292884E+000   0.9966237321E-002   0.3438744183E-004
  -0.9408543575E+000   0.1001711559E-001   0.3495511790E-004
  -0.9371794266E+000   0.1006832228E-001   0.3553619860E-004
  -0.9335044957E+000   0.1012038236E-001   0.3598302414E-004
  -0.9298295648E+000   0.1017331044E-001   0.3657429123E-004
  -0.9261546339E+000   0.1022661276E-001   0.3703993737E-004
  -0.9224797030E+000   0.1028130979E-001   0.3754875402E-004
  -0.9188047721E+000   0.1033637060E-001   0.3837267906E-004
  -0.9151298412E+000   0.1039180925E-001   0.3889980261E-004
  -0.9114549103E+000   0.1044868691E-001   0.3928203699E-004
  -0.9077799794E+000   0.1050649453E-001   0.4000421223E-004
  -0.9041050485E+000   0.1056470101E-001   0.4077360774E-004
  -0.9004301176E+000   0.1062382886E-001   0.4139991946E-004
  -0.8967551867E+000   0.1068391103E-001   0.4202394640E-004
  -0.8930802558E+000   0.1074496710E-001   0.4266886347E-004
  -0.8894053249E+000   0.1080700799E-001   0.4334180543E-004
  -0.8857303940E+000   0.1087004125E-001   0.4404637966E-004
  -0.8820554631E+000   0.1093407279E-001   0.4478461776E-004
  -0.8783805322E+000   0.1099910902E-001   0.4555652228E-004
  -0.8747056013E+000   0.1106515731E-001   0.4636273542E-004
  -0.8710306704E+000   0.1113222795E-001   0.4719836789E-004
  -0.8673557395E+000   0.1120033923E-001   0.4804643722E-004
  -0.8636808086E+000   0.1126951950E-001   0.4878024376E-004
  -0.8600058777E+000   0.1134028583E-001   0.4969896767E-004
  -0.8563309468E+000   0.1141162879E-001   0.5065744317E-004
  -0.8526560159E+000   0.1148458134E-001   0.5150607546E-004
  -0.8489810850E+000   0.1155865788E-001   0.5252205489E-004
  -0.8453061541E+000   0.1163387810E-001   0.5343181525E-004
  -0.8416312232E+000   0.1171077078E-001   0.5438859200E-004
  -0.8379562923E+000   0.1178883274E-001   0.5554150369E-004
  -0.8342813614E+000   0.1186807831E-001   0.5659363983E-004
  -0.8306064305E+000   0.1194904500E-001   0.5767508259E-004
  -0.8269314996E+000   0.1203125074E-001   0.5880602405E-004
  -0.8232565687E+000   0.1211522031E-001   0.5998710667E-004
  -0.8195816378E+000   0.1220047358E-001   0.6120538712E-004
  -0.8159067069E+000   0.1228754986E-001   0.6233415475E-004
  -0.8122317760E+000   0.1237646840E-001   0.6367355412E-004
  -0.8085568451E+000   0.1246673472E-001   0.6507438270E-004
  -0.8048819142E+000   0.1255889376E-001   0.6637039476E-004
  -0.8012069833E+000   0.1265299256E-001   0.6771202136E-004
  -0.7975320524E+000   0.1274906136E-001   0.6912649959E-004
  -0.7938571215E+000   0.1284712258E-001   0.7062191712E-004
  -0.7901821906E+000   0.1294719826E-001   0.7220031754E-004
  -0.7865072597E+000   0.1304931654E-001   0.7384751480E-004
  -0.7828323288E+000   0.1315351785E-001   0.7543744534E-004
  -0.7791573979E+000   0.1326033530E-001   0.7726631763E-004
  -0.7754824670E+000   0.1336878668E-001   0.7916877053E-004
  -0.7718075361E+000   0.1347994858E-001   0.8085345139E-004
  -0.7681326052E+000   0.1359387679E-001   0.8277477516E-004
  -0.7644576743E+000   0.1371009147E-001   0.8482719596E-004
  -0.7607827434E+000   0.1382913396E-001   0.8698136450E-004
  -0.7571078125E+000   0.1395056075E-001   0.8908737505E-004
  -0.7534328816E+000   0.1407544873E-001   0.9129801084E-004
  -0.7497579507E+000   0.1420284676E-001   0.9362631267E-004
  -0.7460830198E+000   0.1433382529E-001   0.9595627209E-004
  -0.7424080889E+000   0.1446793095E-001   0.9857358697E-004
  -0.7387331580E+000   0.1460521926E-001   0.1012055766E-003
  -0.7350582271E+000   0.1474627110E-001   0.1039701659E-003
  -0.7313832962E+000   0.1489066683E-001   0.1067515143E-003
  -0.7277083653E+000   0.1503949121E-001   0.1097313005E-003
  -0.7240334344E+000   0.1519179100E-001   0.1130513476E-003
  -0.7203585035E+000   0.1534816180E-001   0.1162698812E-003
  -0.7166835726E+000   0.1550922742E-001   0.1196719222E-003
  -0.7130086417E+000   0.1567458840E-001   0.1232796401E-003
  -0.7093337108E+000   0.1584487154E-001   0.1268360904E-003
  -0.7056587799E+000   0.1602069370E-001   0.1308072974E-003
  -0.7019838490E+000   0.1620113408E-001   0.1350762804E-003
  -0.6983089181E+000   0.1638732990E-001   0.1393550762E-003
  -0.6946339872E+000   0.1657942462E-001   0.1440692205E-003
  -0.6909590563E+000   0.1677707359E-001   0.1488154221E-003
  -0.6872841254E+000   0.1698197279E-001   0.1537820930E-003
  -0.6836091945E+000   0.1719326545E-001   0.1593003764E-003
  -0.6799342636E+000   0.1741163084E-001   0.1649690815E-003
  -0.6762593327E+000   0.1763778221E-001   0.1710710723E-003
  -0.6725844018E+000   0.1787144725E-001   0.1773630971E-003
  -0.6689094709E+000   0.1811439610E-001   0.1840458738E-003
  -0.6652345400E+000   0.1836586720E-001   0.1913266098E-003
  -0.6615596091E+000   0.1862714333E-001   0.1989686016E-003
  -0.6578846782E+000   0.1889854127E-001   0.2071491764E-003
  -0.6542097473E+000   0.1918091278E-001   0.2158165387E-003
  -0.6505348164E+000   0.1947512618E-001   0.2252145187E-003
  -0.6468598855E+000   0.1978157394E-001   0.2354096586E-003
  -0.6431849546E+000   0.2010123254E-001   0.2461831188E-003
  -0.6395100237E+000   0.2043565320E-001   0.2576690178E-003
  -0.6358350928E+000   0.2078590965E-001   0.2703224285E-003
  -0.6321601619E+000   0.2115262589E-001   0.2840252269E-003
  -0.6284852310E+000   0.2153804164E-001   0.2988261889E-003
  -0.6248103001E+000   0.2194348029E-001   0.3152343470E-003
  -0.6211353692E+000   0.2237039660E-001   0.3330971366E-003
  -0.6174604383E+000   0.2282192722E-001   0.3526496369E-003
  -0.6137855074E+000   0.2330035216E-001   0.3746787323E-003
  -0.6101105765E+000   0.2380817698E-001   0.3994993164E-003
  -0.6064356456E+000   0.2434928524E-001   0.4273480461E-003
  -0.6027607147E+000   0.2492906098E-001   0.4593471236E-003
  -0.5990857838E+000   0.2555306004E-001   0.4973422657E-003
  -0.5954108529E+000   0.2622950670E-001   0.5443366172E-003
  -0.5917359220E+000   0.2696945128E-001   0.6096040502E-003
  -0.5880609911E+000   0.2777502037E-001   0.7105700438E-003
  -0.5843860602E+000   0.2863911632E-001   0.8568164666E-003
  -0.5807111293E+000   0.2955923387E-001   0.1050730431E-002
  -0.5770361984E+000   0.3053716708E-001   0.1296320515E-002
  -0.5733612675E+000   0.3157487973E-001   0.1599016792E-002
  -0.5696863366E+000   0.3267706820E-001   0.1966593427E-002
  -0.5660114057E+000   0.3384593350E-001   0.2408590730E-002
  -0.5623364748E+000   0.3508614156E-001   0.2936712408E-002
  -0.5586615439E+000   0.3639901418E-001   0.3565106064E-002
  -0.5549866130E+000   0.3778747485E-001   0.4310118896E-002
  -0.5513116821E+000   0.3925130193E-001   0.5191535898E-002
  -0.5476367512E+000   0.4078966789E-001   0.6232583363E-002
  -0.5439618203E+000   0.4239716204E-001   0.7460534512E-002
  -0.5402868894E+000   0.4406466212E-001   0.8906339483E-002
  -0.5366119585E+000   0.4577771474E-001   0.1060560479E-001
  -0.5329370276E+000   0.4751207299E-001   0.1259933195E-001
  -0.5292620967E+000   0.4923225166E-001   0.1492900522E-001
  -0.5255871658E+000   0.5088996121E-001   0.1764050177E-001
  -0.5219122349E+000   0.5241574676E-001   0.2077565828E-001
  -0.5182373040E+000   0.5372048226E-001   0.2436863654E-001
  -0.5145623731E+000   0.5469053496E-001   0.2843859936E-001
  -0.5108874422E+000   0.5518701645E-001   0.3297591169E-001
  -0.5072125113E+000   0.5505531145E-001   0.3792796142E-001
  -0.5035375804E+000   0.5413475259E-001   0.4318938225E-001
  -0.4998626495E+000   0.5228385959E-001   0.4858623024E-001
  -0.4961877186E+000   0.4941037483E-001   0.5388380788E-001
  -0.4925127877E+000   0.4549997571E-001   0.5880070375E-001
  -0.4888378568E+000   0.4064475781E-001   0.6304413167E-001
  -0.4851629259E+000   0.3504039731E-001   0.6636139822E-001
  -0.4814879950E+000   0.2896640586E-001   0.6858145944E-001
  -0.4778130641E+000   0.2273994095E-001   0.6964623102E-001
  -0.4741381332E+000   0.1666304604E-001   0.6960847934E-001
  -0.4704632023E+000   0.1098346379E-001   0.6861011126E-001
  -0.4667882714E+000   0.5870285480E-002   0.6684682087E-001
  -0.4631133405E+000   0.1410780150E-002   0.6452674352E-001
  -0.4594384096E+000  -0.2374187602E-002   0.6184550581E-001
  -0.4557634787E+000  -0.5512663994E-002   0.5896763533E-001
  -0.4520885478E+000  -0.8062188140E-002   0.5602284369E-001
  -0.4484136169E+000  -0.1009497985E-001   0.5310477059E-001
  -0.4447386860E+000  -0.1168556144E-001   0.5027765051E-001
  -0.4410637551E+000  -0.1290549641E-001   0.4758221149E-001
  -0.4373888242E+000  -0.1382020799E-001   0.4504111495E-001
  -0.4337138933E+000  -0.1448475788E-001   0.4266393806E-001
  -0.4300389624E+000  -0.1494745646E-001   0.4045255636E-001
  -0.4263640315E+000  -0.1524716793E-001   0.3840258782E-001
  -0.4226891006E+000  -0.1541759803E-001   0.3650664437E-001
  -0.4190141697E+000  -0.1548428796E-001   0.3475540594E-001
  -0.4153392388E+000  -0.1546962758E-001   0.3313856541E-001
  -0.4116643079E+000  -0.1539092703E-001   0.3164582532E-001
  -0.4079893770E+000  -0.1526271447E-001   0.3026641057E-001
  -0.4043144461E+000  -0.1509553956E-001   0.2899096381E-001
  -0.4006395152E+000  -0.1489917297E-001   0.2781059807E-001
  -0.3969645842E+000  -0.1468070387E-001   0.2671649565E-001
  -0.3932896533E+000  -0.1444598534E-001   0.2570126179E-001
  -0.3896147224E+000  -0.1419957763E-001   0.2475805623E-001
  -0.3859397915E+000  -0.1394579468E-001   0.2388013057E-001
  -0.3822648606E+000  -0.1368716634E-001   0.2306197327E-001
  -0.3785899297E+000  -0.1342650718E-001   0.2229795675E-001
  -0.3749149988E+000  -0.1316492157E-001   0.2158325218E-001
  -0.3712400679E+000  -0.1290414874E-001   0.2091454202E-001
  -0.3675651370E+000  -0.1264607552E-001   0.2028769647E-001
  -0.3638902043E+000  -0.1239099080E-001   0.1969874265E-001
  -0.3602152734E+000  -0.1213947139E-001   0.1914547465E-001
  -0.3565403425E+000  -0.1189271549E-001   0.1862400836E-001
  -0.3528654116E+000  -0.1165052626E-001   0.1813230778E-001
  -0.3491904807E+000  -0.1141326002E-001   0.1766824989E-001
  -0.3455155498E+000  -0.1118137317E-001   0.1722981487E-001
  -0.3418406189E+000  -0.1095452953E-001   0.1681419603E-001
  -0.3381656880E+000  -0.1073317395E-001   0.1642092041E-001
  -0.3344907571E+000  -0.1051729065E-001   0.1604766828E-001
  -0.3308158262E+000  -0.1030696551E-001   0.1569268243E-001
  -0.3271408953E+000  -0.1010163852E-001   0.1535517154E-001
  -0.3234659644E+000  -0.9901224608E-002   0.1503384272E-001
  -0.3197910335E+000  -0.9706336881E-002   0.1472809125E-001
  -0.3161161026E+000  -0.9516473848E-002   0.1443572136E-001
  -0.3124411717E+000  -0.9331249818E-002   0.1415683433E-001
  -0.3087662408E+000  -0.9150967684E-002   0.1389051218E-001
  -0.3050913099E+000  -0.8975449244E-002   0.1363530461E-001
  -0.3014163790E+000  -0.8804349691E-002   0.1339078749E-001
  -0.2977414481E+000  -0.8637482694E-002   0.1315614768E-001
  -0.2940665172E+000  -0.8474847597E-002   0.1293102225E-001
  -0.2903915863E+000  -0.8316300898E-002   0.1271456180E-001
  -0.2867166554E+000  -0.8161471822E-002   0.1250600861E-001
  -0.2830417245E+000  -0.8010424407E-002   0.1230551195E-001
  -0.2793667936E+000  -0.7863004108E-002   0.1211175971E-001
  -0.2756918627E+000  -0.7718839598E-002   0.1192446880E-001
  -0.2720169318E+000  -0.7577649735E-002   0.1174336019E-001
  -0.2683420009E+000  -0.7439539522E-002   0.1156811482E-001
  -0.2646670700E+000  -0.7304339530E-002   0.1139783741E-001
  -0.2609921391E+000  -0.7171422768E-002   0.1123164059E-001
  -0.2573172082E+000  -0.7040754821E-002   0.1107008243E-001
  -0.2536422773E+000  -0.6912190709E-002   0.1091108635E-001
  -0.2499673464E+000  -0.6784837697E-002   0.1075443380E-001
  -0.2462924155E+000  -0.6658216475E-002   0.1059925670E-001
  -0.2426174846E+000  -0.6531811167E-002   0.1044430905E-001
  -0.2389425537E+000  -0.6404639947E-002   0.1028720471E-001
  -0.2352676228E+000  -0.6274475557E-002   0.1012468844E-001
  -0.2315926919E+000  -0.6138674430E-002   0.9953274975E-002
  -0.2279177610E+000  -0.5992837064E-002   0.9764439119E-002
  -0.2242428301E+000  -0.5827431510E-002   0.9542025961E-002
  -0.2205678992E+000  -0.5621085384E-002   0.9251176275E-002
  -0.2168929683E+000  -0.5316112777E-002   0.8796190245E-002
  -0.2132180374E+000  -0.4697750205E-002   0.7821451115E-002
  -0.2095431065E+000  -0.2950775673E-002   0.4978148755E-002
  -0.2058681756E+000  -0.1236103683E-002   0.2169264163E-002
  -0.2021932447E+000  -0.6841420409E-003   0.1264896528E-002
  -0.1985183138E+000  -0.4585408557E-003   0.8946851908E-003
  -0.1948433829E+000  -0.3387337412E-003   0.6972623358E-003
  -0.1911684520E+000  -0.2647810191E-003   0.5745971415E-003
  -0.1874935211E+000  -0.2146615047E-003   0.4907394184E-003
  -0.1838185902E+000  -0.1784885735E-003   0.4295769109E-003
  -0.1801436593E+000  -0.1511802796E-003   0.3828408093E-003
  -0.1764687284E+000  -0.1298592950E-003   0.3458561401E-003
  -0.1727937975E+000  -0.1127743226E-003   0.3157809818E-003
  -0.1691188666E+000  -0.9879790923E-004   0.2907876088E-003
  -0.1654439357E+000  -0.8717098243E-004   0.2696464200E-003
  -0.1617690048E+000  -0.7736346413E-004   0.2514991787E-003
  -0.1580940739E+000  -0.6899376948E-004   0.2357281952E-003
  -0.1544191430E+000  -0.6178007333E-004   0.2218772194E-003
  -0.1507442121E+000  -0.5550961542E-004   0.2096016670E-003
  -0.1470692812E+000  -0.5001870211E-004   0.1986362240E-003
  -0.1433943503E+000  -0.4517929080E-004   0.1887731359E-003
  -0.1397194194E+000  -0.4088975772E-004   0.1798472806E-003
  -0.1360444885E+000  -0.3706840052E-004   0.1717256719E-003
  -0.1323695576E+000  -0.3364877354E-004   0.1642999302E-003
  -0.1286946267E+000  -0.3057627869E-004   0.1574807834E-003
  -0.1250196958E+000  -0.2780563396E-004   0.1511939870E-003
  -0.1213447649E+000  -0.2529896620E-004   0.1453772509E-003
  -0.1176698340E+000  -0.2302435535E-004   0.1399778961E-003
  -0.1139949031E+000  -0.2095470987E-004   0.1349510444E-003
  -0.1103199722E+000  -0.1906688844E-004   0.1302582051E-003
  -0.1066450413E+000  -0.1734100718E-004   0.1258661608E-003
  -0.1029701104E+000  -0.1575988798E-004   0.1217460800E-003
  -0.9929517949E-001  -0.1430861556E-004   0.1178728046E-003
  -0.9562024859E-001  -0.1297417888E-004   0.1142242730E-003
  -0.9194531769E-001  -0.1174517877E-004   0.1107810498E-003
  -0.8827038679E-001  -0.1061158787E-004   0.1075259394E-003
  -0.8459545589E-001  -0.9564552236E-005   0.1044436662E-003
  -0.8092052499E-001  -0.8596226440E-005   0.1015206094E-003
  -0.7724559409E-001  -0.7699635697E-005   0.9874458029E-004
  -0.7357066319E-001  -0.6868559983E-005   0.9610463524E-004
  -0.6989573229E-001  -0.6097436160E-005   0.9359091784E-004
  -0.6622080139E-001  -0.5381274913E-005   0.9119452435E-004
  -0.6254587049E-001  -0.4715589950E-005   0.8890738910E-004
  -0.5887093959E-001  -0.4096337393E-005   0.8672218625E-004
  -0.5519600869E-001  -0.3519863695E-005   0.8463224512E-004
  -0.5152107779E-001  -0.2982860708E-005   0.8263147719E-004
  -0.4784614689E-001  -0.2482326784E-005   0.8071431262E-004
  -0.4417121599E-001  -0.2015532990E-005   0.7887564516E-004
  -0.4049628509E-001  -0.1579993660E-005   0.7711078391E-004
  -0.3682135419E-001  -0.1173440653E-005   0.7541541116E-004
  -0.3314642343E-001  -0.7938008001E-006   0.7378554530E-004
  -0.2947149253E-001  -0.4391760055E-006   0.7221750793E-004
  -0.2579656163E-001  -0.1078258434E-006   0.7070789533E-004
