  -0.1483588391E+001   0.3123627402E-009  -0.9284469906E-009
  -0.1479913460E+001   0.3207478189E-009  -0.9351351689E-009
  -0.1476238529E+001   0.3292771538E-009  -0.9418512866E-009
  -0.1472563598E+001   0.3379528427E-009  -0.9485617615E-009
  -0.1468888667E+001   0.3467939482E-009  -0.9552660886E-009
  -0.1465213736E+001   0.3558029253E-009  -0.9619807900E-009
  -0.1461538805E+001   0.3649822840E-009  -0.9686713479E-009
  -0.1457863874E+001   0.3743173026E-009  -0.9753714037E-009
  -0.1454188943E+001   0.3838102516E-009  -0.9820633585E-009
  -0.1450514013E+001   0.3934983542E-009  -0.9887466550E-009
  -0.1446839082E+001   0.4033494523E-009  -0.9954207020E-009
  -0.1443164151E+001   0.4133659310E-009  -0.1002067230E-008
  -0.1439489220E+001   0.4235679920E-009  -0.1008685313E-008
  -0.1435814289E+001   0.4339405153E-009  -0.1015309778E-008
  -0.1432139358E+001   0.4445040189E-009  -0.1021886312E-008
  -0.1428464427E+001   0.4552613636E-009  -0.1028449823E-008
  -0.1424789496E+001   0.4661790232E-009  -0.1034963172E-008
  -0.1421114565E+001   0.4772959534E-009  -0.1041461685E-008
  -0.1417439634E+001   0.4886151667E-009  -0.1047926197E-008
  -0.1413764704E+001   0.5001211538E-009  -0.1054337060E-008
  -0.1410089773E+001   0.5118166648E-009  -0.1060711518E-008
  -0.1406414842E+001   0.5237045054E-009  -0.1067029647E-008
  -0.1402739911E+001   0.5357875146E-009  -0.1073308871E-008
  -0.1399064980E+001   0.5480685950E-009  -0.1079509934E-008
  -0.1395390049E+001   0.5605698356E-009  -0.1085669252E-008
  -0.1391715118E+001   0.5732560207E-009  -0.1091766301E-008
  -0.1388040187E+001   0.5861492259E-009  -0.1097799466E-008
  -0.1384365256E+001   0.5992525389E-009  -0.1103747563E-008
  -0.1380690325E+001   0.6125690849E-009  -0.1109628187E-008
  -0.1377015395E+001   0.6260822674E-009  -0.1115419824E-008
  -0.1373340464E+001   0.6398148433E-009  -0.1121140252E-008
  -0.1369665533E+001   0.6537500606E-009  -0.1126767626E-008
  -0.1365990602E+001   0.6679110363E-009  -0.1132299729E-008
  -0.1362315671E+001   0.6822808550E-009  -0.1137734287E-008
  -0.1358640740E+001   0.6968625682E-009  -0.1143048553E-008
  -0.1354965809E+001   0.7116592563E-009  -0.1148280902E-008
  -0.1351290878E+001   0.7266740757E-009  -0.1153387925E-008
  -0.1347615947E+001   0.7419102202E-009  -0.1158366759E-008
  -0.1343941016E+001   0.7573499523E-009  -0.1163235455E-008
  -0.1340266086E+001   0.7730172816E-009  -0.1167949230E-008
  -0.1336591155E+001   0.7888942864E-009  -0.1172547135E-008
  -0.1332916224E+001   0.8050053462E-009  -0.1177005110E-008
  -0.1329241293E+001   0.8213108432E-009  -0.1181298449E-008
  -0.1325566362E+001   0.8378567711E-009  -0.1185466884E-008
  -0.1321891431E+001   0.8546030454E-009  -0.1189463899E-008
  -0.1318216500E+001   0.8715743739E-009  -0.1193285717E-008
  -0.1314541569E+001   0.8887518469E-009  -0.1196950594E-008
  -0.1310866638E+001   0.9061382940E-009  -0.1200432771E-008
  -0.1307191707E+001   0.9237590035E-009  -0.1203728248E-008
  -0.1303516777E+001   0.9415721846E-009  -0.1206855495E-008
  -0.1299841846E+001   0.9596030788E-009  -0.1209765356E-008
  -0.1296166915E+001   0.9778546784E-009  -0.1212476002E-008
  -0.1292491984E+001   0.9963069887E-009  -0.1214983088E-008
  -0.1288817053E+001   0.1014962628E-008  -0.1217282192E-008
  -0.1285142122E+001   0.1033824252E-008  -0.1219368805E-008
  -0.1281467191E+001   0.1052871046E-008  -0.1221214798E-008
  -0.1277792260E+001   0.1072128930E-008  -0.1222838683E-008
  -0.1274117329E+001   0.1091576837E-008  -0.1224211815E-008
  -0.1270442398E+001   0.1111217078E-008  -0.1225328812E-008
  -0.1266767468E+001   0.1131051984E-008  -0.1226232546E-008
  -0.1263092537E+001   0.1151083955E-008  -0.1226845383E-008
  -0.1259417606E+001   0.1171266340E-008  -0.1227210135E-008
  -0.1255742675E+001   0.1191649943E-008  -0.1227296825E-008
  -0.1252067744E+001   0.1212187491E-008  -0.1227099505E-008
  -0.1248392813E+001   0.1232905463E-008  -0.1226637182E-008
  -0.1244717882E+001   0.1253780631E-008  -0.1225878988E-008
  -0.1241042951E+001   0.1274814461E-008  -0.1224844042E-008
  -0.1237368020E+001   0.1296008458E-008  -0.1223475304E-008
  -0.1233693089E+001   0.1317338333E-008  -0.1221817219E-008
  -0.1230018159E+001   0.1338830998E-008  -0.1219863682E-008
  -0.1226343228E+001   0.1360435710E-008  -0.1217556154E-008
  -0.1222668297E+001   0.1382179171E-008  -0.1214966140E-008
  -0.1218993366E+001   0.1404035850E-008  -0.1212008139E-008
  -0.1215318435E+001   0.1426032818E-008  -0.1208754522E-008
  -0.1211643504E+001   0.1448117236E-008  -0.1205145267E-008
  -0.1207968573E+001   0.1470315980E-008  -0.1201200002E-008
  -0.1204293642E+001   0.1492629410E-008  -0.1196884379E-008
  -0.1200618711E+001   0.1515002836E-008  -0.1192245605E-008
  -0.1196943780E+001   0.1537463084E-008  -0.1187249256E-008
  -0.1193268850E+001   0.1559981937E-008  -0.1181859934E-008
  -0.1189593919E+001   0.1582586524E-008  -0.1176153769E-008
  -0.1185918988E+001   0.1605248169E-008  -0.1170039232E-008
  -0.1182244057E+001   0.1627937260E-008  -0.1163593378E-008
  -0.1178569126E+001   0.1650680853E-008  -0.1156751898E-008
  -0.1174894195E+001   0.1673448833E-008  -0.1149535511E-008
  -0.1171219264E+001   0.1696239368E-008  -0.1141936467E-008
  -0.1167544333E+001   0.1719021144E-008  -0.1133976260E-008
  -0.1163869402E+001   0.1741821183E-008  -0.1125617871E-008
  -0.1160194471E+001   0.1764607590E-008  -0.1116882928E-008
  -0.1156519541E+001   0.1787377603E-008  -0.1107733645E-008
  -0.1152844610E+001   0.1810128344E-008  -0.1098222110E-008
  -0.1149169679E+001   0.1832856875E-008  -0.1088341001E-008
  -0.1145494748E+001   0.1855529398E-008  -0.1078052058E-008
  -0.1141819817E+001   0.1878142078E-008  -0.1067377975E-008
  -0.1138144886E+001   0.1900659725E-008  -0.1056310967E-008
  -0.1134469955E+001   0.1923140563E-008  -0.1044877784E-008
  -0.1130795024E+001   0.1945517685E-008  -0.1033045729E-008
  -0.1127120093E+001   0.1967786077E-008  -0.1020832384E-008
  -0.1123445162E+001   0.1989972839E-008  -0.1008236642E-008
  -0.1119770232E+001   0.2012040957E-008  -0.9952606723E-009
  -0.1116095301E+001   0.2033952267E-008  -0.9819100768E-009
  -0.1112420370E+001   0.2055766464E-008  -0.9681841623E-009
  -0.1108745439E+001   0.2077412085E-008  -0.9540855779E-009
  -0.1105070508E+001   0.2098882487E-008  -0.9396238797E-009
  -0.1101395577E+001   0.2120204666E-008  -0.9247955114E-009
  -0.1097720646E+001   0.2141372446E-008  -0.9096070998E-009
  -0.1094045715E+001   0.2162310804E-008  -0.8940689807E-009
  -0.1090370784E+001   0.2183080823E-008  -0.8781815808E-009
  -0.1086695853E+001   0.2203606026E-008  -0.8619488619E-009
  -0.1083020923E+001   0.2223948218E-008  -0.8453768169E-009
  -0.1079345992E+001   0.2244064878E-008  -0.8284748696E-009
  -0.1075671061E+001   0.2263947906E-008  -0.8112478456E-009
  -0.1071996130E+001   0.2283588996E-008  -0.7937029755E-009
  -0.1068321199E+001   0.2302979630E-008  -0.7758481736E-009
  -0.1064646268E+001   0.2322111081E-008  -0.7576847370E-009
  -0.1060971337E+001   0.2340974391E-008  -0.7392295985E-009
  -0.1057296406E+001   0.2359560387E-008  -0.7204891597E-009
  -0.1053621475E+001   0.2377859662E-008  -0.7014663580E-009
  -0.1049946544E+001   0.2395862572E-008  -0.6821756609E-009
  -0.1046271614E+001   0.2413559235E-008  -0.6626206435E-009
  -0.1042596683E+001   0.2430978001E-008  -0.6428166345E-009
  -0.1038921752E+001   0.2448070647E-008  -0.6227678741E-009
  -0.1035246821E+001   0.2464865670E-008  -0.6024866725E-009
  -0.1031571890E+001   0.2481353156E-008  -0.5819858055E-009
  -0.1027896959E+001   0.2497483163E-008  -0.5612705705E-009
  -0.1024222028E+001   0.2513284393E-008  -0.5403505528E-009
  -0.1020547097E+001   0.2528746151E-008  -0.5192640304E-009
  -0.1016872166E+001   0.2543857516E-008  -0.4979567874E-009
  -0.1013197235E+001   0.2558648388E-008  -0.4765086323E-009
  -0.1009522305E+001   0.2573066839E-008  -0.4548776171E-009
  -0.1005847374E+001   0.2587142944E-008  -0.4331041521E-009
  -0.1002172443E+001   0.2600865720E-008  -0.4111878540E-009
  -0.9984975119E+000   0.2614266473E-008  -0.3891709659E-009
  -0.9948225810E+000   0.2627248880E-008  -0.3670542301E-009
  -0.9911476501E+000   0.2639929987E-008  -0.3447952242E-009
  -0.9874727192E+000   0.2652212518E-008  -0.3224810635E-009
  -0.9837977883E+000   0.2664128198E-008  -0.3000257141E-009
  -0.9801228573E+000   0.2675709886E-008  -0.2775624260E-009
  -0.9764479264E+000   0.2686902124E-008  -0.2550049061E-009
  -0.9727729955E+000   0.2697738009E-008  -0.2324448118E-009
  -0.9690980646E+000   0.2708252003E-008  -0.2097945325E-009
  -0.9654231337E+000   0.2718341731E-008  -0.1871474353E-009
  -0.9617482028E+000   0.2728087096E-008  -0.1645074190E-009
  -0.9580732719E+000   0.2737524122E-008  -0.1418784989E-009
  -0.9543983410E+000   0.2746548468E-008  -0.1192175088E-009
  -0.9507234101E+000   0.2755242868E-008  -0.9657518718E-010
  -0.9470484792E+000   0.2763596937E-008  -0.7400404655E-010
  -0.9433735483E+000   0.2771551543E-008  -0.5146138152E-010
  -0.9396986174E+000   0.2779241404E-008  -0.2895198712E-010
  -0.9360236865E+000   0.2786559161E-008  -0.6530114061E-011
  -0.9323487556E+000   0.2793493414E-008   0.1579785351E-010
  -0.9286738247E+000   0.2800133100E-008   0.3807558387E-010
  -0.9249988938E+000   0.2806468960E-008   0.6024690139E-010
  -0.9213239629E+000   0.2812440347E-008   0.8235605701E-010
  -0.9176490320E+000   0.2818139474E-008   0.1042938588E-009
  -0.9139741011E+000   0.2823505689E-008   0.1261036663E-009
  -0.9102991702E+000   0.2828528848E-008   0.1478304586E-009
  -0.9066242393E+000   0.2833304683E-008   0.1693615693E-009
  -0.9029493084E+000   0.2837718334E-008   0.1907946655E-009
  -0.8992743775E+000   0.2841921112E-008   0.2120687310E-009
  -0.8955994466E+000   0.2845797209E-008   0.2331752399E-009
  -0.8919245157E+000   0.2849391826E-008   0.2540502714E-009
  -0.8882495848E+000   0.2852696459E-008   0.2747943705E-009
  -0.8845746539E+000   0.2855814504E-008   0.2953435681E-009
  -0.8808997230E+000   0.2858570287E-008   0.3156883197E-009
  -0.8772247921E+000   0.2861181654E-008   0.3358757561E-009
  -0.8735498612E+000   0.2863470967E-008   0.3557820395E-009
  -0.8698749303E+000   0.2865545148E-008   0.3755114537E-009
  -0.8661999994E+000   0.2867397671E-008   0.3949961176E-009
  -0.8625250685E+000   0.2869021916E-008   0.4142842700E-009
  -0.8588501376E+000   0.2870411081E-008   0.4333662152E-009
  -0.8551752067E+000   0.2871618556E-008   0.4521111439E-009
  -0.8515002758E+000   0.2872639010E-008   0.4706883095E-009
  -0.8478253449E+000   0.2873405333E-008   0.4890273305E-009
  -0.8441504140E+000   0.2874034338E-008   0.5070551654E-009
  -0.8404754831E+000   0.2874459322E-008   0.5248843353E-009
  -0.8368005522E+000   0.2874737607E-008   0.5423784971E-009
  -0.8331256213E+000   0.2874801101E-008   0.5596518907E-009
  -0.8294506904E+000   0.2874772612E-008   0.5766296418E-009
  -0.8257757595E+000   0.2874519320E-008   0.5933644871E-009
  -0.8221008286E+000   0.2874166263E-008   0.6097797234E-009
  -0.8184258977E+000   0.2873710687E-008   0.6259286168E-009
  -0.8147509668E+000   0.2873082774E-008   0.6417996611E-009
  -0.8110760359E+000   0.2872277716E-008   0.6573810099E-009
  -0.8074011050E+000   0.2871427130E-008   0.6726604372E-009
  -0.8037261741E+000   0.2870461032E-008   0.6876944047E-009
  -0.8000512432E+000   0.2869376297E-008   0.7024025066E-009
  -0.7963763123E+000   0.2868169770E-008   0.7167716253E-009
  -0.7927013814E+000   0.2866909174E-008   0.7308591780E-009
  -0.7890264505E+000   0.2865521689E-008   0.7446534374E-009
  -0.7853515196E+000   0.2864076264E-008   0.7581423049E-009
  -0.7816765887E+000   0.2862571602E-008   0.7713134079E-009
  -0.7780016578E+000   0.2860932763E-008   0.7842277504E-009
  -0.7743267269E+000   0.2859304942E-008   0.7967256596E-009
  -0.7706517960E+000   0.2857613933E-008   0.8090169456E-009
  -0.7669768651E+000   0.2855858291E-008   0.8209406999E-009
  -0.7633019342E+000   0.2854036624E-008   0.8324829945E-009
  -0.7596270033E+000   0.2852224841E-008   0.8437840267E-009
  -0.7559520724E+000   0.2850345713E-008   0.8547556930E-009
  -0.7522771415E+000   0.2848397855E-008   0.8654640790E-009
  -0.7486022106E+000   0.2846459239E-008   0.8757394990E-009
  -0.7449272797E+000   0.2844450562E-008   0.8858072211E-009
  -0.7412523488E+000   0.2842532319E-008   0.8954962121E-009
  -0.7375774179E+000   0.2840462344E-008   0.9047927893E-009
  -0.7339024870E+000   0.2838484626E-008   0.9138478606E-009
  -0.7302275561E+000   0.2836435685E-008   0.9225684729E-009
  -0.7265526252E+000   0.2834482366E-008   0.9309422623E-009
  -0.7228776943E+000   0.2832458180E-008   0.9390417009E-009
  -0.7192027634E+000   0.2830447414E-008   0.9467706096E-009
  -0.7155278325E+000   0.2828364561E-008   0.9542025352E-009
  -0.7118529016E+000   0.2826382921E-008   0.9612391589E-009
  -0.7081779707E+000   0.2824417860E-008   0.9679551690E-009
  -0.7045030398E+000   0.2822470520E-008   0.9744282817E-009
  -0.7008281089E+000   0.2820452079E-008   0.9804697645E-009
  -0.6971531780E+000   0.2818542689E-008   0.9862466999E-009
  -0.6934782471E+000   0.2816654467E-008   0.9916581395E-009
  -0.6898033162E+000   0.2814696260E-008   0.9967843849E-009
  -0.6861283853E+000   0.2812853316E-008   0.1001615560E-008
  -0.6824534544E+000   0.2811035314E-008   0.1006047595E-008
  -0.6787785235E+000   0.2809148595E-008   0.1010162810E-008
  -0.6751035926E+000   0.2807383646E-008   0.1013854905E-008
  -0.6714286617E+000   0.2805647789E-008   0.1017304381E-008
  -0.6677537308E+000   0.2803942445E-008   0.1020503263E-008
  -0.6640787999E+000   0.2802170407E-008   0.1023246365E-008
  -0.6604038690E+000   0.2800529486E-008   0.1025718934E-008
  -0.6567289381E+000   0.2798923477E-008   0.1027812299E-008
  -0.6530540072E+000   0.2797252693E-008   0.1029616608E-008
  -0.6493790763E+000   0.2795720350E-008   0.1031123206E-008
  -0.6457041454E+000   0.2794124539E-008   0.1032220430E-008
  -0.6420292145E+000   0.2792568202E-008   0.1033000756E-008
  -0.6383542836E+000   0.2791157928E-008   0.1033455305E-008
  -0.6346793527E+000   0.2789580587E-008   0.1033575317E-008
  -0.6310044218E+000   0.2788152743E-008   0.1033458477E-008
  -0.6273294909E+000   0.2786771102E-008   0.1032883169E-008
  -0.6236545600E+000   0.2785328866E-008   0.1032054889E-008
  -0.6199796291E+000   0.2783934556E-008   0.1030857716E-008
  -0.6163046982E+000   0.2782590021E-008   0.1029393054E-008
  -0.6126297673E+000   0.2781185587E-008   0.1027543178E-008
  -0.6089548364E+000   0.2779832726E-008   0.1025411307E-008
  -0.6052799055E+000   0.2778533256E-008   0.1022877811E-008
  -0.6016049746E+000   0.2777174844E-008   0.1020047906E-008
  -0.5979300437E+000   0.2775871782E-008   0.1016915300E-008
  -0.5942551128E+000   0.2774509853E-008   0.1013473834E-008
  -0.5905801819E+000   0.2773205260E-008   0.1009717313E-008
  -0.5869052510E+000   0.2771841947E-008   0.1005639701E-008
  -0.5832303201E+000   0.2770538027E-008   0.1001234943E-008
  -0.5795553892E+000   0.2769175612E-008   0.9964971684E-009
  -0.5758804583E+000   0.2767753915E-008   0.9914205590E-009
  -0.5722055274E+000   0.2766393945E-008   0.9861210864E-009
  -0.5685305965E+000   0.2764974999E-008   0.9803506937E-009
  -0.5648556656E+000   0.2763496456E-008   0.9743482973E-009
  -0.5611807347E+000   0.2761957637E-008   0.9681113430E-009
  -0.5575058038E+000   0.2760483226E-008   0.9615119900E-009
  -0.5538308729E+000   0.2758822763E-008   0.9545453521E-009
  -0.5501559420E+000   0.2757227361E-008   0.9473337215E-009
  -0.5464810111E+000   0.2755443037E-008   0.9398752650E-009
  -0.5428060802E+000   0.2753724470E-008   0.9320392106E-009
  -0.5391311493E+000   0.2751944069E-008   0.9239512296E-009
  -0.5354562184E+000   0.2749970744E-008   0.9156100169E-009
  -0.5317812875E+000   0.2747933040E-008   0.9068828603E-009
  -0.5281063566E+000   0.2745963073E-008   0.8978986186E-009
  -0.5244314257E+000   0.2743796703E-008   0.8886566929E-009
  -0.5207564948E+000   0.2741565267E-008   0.8791565877E-009
  -0.5170815639E+000   0.2739133806E-008   0.8693981287E-009
  -0.5134066330E+000   0.2736635490E-008   0.8593813064E-009
  -0.5097317021E+000   0.2734070354E-008   0.8491064064E-009
  -0.5060567712E+000   0.2731438499E-008   0.8385739754E-009
  -0.5023818403E+000   0.2728602108E-008   0.8276469153E-009
  -0.4987069094E+000   0.2725559264E-008   0.8166014680E-009
  -0.4950319785E+000   0.2722586946E-008   0.8053017368E-009
  -0.4913570476E+000   0.2719267366E-008   0.7937494836E-009
  -0.4876821167E+000   0.2715878552E-008   0.7820874120E-009
  -0.4840071858E+000   0.2712421128E-008   0.7700367734E-009
  -0.4803322549E+000   0.2708611583E-008   0.7578824798E-009
  -0.4766573240E+000   0.2704875336E-008   0.7454863795E-009
  -0.4729823931E+000   0.2700784985E-008   0.7328516500E-009
  -0.4693074622E+000   0.2696626083E-008   0.7199816105E-009
  -0.4656325313E+000   0.2692255316E-008   0.7070246137E-009
  -0.4619576004E+000   0.2687672344E-008   0.6938411420E-009
  -0.4582826695E+000   0.2682877099E-008   0.6805811682E-009
  -0.4546077386E+000   0.2677869656E-008   0.6669582481E-009
  -0.4509328077E+000   0.2672797188E-008   0.6532691500E-009
  -0.4472578768E+000   0.2667367214E-008   0.6395204737E-009
  -0.4435829459E+000   0.2661874495E-008   0.6255711676E-009
  -0.4399080150E+000   0.2656173237E-008   0.6114268025E-009
  -0.4362330841E+000   0.2650116127E-008   0.5972417642E-009
  -0.4325581532E+000   0.2644001295E-008   0.5828743254E-009
  -0.4288832223E+000   0.2637533018E-008   0.5684800899E-009
  -0.4252082914E+000   0.2630861814E-008   0.5539169485E-009
  -0.4215333605E+000   0.2623989915E-008   0.5391915983E-009
  -0.4178584296E+000   0.2616919800E-008   0.5244611831E-009
  -0.4141834987E+000   0.2609654165E-008   0.5097336267E-009
  -0.4105085678E+000   0.2602045225E-008   0.4948662166E-009
  -0.4068336369E+000   0.2594246440E-008   0.4800172504E-009
  -0.4031587060E+000   0.2586261261E-008   0.4650437699E-009
  -0.3994837751E+000   0.2578093376E-008   0.4501046939E-009
  -0.3958088442E+000   0.2569595315E-008   0.4350568874E-009
  -0.3921339133E+000   0.2560770898E-008   0.4200597106E-009
  -0.3884589824E+000   0.2551927346E-008   0.4051214040E-009
  -0.3847840515E+000   0.2542766317E-008   0.3900986165E-009
  -0.3811091206E+000   0.2533292540E-008   0.3749994462E-009
  -0.3774341897E+000   0.2533059383E-008   0.3749884092E-009
  -0.3737592588E+000   0.2532366966E-008   0.3749093633E-009
  -0.3700843279E+000   0.2531216043E-008   0.3747623943E-009
  -0.3664093963E+000   0.2529607864E-008   0.3745476620E-009
  -0.3627344654E+000   0.2527544172E-008   0.3742653994E-009
  -0.3590595345E+000   0.2525027202E-008   0.3739159124E-009
  -0.3553846036E+000   0.2522059669E-008   0.3734995784E-009
  -0.3517096727E+000   0.2518644765E-008   0.3730168459E-009
  -0.3480347418E+000   0.2514786150E-008   0.3724682329E-009
  -0.3443598109E+000   0.2510487940E-008   0.3718543256E-009
  -0.3406848800E+000   0.2505754700E-008   0.3711757772E-009
  -0.3370099491E+000   0.2500591426E-008   0.3704333056E-009
  -0.3333350182E+000   0.2495003540E-008   0.3696276919E-009
  -0.3296600873E+000   0.2488996869E-008   0.3687597783E-009
  -0.3259851564E+000   0.2482577633E-008   0.3678304658E-009
  -0.3223102255E+000   0.2475752429E-008   0.3668407123E-009
  -0.3186352946E+000   0.2468528215E-008   0.3657915297E-009
  -0.3149603637E+000   0.2460912294E-008   0.3646839817E-009
  -0.3112854328E+000   0.2452912291E-008   0.3635191811E-009
  -0.3076105019E+000   0.2444536141E-008   0.3622982873E-009
  -0.3039355710E+000   0.2435792067E-008   0.3610225030E-009
  -0.3002606401E+000   0.2426688560E-008   0.3596930722E-009
  -0.2965857092E+000   0.2417234363E-008   0.3583112765E-009
  -0.2929107783E+000   0.2407438446E-008   0.3568784327E-009
  -0.2892358474E+000   0.2397309991E-008   0.3553958898E-009
  -0.2855609165E+000   0.2386858372E-008   0.3538650260E-009
  -0.2818859856E+000   0.2376093131E-008   0.3522872456E-009
  -0.2782110547E+000   0.2365023960E-008   0.3506639763E-009
  -0.2745361238E+000   0.2353660685E-008   0.3489966662E-009
  -0.2708611929E+000   0.2342013240E-008   0.3472867808E-009
  -0.2671862620E+000   0.2330091653E-008   0.3455358001E-009
  -0.2635113311E+000   0.2317906026E-008   0.3437452163E-009
  -0.2598364002E+000   0.2305466512E-008   0.3419165302E-009
  -0.2561614693E+000   0.2292783306E-008   0.3400512491E-009
  -0.2524865384E+000   0.2279866617E-008   0.3381508841E-009
  -0.2488116075E+000   0.2266726660E-008   0.3362169474E-009
  -0.2451366766E+000   0.2253373632E-008   0.3342509496E-009
  -0.2414617457E+000   0.2239817701E-008   0.3322543981E-009
  -0.2377868148E+000   0.2226068991E-008   0.3302287937E-009
  -0.2341118839E+000   0.2212137561E-008   0.3281756295E-009
  -0.2304369530E+000   0.2198033400E-008   0.3260963878E-009
  -0.2267620221E+000   0.2183766407E-008   0.3239925389E-009
  -0.2230870912E+000   0.2169346379E-008   0.3218655387E-009
  -0.2194121603E+000   0.2154783004E-008   0.3197168271E-009
  -0.2157372294E+000   0.2140085844E-008   0.3175478261E-009
  -0.2120622985E+000   0.2125264328E-008   0.3153599388E-009
  -0.2083873676E+000   0.2110327741E-008   0.3131545469E-009
  -0.2047124367E+000   0.2095285216E-008   0.3109330105E-009
  -0.2010375058E+000   0.2080145722E-008   0.3086966659E-009
  -0.1973625749E+000   0.2064918063E-008   0.3064468249E-009
