# # Once                                                         FEFF 10.0.0 
# # POT  SCF  30  0.0000   0, NO core-hole, AFOLP (folp(0)= 1.150)
# # Abs   Z=60 Rmt= 1.794 Rnm= 1.830 K  shell
# # Pot 1 Z=60 Rmt= 1.794 Rnm= 1.830
# # Pot 2 Z=60 Rmt= 1.795 Rnm= 1.831
# # Pot 3 Z=28 Rmt= 1.353 Rnm= 1.427
# # Pot 4 Z=15 Rmt= 1.365 Rnm= 1.439
# # Gam_ch=2.100E+01 H-L exch Vi= 0.000E+00 Vr= 0.000E+00
# # Mu=-1.037E+01eV kf=1.923E+00 Vint=-1.936E+01eV Rs_int= 1.886
# FMS rfms= 4.0000
# # PATH  Rmax= 0.100,  Keep_limit= 0.00, Heap_limit 0.00  Pwcrit= 2.50%
#  S02=1.000  Temp=   0.00  Debye_temp=   0.00  Global_sig2= 0.00000
#  Energy zero shift, vr, vi    0.00000E+00   0.00000E+00
#  Curved wave amplitude ratio filter   4.000%
#     file         sig2 tot  cw amp ratio   deg  nlegs   reff  inp sig2
#     0/   0 paths used
#  xsedge+ 50, used to normalize mu           1.0000E+00
#  -----------------------------------------------------------------------
#  omega    e    k    mu    mu0     chi     @#
     43600.5890774633      -40.3705112000       -2.8060734827    5.3899307027E-05    5.3715149164E-05    1.8415786336E-07
     43600.6890774633      -40.2705112000       -2.8013927219    5.4309621142E-05    5.4124904841E-05    1.8471630085E-07
     43600.7890774633      -40.1705112000       -2.7967044314    5.4724026382E-05    5.4538768446E-05    1.8525793622E-07
     43600.8890774633      -40.0705112000       -2.7920079635    5.5141106718E-05    5.4955325093E-05    1.8578162580E-07
     43600.9890774633      -39.9705112000       -2.7873035823    5.5561333456E-05    5.5375046985E-05    1.8628647092E-07
     43601.0890774633      -39.8705112000       -2.7825912477    5.5985632722E-05    5.5798861168E-05    1.8677155372E-07
     43601.1890774633      -39.7705112000       -2.7778710724    5.6412667583E-05    5.6225431507E-05    1.8723607590E-07
     43601.2890774633      -39.6705112000       -2.7731428629    5.6842754266E-05    5.6655076402E-05    1.8767786394E-07
     43601.3890774633      -39.5705112000       -2.7684065780    5.7275683746E-05    5.7087586150E-05    1.8809759529E-07
     43601.4890774633      -39.4705112000       -2.7636620222    5.7712899043E-05    5.7524404933E-05    1.8849410985E-07
     43601.5890774633      -39.3705112000       -2.7589093071    5.8153092412E-05    5.7964227487E-05    1.8886492493E-07
     43601.6890774633      -39.2705112000       -2.7541485450    5.8595745015E-05    5.8406534228E-05    1.8921078760E-07
     43601.7890774633      -39.1705112000       -2.7493792296    5.9041167060E-05    5.8851638023E-05    1.8952903730E-07
     43601.8890774633      -39.0705112000       -2.7446019368    5.9490022630E-05    5.9300202373E-05    1.8982025747E-07
     43601.9890774633      -38.9705112000       -2.7398161586    5.9941776918E-05    5.9751695318E-05    1.9008160043E-07
     43602.0890774633      -38.8705112000       -2.7350221619    6.0397152445E-05    6.0206838717E-05    1.9031372748E-07
     43602.1890774633      -38.7705112000       -2.7302195915    6.0853789755E-05    6.0663276034E-05    1.9051372078E-07
     43602.2890774633      -38.6705112000       -2.7254087145    6.1313919502E-05    6.1123237277E-05    1.9068222466E-07
     43602.3890774633      -38.5705112000       -2.7205891738    6.1777624706E-05    6.1586808485E-05    1.9081622084E-07
     43602.4890774633      -38.4705112000       -2.7157610802    6.2243512276E-05    6.2052596114E-05    1.9091616207E-07
     43602.5890774633      -38.3705112000       -2.7109245448    6.2711934299E-05    6.2520953799E-05    1.9098049969E-07
     43602.6890774633      -38.2705112000       -2.7060793652    6.3182530616E-05    6.2991522840E-05    1.9100777631E-07
     43602.7890774633      -38.1705112000       -2.7012253372    6.3655822380E-05    6.3464825556E-05    1.9099682443E-07
     43602.8890774633      -38.0705112000       -2.6963627289    6.4130907128E-05    6.3939960823E-05    1.9094630566E-07
     43602.9890774633      -37.9705112000       -2.6914911773    6.4609089084E-05    6.4418234275E-05    1.9085480850E-07
     43603.0890774633      -37.8705112000       -2.6866107923    6.5088905278E-05    6.4898182558E-05    1.9072272048E-07
     43603.1890774633      -37.7705112000       -2.6817216844    6.5571121712E-05    6.5380575343E-05    1.9054636884E-07
     43603.2890774633      -37.6705112000       -2.6768236467    6.6055218058E-05    6.5864891626E-05    1.9032643224E-07
     43603.3890774633      -37.5705112000       -2.6719164709    6.6541477858E-05    6.6351416828E-05    1.9006103081E-07
     43603.4890774633      -37.4705112000       -2.6670003458    6.7028840997E-05    6.6839090753E-05    1.8975024359E-07
     43603.5890774633      -37.3705112000       -2.6620749822    6.7518384507E-05    6.7328992551E-05    1.8939195618E-07
     43603.6890774633      -37.2705112000       -2.6571408892    6.8009228520E-05    6.7820243669E-05    1.8898485105E-07
     43603.7890774633      -37.1705112000       -2.6521972158    6.8501953580E-05    6.8313426143E-05    1.8852743682E-07
     43603.8890774633      -37.0705112000       -2.6472443905    6.8995914373E-05    6.8807894378E-05    1.8801999538E-07
     43603.9890774633      -36.9705112000       -2.6422825231    6.9490482571E-05    6.9303022221E-05    1.8746034973E-07
     43604.0890774633      -36.8705112000       -2.6373109976    6.9986414786E-05    6.9799565821E-05    1.8684896552E-07
     43604.1890774633      -36.7705112000       -2.6323304061    7.0483429730E-05    7.0297246370E-05    1.8618335998E-07
     43604.2890774633      -36.6705112000       -2.6273402110    7.0981062688E-05    7.0795598421E-05    1.8546426674E-07
     43604.3890774633      -36.5705112000       -2.6223404386    7.1479085984E-05    7.1294396794E-05    1.8468918999E-07
     43604.4890774633      -36.4705112000       -2.6173310341    7.1977472657E-05    7.1793614107E-05    1.8385854991E-07
     43604.5890774633      -36.3705112000       -2.6123121864    7.2475885337E-05    7.2292912833E-05    1.8297250489E-07
     43604.6890774633      -36.2705112000       -2.6072836779    7.2975186383E-05    7.2793158005E-05    1.8202837789E-07
     43604.7890774633      -36.1705112000       -2.6022454524    7.3473213614E-05    7.3292186732E-05    1.8102688170E-07
     43604.8890774633      -36.0705112000       -2.5971975353    7.3972054876E-05    7.3792086862E-05    1.7996801456E-07
     43604.9890774633      -35.9705112000       -2.5921397059    7.4470023297E-05    7.4291171582E-05    1.7885171438E-07
     43605.0890774633      -35.8705112000       -2.5870719882    7.4967320584E-05    7.4789645270E-05    1.7767531418E-07
     43605.1890774633      -35.7705112000       -2.5819943241    7.5463555096E-05    7.5287112449E-05    1.7644264738E-07
     43605.2890774633      -35.6705112000       -2.5769064895    7.5958580355E-05    7.5783430070E-05    1.7515028462E-07
     43605.3890774633      -35.5705112000       -2.5718088379    7.6452789001E-05    7.6278989802E-05    1.7379919970E-07
     43605.4890774633      -35.4705112000       -2.5667009792    7.6945254386E-05    7.6772861900E-05    1.7239248581E-07
     43605.5890774633      -35.3705112000       -2.5615830183    7.7436143192E-05    7.7265216740E-05    1.7092645206E-07
     43605.6890774633      -35.2705112000       -2.5564546449    7.7925285249E-05    7.7755880102E-05    1.6940514684E-07
     43605.7890774633      -35.1705112000       -2.5513159630    7.8412036373E-05    7.8244208142E-05    1.6782823167E-07
     43605.8890774633      -35.0705112000       -2.5461671610    7.8896397842E-05    7.8730201861E-05    1.6619598144E-07
     43605.9890774633      -34.9705112000       -2.5410077586    7.9378482035E-05    7.9213972917E-05    1.6450911761E-07
     43606.0890774633      -34.8705112000       -2.5358376910    7.9857139683E-05    7.9694368635E-05    1.6277104850E-07
     43606.1890774633      -34.7705112000       -2.5306573135    8.0333208396E-05    8.0172223834E-05    1.6098456207E-07
     43606.2890774633      -34.6705112000       -2.5254661412    8.0805770701E-05    8.0646625155E-05    1.5914554582E-07
     43606.3890774633      -34.5705112000       -2.5202643607    8.1274314662E-05    8.1117051908E-05    1.5726275410E-07
     43606.4890774633      -34.4705112000       -2.5150517369    8.1739661001E-05    8.1584326400E-05    1.5533460093E-07
     43606.5890774633      -34.3705112000       -2.5098283720    8.2201139559E-05    8.2047774454E-05    1.5336510576E-07
     43606.6890774633      -34.2705112000       -2.5045941987    8.2657355547E-05    8.2506000995E-05    1.5135455237E-07
     43606.7890774633      -34.1705112000       -2.4993488936    8.3109682726E-05    8.2960372087E-05    1.4931063836E-07
     43606.8890774633      -34.0705112000       -2.4940928131    8.3556326099E-05    8.3409094113E-05    1.4723198570E-07
     43606.9890774633      -33.9705112000       -2.4888252905    8.3998255579E-05    8.3853131882E-05    1.4512369698E-07
     43607.0890774633      -33.8705112000       -2.4835469384    8.4434548283E-05    8.4291558342E-05    1.4298994098E-07
     43607.1890774633      -33.7705112000       -2.4782570866    8.4865471162E-05    8.4724633746E-05    1.4083741552E-07
     43607.2890774633      -33.6705112000       -2.4729559193    8.5290332657E-05    8.5151667601E-05    1.3866505571E-07
     43607.3890774633      -33.5705112000       -2.4676435363    8.5708427052E-05    8.5571944639E-05    1.3648241268E-07
     43607.4890774633      -33.4705112000       -2.4623194326    8.6120959248E-05    8.5986666863E-05    1.3429238518E-07
     43607.5890774633      -33.3705112000       -2.4569840519    8.6525645065E-05    8.6393545881E-05    1.3209918461E-07
     43607.6890774633      -33.2705112000       -2.4516369733    8.6923752920E-05    8.6793841315E-05    1.2991160548E-07
     43607.7890774633      -33.1705112000       -2.4462782070    8.7313941384E-05    8.7186205388E-05    1.2773599603E-07
     43607.8890774633      -33.0705112000       -2.4409076762    8.7697231604E-05    8.7571656328E-05    1.2557527574E-07
     43607.9890774633      -32.9705112000       -2.4355253029    8.8072092198E-05    8.7948656602E-05    1.2343559512E-07
     43608.0890774633      -32.8705112000       -2.4301309209    8.8439139541E-05    8.8317809455E-05    1.2133008594E-07
     43608.1890774633      -32.7705112000       -2.4247248012    8.8797890747E-05    8.8678631040E-05    1.1925970687E-07
     43608.2890774633      -32.6705112000       -2.4193062492    8.9147252799E-05    8.9030014144E-05    1.1723865522E-07
     43608.3890774633      -32.5705112000       -2.4138756222    8.9488097439E-05    8.9372828884E-05    1.1526855464E-07
     43608.4890774633      -32.4705112000       -2.4084330151    8.9818869531E-05    8.9705509565E-05    1.1335996599E-07
     43608.5890774633      -32.3705112000       -2.4029778151    9.0140930801E-05    9.0029408972E-05    1.1152182914E-07
     43608.6890774633      -32.2705112000       -2.3975102026    9.0453032455E-05    9.0343265892E-05    1.0976656257E-07
     43608.7890774633      -32.1705112000       -2.3920302705    9.0754760723E-05    9.0646660734E-05    1.0809998842E-07
     43608.8890774633      -32.0705112000       -2.3865376662    9.1046676515E-05    9.0940145288E-05    1.0653122723E-07
     43608.9890774633      -31.9705112000       -2.3810323916    9.1327842007E-05    9.1222767926E-05    1.0507408129E-07
     43609.0890774633      -31.8705112000       -2.3755143584    9.1598142185E-05    9.1494407182E-05    1.0373500333E-07
     43609.1890774633      -31.7705112000       -2.3699834777    9.1857145643E-05    9.1754621340E-05    1.0252430284E-07
     43609.2890774633      -31.6705112000       -2.3644394792    9.2105335402E-05    9.2003875353E-05    1.0146004897E-07
     43609.3890774633      -31.5705112000       -2.3588827215    9.2342041696E-05    9.2241495475E-05    1.0054622187E-07
     43609.4890774633      -31.4705112000       -2.3533128430    9.2566813516E-05    9.2467016510E-05    9.9797006679E-08
     43609.5890774633      -31.3705112000       -2.3477296596    9.2779745513E-05    9.2680524023E-05    9.9221489827E-08
     43609.6890774633      -31.2705112000       -2.3421329852    9.2981282624E-05    9.2882444856E-05    9.8837768135E-08
     43609.7890774633      -31.1705112000       -2.3365232696    9.3170390363E-05    9.3071739536E-05    9.8650826994E-08
     43609.8890774633      -31.0705112000       -2.3308997793    9.3346939528E-05    9.3248259450E-05    9.8680077942E-08
     43609.9890774633      -30.9705112000       -2.3252627805    9.3510141780E-05    9.3411207724E-05    9.8934055849E-08
     43610.0890774633      -30.8705112000       -2.3196119913    9.3661605687E-05    9.3562183615E-05    9.9422071666E-08
     43610.1890774633      -30.7705112000       -2.3139474946    9.3799856023E-05    9.3699691493E-05    1.0016453026E-07
     43610.2890774633      -30.6705112000       -2.3082690972    9.3924784561E-05    9.3823611642E-05    1.0117291920E-07
     43610.3890774633      -30.5705112000       -2.3025766039    9.4037093873E-05    9.3934640451E-05    1.0245342135E-07
     43610.4890774633      -30.4705112000       -2.2968702805    9.4136079402E-05    9.4032049507E-05    1.0402989483E-07
     43610.5890774633      -30.3705112000       -2.2911494664    9.4221075544E-05    9.4115171968E-05    1.0590357595E-07
     43610.6890774633      -30.2705112000       -2.2854144252    9.4293447763E-05    9.4185351809E-05    1.0809595421E-07
     43610.7890774633      -30.1705112000       -2.2796650495    9.4351791650E-05    9.4241172775E-05    1.1061887479E-07
     43610.8890774633      -30.0705112000       -2.2739009498    9.4396165630E-05    9.4282684455E-05    1.1348117481E-07
     43610.9890774633      -29.9705112000       -2.2681222954    9.4427245218E-05    9.4310545743E-05    1.1669947482E-07
     43611.0890774633      -29.8705112000       -2.2623289748    9.4444986900E-05    9.4324703996E-05    1.2028290384E-07
     43611.1890774633      -29.7705112000       -2.2565204976    9.4448117611E-05    9.4323869645E-05    1.2424796617E-07
     43611.2890774633      -29.6705112000       -2.2506972195    9.4438035164E-05    9.4309429189E-05    1.2860597568E-07
     43611.3890774633      -29.5705112000       -2.2448588355    9.4413387602E-05    9.4280018759E-05    1.3336884283E-07
     43611.4890774633      -29.4705112000       -2.2390053225    9.4375527149E-05    9.4236980165E-05    1.3854698416E-07
     43611.5890774633      -29.3705112000       -2.2331362757    9.4323830900E-05    9.4179682240E-05    1.4414866000E-07
     43611.6890774633      -29.2705112000       -2.2272519546    9.4258356356E-05    9.4108165963E-05    1.5019039212E-07
     43611.7890774633      -29.1705112000       -2.2213517586    9.4179146793E-05    9.4022463578E-05    1.5668321439E-07
     43611.8890774633      -29.0705112000       -2.2154361373    9.4086271683E-05    9.3922641695E-05    1.6362998787E-07
     43611.9890774633      -28.9705112000       -2.2095044852    9.3979728841E-05    9.3808683303E-05    1.7104553819E-07
     43612.0890774633      -28.8705112000       -2.2035570592    9.3859588142E-05    9.3680650206E-05    1.7893793644E-07
     43612.1890774633      -28.7705112000       -2.1975933439    9.3725972978E-05    9.3538657297E-05    1.8731568092E-07
     43612.2890774633      -28.6705112000       -2.1916134975    9.3578907761E-05    9.3382721497E-05    1.9618626362E-07
     43612.3890774633      -28.5705112000       -2.1856171930    9.3418475464E-05    9.3212918666E-05    2.0555679794E-07
     43612.4890774633      -28.4705112000       -2.1796046850    9.3244731659E-05    9.3029298072E-05    2.1543358627E-07
     43612.5890774633      -28.3705112000       -2.1735752517    9.3058440592E-05    9.2832618004E-05    2.2582258770E-07
     43612.6890774633      -28.2705112000       -2.1675291445    9.2859012163E-05    9.2622283668E-05    2.3672849575E-07
     43612.7890774633      -28.1705112000       -2.1614661250    9.2647176686E-05    9.2399020804E-05    2.4815588192E-07
     43612.8890774633      -28.0705112000       -2.1553860506    9.2423060700E-05    9.2162952778E-05    2.6010792180E-07
     43612.9890774633      -27.9705112000       -2.1492887764    9.2186084874E-05    9.1913497879E-05    2.7258699499E-07
     43613.0890774633      -27.8705112000       -2.1431739571    9.1936910276E-05    9.1651315411E-05    2.8559486460E-07
     43613.1890774633      -27.7705112000       -2.1370418405    9.1675953929E-05    9.1376822834E-05    2.9913109529E-07
     43613.2890774633      -27.6705112000       -2.1308920774    9.1402992553E-05    9.1089795555E-05    3.1319699863E-07
     43613.3890774633      -27.5705112000       -2.1247246148    9.1118905917E-05    9.0791110837E-05    3.2779508057E-07
     43613.4890774633      -27.4705112000       -2.1185389966    9.0823121189E-05    9.0480204094E-05    3.4291709548E-07
     43613.5890774633      -27.3705112000       -2.1123354666    9.0516312432E-05    9.0157751367E-05    3.5856106512E-07
     43613.6890774633      -27.2705112000       -2.1061134621    9.0198550028E-05    8.9823822750E-05    3.7472727815E-07
     43613.7890774633      -27.1705112000       -2.0998731230    8.9870746237E-05    8.9479336912E-05    3.9140932500E-07
     43613.8890774633      -27.0705112000       -2.0936141837    8.9531999424E-05    8.9123399937E-05    4.0859948687E-07
     43613.9890774633      -26.9705112000       -2.0873364768    8.9183985955E-05    8.8757693915E-05    4.2629203995E-07
     43614.0890774633      -26.8705112000       -2.0810399349    8.8825758195E-05    8.8381275956E-05    4.4448223846E-07
     43614.1890774633      -26.7705112000       -2.0747241812    8.8457683883E-05    8.7994526068E-05    4.6315781517E-07
     43614.2890774633      -26.6705112000       -2.0683890398    8.8080806822E-05    8.7598496581E-05    4.8231024120E-07
     43614.3890774633      -26.5705112000       -2.0620345383    8.7694560634E-05    8.7192631083E-05    5.0192955164E-07
     43614.4890774633      -26.4705112000       -2.0556603938    8.7299912845E-05    8.6777908172E-05    5.2200467249E-07
     43614.5890774633      -26.3705112000       -2.0492663191    8.6897368187E-05    8.6354845464E-05    5.4252272301E-07
     43614.6890774633      -26.2705112000       -2.0428523353    8.6485586747E-05    8.5922117338E-05    5.6346940854E-07
     43614.7890774633      -26.1705112000       -2.0364182544    8.6066338637E-05    8.5481505504E-05    5.8483313278E-07
     43614.8890774633      -26.0705112000       -2.0299635708    8.5640589892E-05    8.5033988356E-05    6.0660153628E-07
     43614.9890774633      -25.9705112000       -2.0234882976    8.5206818344E-05    8.4578062808E-05    6.2875553655E-07
     43615.0890774633      -25.8705112000       -2.0169923421    8.4766165437E-05    8.4114889597E-05    6.5127584061E-07
     43615.1890774633      -25.7705112000       -2.0104753979    8.4319158412E-05    8.3645005255E-05    6.7415315761E-07
     43615.2890774633      -25.6705112000       -2.0039373664    8.3865336324E-05    8.3167969490E-05    6.9736683310E-07
     43615.3890774633      -25.5705112000       -1.9973778275    8.3406425492E-05    8.2685532406E-05    7.2089308592E-07
     43615.4890774633      -25.4705112000       -1.9907966756    8.2941320219E-05    8.2196600523E-05    7.4471969589E-07
     43615.5890774633      -25.3705112000       -1.9841936954    8.2470465772E-05    8.1701638289E-05    7.6882748268E-07
     43615.6890774633      -25.2705112000       -1.9775686684    8.1995034191E-05    8.1201842103E-05    7.9319208821E-07
     43615.7890774633      -25.1705112000       -1.9709213723    8.1515138542E-05    8.0697341224E-05    8.1779731762E-07
     43615.8890774633      -25.0705112000       -1.9642514726    8.1029944519E-05    8.0187324874E-05    8.4261964507E-07
     43615.9890774633      -24.9705112000       -1.9575590644    8.0541079552E-05    7.9673438434E-05    8.6764111780E-07
     43616.0890774633      -24.8705112000       -1.9508434797    8.0048392636E-05    7.9155557393E-05    8.9283524309E-07
     43616.1890774633      -24.7705112000       -1.9441048068    7.9551463587E-05    7.8633282682E-05    9.1818090478E-07
     43616.2890774633      -24.6705112000       -1.9373425850    7.9051969733E-05    7.8108310533E-05    9.4365920005E-07
     43616.3890774633      -24.5705112000       -1.9305568976    7.8548665955E-05    7.7579418258E-05    9.6924769737E-07
     43616.4890774633      -24.4705112000       -1.9237471643    7.8043316957E-05    7.7048393132E-05    9.9492382550E-07
     43616.5890774633      -24.3705112000       -1.9169132400    7.7534726033E-05    7.6514061742E-05    1.0206642917E-06
     43616.6890774633      -24.2705112000       -1.9100548649    7.7024085612E-05    7.5977641528E-05    1.0464440841E-06
     43616.7890774633      -24.1705112000       -1.9031716630    7.6511348990E-05    7.5439100022E-05    1.0722489677E-06
     43616.8890774633      -24.0705112000       -1.8962635883    7.5997637100E-05    7.4899585332E-05    1.0980517678E-06
     43616.9890774633      -23.9705112000       -1.8893303116    7.5481331436E-05    7.4357506065E-05    1.1238253709E-06
     43617.0890774633      -23.8705112000       -1.8823713850    7.4964724042E-05    7.3815169459E-05    1.1495545829E-06
     43617.1890774633      -23.7705112000       -1.8753866931    7.4446278716E-05    7.3271068289E-05    1.1752104267E-06
     43617.2890774633      -23.6705112000       -1.8683758899    7.3927405485E-05    7.2726631582E-05    1.2007739024E-06
     43617.3890774633      -23.5705112000       -1.8613385661    7.3408128444E-05    7.2181890009E-05    1.2262384347E-06
     43617.4890774633      -23.4705112000       -1.8542747067    7.2888483690E-05    7.1636927995E-05    1.2515556951E-06
     43617.5890774633      -23.3705112000       -1.8471837768    7.2368106121E-05    7.1091385341E-05    1.2767207799E-06
     43617.6890774633      -23.2705112000       -1.8400654635    7.1848361827E-05    7.0546636790E-05    1.3017250370E-06
     43617.7890774633      -23.1705112000       -1.8329196219    7.1329233943E-05    7.0002705424E-05    1.3265285189E-06
     43617.8890774633      -23.0705112000       -1.8257456956    7.0809584222E-05    6.9458472589E-05    1.3511116322E-06
     43617.9890774633      -22.9705112000       -1.8185434692    7.0291248453E-05    6.8915781863E-05    1.3754665892E-06
     43618.0890774633      -22.8705112000       -1.8113126640    6.9773402157E-05    6.8373823885E-05    1.3995782720E-06
     43618.1890774633      -22.7705112000       -1.8040528774    6.9256893968E-05    6.7833475337E-05    1.4234186301E-06
     43618.2890774633      -22.6705112000       -1.7967637579    6.8741150434E-05    6.7294186116E-05    1.4469643178E-06
     43618.3890774633      -22.5705112000       -1.7894449472    6.8227431799E-05    6.6757210726E-05    1.4702210729E-06
     43618.4890774633      -22.4705112000       -1.7820960198    6.7714394965E-05    6.6221242794E-05    1.4931521717E-06
     43618.5890774633      -22.3705112000       -1.7747167214    6.7203464368E-05    6.5687715038E-05    1.5157493295E-06
     43618.6890774633      -22.2705112000       -1.7673066114    6.6694777871E-05    6.5156779987E-05    1.5379978842E-06
     43618.7890774633      -22.1705112000       -1.7598653006    6.6187584195E-05    6.4627702969E-05    1.5598812260E-06
     43618.8890774633      -22.0705112000       -1.7523924522    6.5681931254E-05    6.4100530879E-05    1.5814003755E-06
     43618.9890774633      -21.9705112000       -1.7448874780    6.5179239042E-05    6.3576723600E-05    1.6025154415E-06
     43619.0890774633      -21.8705112000       -1.7373500231    6.4678670601E-05    6.3055436468E-05    1.6232341331E-06
     43619.1890774633      -21.7705112000       -1.7297798473    6.4180182466E-05    6.2536633526E-05    1.6435489401E-06
     43619.2890774633      -21.6705112000       -1.7221764574    6.3684153879E-05    6.2020716718E-05    1.6634371607E-06
     43619.3890774633      -21.5705112000       -1.7145392874    6.3191221400E-05    6.1508338588E-05    1.6828828115E-06
     43619.4890774633      -21.4705112000       -1.7068679461    6.2700614167E-05    6.0998726148E-05    1.7018880196E-06
     43619.5890774633      -21.3705112000       -1.6991619081    6.2212973503E-05    6.0492528352E-05    1.7204451512E-06
     43619.6890774633      -21.2705112000       -1.6914208250    6.1728445076E-05    5.9989899442E-05    1.7385456337E-06
     43619.7890774633      -21.1705112000       -1.6836440871    6.1246067890E-05    5.9489886973E-05    1.7561809175E-06
     43619.8890774633      -21.0705112000       -1.6758313884    6.0767549075E-05    5.8994220792E-05    1.7733282837E-06
     43619.9890774633      -20.9705112000       -1.6679819684    6.0292101504E-05    5.8502093440E-05    1.7900080634E-06
     43620.0890774633      -20.8705112000       -1.6600954986    5.9819433206E-05    5.8013230870E-05    1.8062023353E-06
     43620.1890774633      -20.7705112000       -1.6521713195    5.9350189853E-05    5.7528301698E-05    1.8218881556E-06
     43620.2890774633      -20.6705112000       -1.6442090801    5.8884823914E-05    5.7047721597E-05    1.8371023174E-06
     43620.3890774633      -20.5705112000       -1.6362080298    5.8422493918E-05    5.6570693581E-05    1.8518003367E-06
     43620.4890774633      -20.4705112000       -1.6281675962    5.7962996209E-05    5.6096991690E-05    1.8660045195E-06
     43620.5890774633      -20.3705112000       -1.6200872587    5.7507400596E-05    5.5627703918E-05    1.8796966783E-06
     43620.6890774633      -20.2705112000       -1.6119665493    5.7054914020E-05    5.5162025337E-05    1.8928886829E-06
     43620.7890774633      -20.1705112000       -1.6038045893    5.6606481512E-05    5.4700918866E-05    1.9055626469E-06
     43620.8890774633      -20.0705112000       -1.5956009458    5.6160882239E-05    5.4243150923E-05    1.9177313155E-06
     43620.9890774633      -19.9705112000       -1.5873549054    5.5719749566E-05    5.3790370386E-05    1.9293791803E-06
     43621.0890774633      -19.8705112000       -1.5790658039    5.5281558733E-05    5.3341039139E-05    1.9405195946E-06
     43621.1890774633      -19.7705112000       -1.5707329596    5.4847828506E-05    5.2896678885E-05    1.9511496216E-06
     43621.2890774633      -19.6705112000       -1.5623556045    5.4417090560E-05    5.2455833999E-05    1.9612565608E-06
     43621.3890774633      -19.5705112000       -1.5539332242    5.3990034720E-05    5.2019166673E-05    1.9708680470E-06
     43621.4890774633      -19.4705112000       -1.5454648759    5.3565967852E-05    5.1586013164E-05    1.9799546882E-06
     43621.5890774633      -19.3705112000       -1.5369497306    5.3146280679E-05    5.1157746546E-05    1.9885341333E-06
     43621.6890774633      -19.2705112000       -1.5283873543    5.2730586595E-05    5.0733980671E-05    1.9966059241E-06
     43621.7890774633      -19.1705112000       -1.5197766685    5.2318353226E-05    5.0314181851E-05    2.0041713747E-06
     43621.8890774633      -19.0705112000       -1.5111168475    5.1909201860E-05    4.9897957029E-05    2.0112448314E-06
     43621.9890774633      -18.9705112000       -1.5024071833    5.1504418146E-05    4.9486618950E-05    2.0177991954E-06
     43622.0890774633      -18.8705112000       -1.4936466613    5.1103301924E-05    4.9079449485E-05    2.0238524387E-06
     43622.1890774633      -18.7705112000       -1.4848345966    5.0705254767E-05    4.8675848193E-05    2.0294065745E-06
     43622.2890774633      -18.6705112000       -1.4759697774    5.0311181862E-05    4.8276715630E-05    2.0344662319E-06
     43622.3890774633      -18.5705112000       -1.4670513925    4.9920662756E-05    4.7881617640E-05    2.0390451154E-06
     43622.4890774633      -18.4705112000       -1.4580786051    4.9533075703E-05    4.7489959127E-05    2.0431165763E-06
     43622.5890774633      -18.3705112000       -1.4490501841    4.9149971280E-05    4.7103253875E-05    2.0467174050E-06
     43622.6890774633      -18.2705112000       -1.4399650831    4.8770688664E-05    4.6720858487E-05    2.0498301768E-06
     43622.7890774633      -18.1705112000       -1.4308223713    4.8394540069E-05    4.6342077324E-05    2.0524627447E-06
     43622.8890774633      -18.0705112000       -1.4216208621    4.8021279377E-05    4.5966652063E-05    2.0546273139E-06
     43622.9890774633      -17.9705112000       -1.4123593311    4.7652227795E-05    4.5595923744E-05    2.0563040511E-06
     43623.0890774633      -17.8705112000       -1.4030367413    4.7286711757E-05    4.5229186729E-05    2.0575250280E-06
     43623.1890774633      -17.7705112000       -1.3936517912    4.6924130655E-05    4.4865854283E-05    2.0582763728E-06
     43623.2890774633      -17.6705112000       -1.3842032890    4.6565392361E-05    4.4506825432E-05    2.0585669285E-06
     43623.3890774633      -17.5705112000       -1.3746896148    4.6209468439E-05    4.4151060528E-05    2.0584079105E-06
     43623.4890774633      -17.4705112000       -1.3651097958    4.5857093490E-05    4.3799312211E-05    2.0577812789E-06
     43623.5890774633      -17.3705112000       -1.3554622724    4.5508772205E-05    4.3452052296E-05    2.0567199089E-06
     43623.6890774633      -17.2705112000       -1.3457455886    4.5162713324E-05    4.3107501083E-05    2.0552122415E-06
     43623.7890774633      -17.1705112000       -1.3359582354    4.4820386127E-05    4.2767114833E-05    2.0532712942E-06
     43623.8890774633      -17.0705112000       -1.3260986079    4.4481390377E-05    4.2430509009E-05    2.0508813679E-06
     43623.9890774633      -16.9705112000       -1.3161652030    4.4145212460E-05    4.2097138898E-05    2.0480735623E-06
     43624.0890774633      -16.8705112000       -1.3061560932    4.3812331281E-05    4.1767494191E-05    2.0448370895E-06
     43624.1890774633      -16.7705112000       -1.2960698529    4.3482659488E-05    4.1441474070E-05    2.0411854179E-06
     43624.2890774633      -16.6705112000       -1.2859044190    4.3155586984E-05    4.1118482941E-05    2.0371040432E-06
     43624.3890774633      -16.5705112000       -1.2756579815    4.2831704089E-05    4.0799084010E-05    2.0326200784E-06
     43624.4890774633      -16.4705112000       -1.2653286568    4.2511064400E-05    4.0483344552E-05    2.0277198483E-06
     43624.5890774633      -16.3705112000       -1.2549141860    4.2193183378E-05    4.0170748805E-05    2.0224345723E-06
     43624.6890774633      -16.2705112000       -1.2444126452    4.1878473080E-05    3.9861724130E-05    2.0167489496E-06
     43624.7890774633      -16.1705112000       -1.2338217681    4.1566270066E-05    3.9555591127E-05    2.0106789398E-06
     43624.8890774633      -16.0705112000       -1.2231391035    4.1257134310E-05    3.9252924155E-05    2.0042101547E-06
     43624.9890774633      -15.9705112000       -1.2123624006    4.0950456603E-05    3.8953085257E-05    1.9973713455E-06
     43625.0890774633      -15.8705112000       -1.2014889076    4.0646841182E-05    3.8656677268E-05    1.9901639133E-06
     43625.1890774633      -15.7705112000       -1.1905161958    4.0345679342E-05    3.8363097645E-05    1.9825816969E-06
     43625.2890774633      -15.6705112000       -1.1794413607    4.0047110609E-05    3.8072464840E-05    1.9746457693E-06
     43625.3890774633      -15.5705112000       -1.1682616348    3.9751377471E-05    3.7785027351E-05    1.9663501196E-06
     43625.4890774633      -15.4705112000       -1.1569737473    3.9458140375E-05    3.7500427405E-05    1.9577129700E-06
     43625.5890774633      -15.3705112000       -1.1455747332    3.9167591438E-05    3.7218864988E-05    1.9487264502E-06
     43625.6890774633      -15.2705112000       -1.1340611477    3.8879232920E-05    3.6939816453E-05    1.9394164665E-06
     43625.7890774633      -15.1705112000       -1.1224294177    3.8593669732E-05    3.6663889191E-05    1.9297805407E-06
     43625.8890774633      -15.0705112000       -1.1106758793    3.8310023916E-05    3.6390207725E-05    1.9198161908E-06
     43625.9890774633      -14.9705112000       -1.0987966719    3.8029485966E-05    3.6119940963E-05    1.9095450036E-06
     43626.0890774633      -14.8705112000       -1.0867876258    3.7750475630E-05    3.5851509134E-05    1.8989664962E-06
     43626.1890774633      -14.7705112000       -1.0746443882    3.7474390204E-05    3.5586296464E-05    1.8880937399E-06
     43626.2890774633      -14.6705112000       -1.0623623074    3.7200724471E-05    3.5323786492E-05    1.8769379781E-06
     43626.3890774633      -14.5705112000       -1.0499365615    3.6928546574E-05    3.5063052151E-05    1.8654944239E-06
     43626.4890774633      -14.4705112000       -1.0373620906    3.6658678255E-05    3.4804898776E-05    1.8537794799E-06
     43626.5890774633      -14.3705112000       -1.0246331595    3.6391877554E-05    3.4550070548E-05    1.8418070061E-06
     43626.6890774633      -14.2705112000       -1.0117441488    3.6126761022E-05    3.4297179610E-05    1.8295814121E-06
     43626.7890774633      -14.1705112000       -0.9986889138    3.5863876221E-05    3.4046777304E-05    1.8170989171E-06
     43626.8890774633      -14.0705112000       -0.9854606861    3.5602602511E-05    3.3798218438E-05    1.8043840729E-06
     43626.9890774633      -13.9705112000       -0.9720524034    3.5343529854E-05    3.3552079907E-05    1.7914499467E-06
     43627.0890774633      -13.8705112000       -0.9584566200    3.5086621713E-05    3.3308327871E-05    1.7782938421E-06
     43627.1890774633      -13.7705112000       -0.9446651558    3.4831770562E-05    3.3066841312E-05    1.7649292503E-06
     43627.2890774633      -13.6705112000       -0.9306692831    3.4578771500E-05    3.2827403442E-05    1.7513680581E-06
     43627.3890774633      -13.5705112000       -0.9164598109    3.4327545169E-05    3.2589938978E-05    1.7376061909E-06
     43627.4890774633      -13.4705112000       -0.9020264387    3.4079023073E-05    3.2355356563E-05    1.7236665106E-06
     43627.5890774633      -13.3705112000       -0.8873583607    3.3831633608E-05    3.2122065825E-05    1.7095677821E-06
     43627.6890774633      -13.2705112000       -0.8724437390    3.3586230564E-05    3.1890926867E-05    1.6953036974E-06
     43627.7890774633      -13.1705112000       -0.8572696437    3.3343045973E-05    3.1662161466E-05    1.6808845072E-06
     43627.8890774633      -13.0705112000       -0.8418220435    3.3100966794E-05    3.1434635781E-05    1.6663310124E-06
     43627.9890774633      -12.9705112000       -0.8260856597    3.2861537468E-05    3.1209892530E-05    1.6516449381E-06
     43628.0890774633      -12.8705112000       -0.8100436294    3.2623115875E-05    3.0986281139E-05    1.6368347362E-06
     43628.1890774633      -12.7705112000       -0.7936774527    3.2387105223E-05    3.0765188741E-05    1.6219164823E-06
     43628.2890774633      -12.6705112000       -0.7769666121    3.2152705667E-05    3.0545799938E-05    1.6069057291E-06
     43628.3890774633      -12.5705112000       -0.7598883343    3.1919877271E-05    3.0328075264E-05    1.5918020068E-06
     43628.4890774633      -12.4705112000       -0.7424172983    3.1688429091E-05    3.0111816557E-05    1.5766125343E-06
     43628.5890774633      -12.3705112000       -0.7245250921    3.1458663757E-05    2.9897308900E-05    1.5613548568E-06
     43628.6890774633      -12.2705112000       -0.7061796655    3.1231432796E-05    2.9685394171E-05    1.5460386250E-06
     43628.7890774633      -12.1705112000       -0.6873448074    3.1005034559E-05    2.9474358238E-05    1.5306763208E-06
     43628.8890774633      -12.0705112000       -0.6679791177    3.0780679223E-05    2.9265398539E-05    1.5152806836E-06
     43628.9890774633      -11.9705112000       -0.6480349265    3.0558088764E-05    2.9058245198E-05    1.4998435656E-06
     43629.0890774633      -11.8705112000       -0.6274570930    3.0336530077E-05    2.8852134377E-05    1.4843956998E-06
     43629.1890774633      -11.7705112000       -0.6061812003    3.0117196589E-05    2.8648268483E-05    1.4689281063E-06
     43629.2890774633      -11.6705112000       -0.5841308174    2.9898845808E-05    2.8445378418E-05    1.4534673904E-06
     43629.3890774633      -11.5705112000       -0.5612147089    2.9682005406E-05    2.8243977439E-05    1.4380279665E-06
     43629.4890774633      -11.4705112000       -0.5373221941    2.9467004220E-05    2.8044410340E-05    1.4225938792E-06
     43629.5890774633      -11.3705112000       -0.5123165798    2.9253824307E-05    2.7846629741E-05    1.4071945664E-06
     43629.6890774633      -11.2705112000       -0.4860262017    2.9042102207E-05    2.7650262323E-05    1.3918398837E-06
     43629.7890774633      -11.1705112000       -0.4582299055    2.8831364876E-05    2.7454831179E-05    1.3765336962E-06
     43629.8890774633      -11.0705112000       -0.4286348218    2.8622172869E-05    2.7260893025E-05    1.3612798445E-06
     43629.9890774633      -10.9705112000       -0.3968387263    2.8414558757E-05    2.7068452823E-05    1.3461059342E-06
     43630.0890774633      -10.8705112000       -0.3622625460    2.8208419751E-05    2.6877433924E-05    1.3309858272E-06
     43630.1890774633      -10.7705112000       -0.3240174632    2.8003147179E-05    2.6687209791E-05    1.3159373877E-06
     43630.2890774633      -10.6705112000       -0.2806073544    2.7798676204E-05    2.6497734036E-05    1.3009421678E-06
     43630.3890774633      -10.5705112000       -0.2291149527    2.7595607282E-05    2.6309628376E-05    1.2859789064E-06
     43630.4890774633      -10.4705112000       -0.1620087316    2.7392169841E-05    2.6121263673E-05    1.2709061675E-06
     43630.5890774633      -10.3705112000        0.0000000000    2.7185896587E-05    2.5930804527E-05    1.2550920597E-06
     43630.6890774633      -10.2705112000        0.1620087316    2.6986525323E-05    2.5748781893E-05    1.2377434293E-06
     43630.7890774633      -10.1705112000        0.2291149527    2.6792568512E-05    2.5570778586E-05    1.2217899257E-06
     43630.8890774633      -10.0705112000        0.2806073544    2.6601205287E-05    2.5394793384E-05    1.2064119029E-06
     43630.9890774833       -9.9705111800        0.3240174632    2.6411851636E-05    2.5220428332E-05    1.1914233035E-06
     43631.0890774833       -9.8705111800        0.3622625460    2.6224242490E-05    2.5047508611E-05    1.1767338791E-06
     43631.1890774833       -9.7705111800        0.3968387263    2.6038230965E-05    2.4875940023E-05    1.1622909416E-06
     43631.2890774833       -9.6705111800        0.4286348218    2.5853727165E-05    2.4705666201E-05    1.1480609647E-06
     43631.3890774833       -9.5705111800        0.4582299055    2.5670672671E-05    2.4536651024E-05    1.1340216476E-06
     43631.4890774833       -9.4705111800        0.4860262017    2.5489027981E-05    2.4368870144E-05    1.1201578374E-06
     43631.5890774833       -9.3705111800        0.5123165798    2.5308765600E-05    2.4202306425E-05    1.1064591747E-06
     43631.6890774833       -9.2705111800        0.5373221941    2.5129865928E-05    2.4036947309E-05    1.0929186190E-06
     43631.7890774833       -9.1705111800        0.5612147089    2.4952314686E-05    2.3872783216E-05    1.0795314699E-06
     43631.8890774833       -9.0705111800        0.5841308174    2.4776101224E-05    2.3709806536E-05    1.0662946884E-06
     43631.9890774833       -8.9705111800        0.6061812003    2.4601217396E-05    2.3548010981E-05    1.0532064147E-06
     43632.0890774833       -8.8705111800        0.6274570930    2.4427656777E-05    2.3387391161E-05    1.0402656164E-06
     43632.1890774833       -8.7705111800        0.6480349265    2.4255414130E-05    2.3227942299E-05    1.0274718307E-06
     43632.2890774833       -8.6705111800        0.6679791177    2.4084485018E-05    2.3069660045E-05    1.0148249730E-06
     43632.3890774833       -8.5705111800        0.6873448074    2.3914865540E-05    2.2912540345E-05    1.0023251946E-06
     43632.4890774833       -8.4705111800        0.7061796655    2.3746552138E-05    2.2756579360E-05    9.8997277848E-07
     43632.5890774833       -8.3705111800        0.7245250921    2.3579541459E-05    2.2601773398E-05    9.7776806084E-07
     43632.6890774833       -8.2705111800        0.7424172983    2.3413830257E-05    2.2448118881E-05    9.6571137542E-07
     43632.7890774833       -8.1705111800        0.7598883343    2.3249415321E-05    2.2295612309E-05    9.5380301260E-07
     43632.8890774833       -8.0705111800        0.7769666121    2.3086293428E-05    2.2144250237E-05    9.4204319100E-07
     43632.9890774833       -7.9705111800        0.7936774527    2.2924461300E-05    2.1994029262E-05    9.3043203806E-07
     43633.0890774833       -7.8705111800        0.8100436294    2.2763915583E-05    2.1844946005E-05    9.1896957748E-07
     43633.1890774833       -7.7705111800        0.8260856597    2.2604652821E-05    2.1696997099E-05    9.0765572195E-07
     43633.2890774833       -7.6705111800        0.8418220435    2.2446669450E-05    2.1550179180E-05    8.9649026955E-07
     43633.3890774833       -7.5705111800        0.8572696437    2.2289961776E-05    2.1404488873E-05    8.8547290312E-07
     43633.4890774833       -7.4705111800        0.8724437390    2.2134525978E-05    2.1259922786E-05    8.7460319170E-07
     43633.5890774833       -7.3705111800        0.8873583607    2.1980358094E-05    2.1116477501E-05    8.6388059343E-07
     43633.6890774833       -7.2705111800        0.9020264387    2.1827454020E-05    2.0974149560E-05    8.5330445954E-07
     43633.7890774833       -7.1705111800        0.9164598109    2.1675809504E-05    2.0832935465E-05    8.4287403907E-07
     43633.8890774833       -7.0705111800        0.9306692831    2.1525420148E-05    2.0692831664E-05    8.3258848405E-07
     43633.9890774833       -6.9705111800        0.9446651558    2.1376281400E-05    2.0553834545E-05    8.2244685501E-07
     43634.0890774833       -6.8705111800        0.9584566200    2.1228388556E-05    2.0415940430E-05    8.1244812661E-07
     43634.1890774833       -6.7705111800        0.9720524034    2.1081736761E-05    2.0279145568E-05    8.0259119334E-07
     43634.2890774833       -6.6705111800        0.9854606861    2.0936321006E-05    2.0143446131E-05    7.9287487513E-07
     43634.3890774833       -6.5705111800        0.9986889138    2.0792136126E-05    2.0008838203E-05    7.8329792302E-07
     43634.4890774833       -6.4705111800        1.0117441488    2.0649176808E-05    1.9875317783E-05    7.7385902455E-07
     43634.5890774833       -6.3705111800        1.0246331595    2.0507437584E-05    1.9742880775E-05    7.6455680907E-07
     43634.6890774833       -6.2705111800        1.0373620906    2.0366912837E-05    1.9611522984E-05    7.5538985295E-07
     43634.7890774833       -6.1705111800        1.0499365615    2.0227596801E-05    1.9481240117E-05    7.4635668445E-07
     43634.8890774833       -6.0705111800        1.0623623074    2.0089483565E-05    1.9352027777E-05    7.3745578853E-07
     43634.9890774833       -5.9705111800        1.0746443882    1.9952567072E-05    1.9223881461E-05    7.2868561144E-07
     43635.0890774833       -5.8705111800        1.0867876258    1.9816841126E-05    1.9096796561E-05    7.2004456506E-07
     43635.1890774833       -5.7705111800        1.0987966719    1.9682299389E-05    1.8970768358E-05    7.1153103107E-07
     43635.2890774833       -5.6705111800        1.1106758793    1.9548935391E-05    1.8845792026E-05    7.0314336499E-07
     43635.3890774833       -5.5705111800        1.1224294177    1.9416742527E-05    1.8721862627E-05    6.9487989988E-07
     43635.4890774833       -5.4705111800        1.1340611477    1.9285714068E-05    1.8598975118E-05    6.8673894999E-07
     43635.5890774833       -5.3705111800        1.1455747332    1.9155843156E-05    1.8477124342E-05    6.7871881416E-07
