# edge, bohr, edge*hart      -0.20943      0.52918     -5.69893
# ispec, ik0      2   301
 # ie, em(ie)*hart, xk(ie)
    1           -35.69893            -2.80607
    2           -35.59893            -2.80139
    3           -35.49893            -2.79670
    4           -35.39893            -2.79201
    5           -35.29893            -2.78730
    6           -35.19893            -2.78259
    7           -35.09893            -2.77787
    8           -34.99893            -2.77314
    9           -34.89893            -2.76841
   10           -34.79893            -2.76366
   11           -34.69893            -2.75891
   12           -34.59893            -2.75415
   13           -34.49893            -2.74938
   14           -34.39893            -2.74460
   15           -34.29893            -2.73982
   16           -34.19893            -2.73502
   17           -34.09893            -2.73022
   18           -33.99893            -2.72541
   19           -33.89893            -2.72059
   20           -33.79893            -2.71576
   21           -33.69893            -2.71092
   22           -33.59893            -2.70608
   23           -33.49893            -2.70123
   24           -33.39893            -2.69636
   25           -33.29893            -2.69149
   26           -33.19893            -2.68661
   27           -33.09893            -2.68172
   28           -32.99893            -2.67682
   29           -32.89893            -2.67192
   30           -32.79893            -2.66700
   31           -32.69893            -2.66208
   32           -32.59893            -2.65714
   33           -32.49893            -2.65220
   34           -32.39893            -2.64724
   35           -32.29893            -2.64228
   36           -32.19893            -2.63731
   37           -32.09893            -2.63233
   38           -31.99893            -2.62734
   39           -31.89893            -2.62234
   40           -31.79893            -2.61733
   41           -31.69893            -2.61231
   42           -31.59893            -2.60728
   43           -31.49893            -2.60225
   44           -31.39893            -2.59720
   45           -31.29893            -2.59214
   46           -31.19893            -2.58707
   47           -31.09893            -2.58199
   48           -30.99893            -2.57691
   49           -30.89893            -2.57181
   50           -30.79893            -2.56670
   51           -30.69893            -2.56158
   52           -30.59893            -2.55645
   53           -30.49893            -2.55132
   54           -30.39893            -2.54617
   55           -30.29893            -2.54101
   56           -30.19893            -2.53584
   57           -30.09893            -2.53066
   58           -29.99893            -2.52547
   59           -29.89893            -2.52026
   60           -29.79893            -2.51505
   61           -29.69893            -2.50983
   62           -29.59893            -2.50459
   63           -29.49893            -2.49935
   64           -29.39893            -2.49409
   65           -29.29893            -2.48883
   66           -29.19893            -2.48355
   67           -29.09893            -2.47826
   68           -28.99893            -2.47296
   69           -28.89893            -2.46764
   70           -28.79893            -2.46232
   71           -28.69893            -2.45698
   72           -28.59893            -2.45164
   73           -28.49893            -2.44628
   74           -28.39893            -2.44091
   75           -28.29893            -2.43553
   76           -28.19893            -2.43013
   77           -28.09893            -2.42472
   78           -27.99893            -2.41931
   79           -27.89893            -2.41388
   80           -27.79893            -2.40843
   81           -27.69893            -2.40298
   82           -27.59893            -2.39751
   83           -27.49893            -2.39203
   84           -27.39893            -2.38654
   85           -27.29893            -2.38103
   86           -27.19893            -2.37551
   87           -27.09893            -2.36998
   88           -26.99893            -2.36444
   89           -26.89893            -2.35888
   90           -26.79893            -2.35331
   91           -26.69893            -2.34773
   92           -26.59893            -2.34213
   93           -26.49893            -2.33652
   94           -26.39893            -2.33090
   95           -26.29893            -2.32526
   96           -26.19893            -2.31961
   97           -26.09893            -2.31395
   98           -25.99893            -2.30827
   99           -25.89893            -2.30258
  100           -25.79893            -2.29687
  101           -25.69893            -2.29115
  102           -25.59893            -2.28541
  103           -25.49893            -2.27966
  104           -25.39893            -2.27390
  105           -25.29893            -2.26812
  106           -25.19893            -2.26233
  107           -25.09893            -2.25652
  108           -24.99893            -2.25070
  109           -24.89893            -2.24486
  110           -24.79893            -2.23901
  111           -24.69893            -2.23314
  112           -24.59893            -2.22725
  113           -24.49893            -2.22135
  114           -24.39893            -2.21544
  115           -24.29893            -2.20950
  116           -24.19893            -2.20356
  117           -24.09893            -2.19759
  118           -23.99893            -2.19161
  119           -23.89893            -2.18562
  120           -23.79893            -2.17960
  121           -23.69893            -2.17358
  122           -23.59893            -2.16753
  123           -23.49893            -2.16147
  124           -23.39893            -2.15539
  125           -23.29893            -2.14929
  126           -23.19893            -2.14317
  127           -23.09893            -2.13704
  128           -22.99893            -2.13089
  129           -22.89893            -2.12472
  130           -22.79893            -2.11854
  131           -22.69893            -2.11234
  132           -22.59893            -2.10611
  133           -22.49893            -2.09987
  134           -22.39893            -2.09361
  135           -22.29893            -2.08734
  136           -22.19893            -2.08104
  137           -22.09893            -2.07472
  138           -21.99893            -2.06839
  139           -21.89893            -2.06203
  140           -21.79893            -2.05566
  141           -21.69893            -2.04927
  142           -21.59893            -2.04285
  143           -21.49893            -2.03642
  144           -21.39893            -2.02996
  145           -21.29893            -2.02349
  146           -21.19893            -2.01699
  147           -21.09893            -2.01048
  148           -20.99893            -2.00394
  149           -20.89893            -1.99738
  150           -20.79893            -1.99080
  151           -20.69893            -1.98419
  152           -20.59893            -1.97757
  153           -20.49893            -1.97092
  154           -20.39893            -1.96425
  155           -20.29893            -1.95756
  156           -20.19893            -1.95084
  157           -20.09893            -1.94410
  158           -19.99893            -1.93734
  159           -19.89893            -1.93056
  160           -19.79893            -1.92375
  161           -19.69893            -1.91691
  162           -19.59893            -1.91005
  163           -19.49893            -1.90317
  164           -19.39893            -1.89626
  165           -19.29893            -1.88933
  166           -19.19893            -1.88237
  167           -19.09893            -1.87539
  168           -18.99893            -1.86838
  169           -18.89893            -1.86134
  170           -18.79893            -1.85427
  171           -18.69893            -1.84718
  172           -18.59893            -1.84007
  173           -18.49893            -1.83292
  174           -18.39893            -1.82575
  175           -18.29893            -1.81854
  176           -18.19893            -1.81131
  177           -18.09893            -1.80405
  178           -17.99893            -1.79676
  179           -17.89893            -1.78944
  180           -17.79893            -1.78210
  181           -17.69893            -1.77472
  182           -17.59893            -1.76731
  183           -17.49893            -1.75987
  184           -17.39893            -1.75239
  185           -17.29893            -1.74489
  186           -17.19893            -1.73735
  187           -17.09893            -1.72978
  188           -16.99893            -1.72218
  189           -16.89893            -1.71454
  190           -16.79893            -1.70687
  191           -16.69893            -1.69916
  192           -16.59893            -1.69142
  193           -16.49893            -1.68364
  194           -16.39893            -1.67583
  195           -16.29893            -1.66798
  196           -16.19893            -1.66010
  197           -16.09893            -1.65217
  198           -15.99893            -1.64421
  199           -15.89893            -1.63621
  200           -15.79893            -1.62817
  201           -15.69893            -1.62009
  202           -15.59893            -1.61197
  203           -15.49893            -1.60380
  204           -15.39893            -1.59560
  205           -15.29893            -1.58735
  206           -15.19893            -1.57907
  207           -15.09893            -1.57073
  208           -14.99893            -1.56236
  209           -14.89893            -1.55393
  210           -14.79893            -1.54546
  211           -14.69893            -1.53695
  212           -14.59893            -1.52839
  213           -14.49893            -1.51978
  214           -14.39893            -1.51112
  215           -14.29893            -1.50241
  216           -14.19893            -1.49365
  217           -14.09893            -1.48483
  218           -13.99893            -1.47597
  219           -13.89893            -1.46705
  220           -13.79893            -1.45808
  221           -13.69893            -1.44905
  222           -13.59893            -1.43997
  223           -13.49893            -1.43082
  224           -13.39893            -1.42162
  225           -13.29893            -1.41236
  226           -13.19893            -1.40304
  227           -13.09893            -1.39365
  228           -12.99893            -1.38420
  229           -12.89893            -1.37469
  230           -12.79893            -1.36511
  231           -12.69893            -1.35546
  232           -12.59893            -1.34575
  233           -12.49893            -1.33596
  234           -12.39893            -1.32610
  235           -12.29893            -1.31617
  236           -12.19893            -1.30616
  237           -12.09893            -1.29607
  238           -11.99893            -1.28590
  239           -11.89893            -1.27566
  240           -11.79893            -1.26533
  241           -11.69893            -1.25491
  242           -11.59893            -1.24441
  243           -11.49893            -1.23382
  244           -11.39893            -1.22314
  245           -11.29893            -1.21236
  246           -11.19893            -1.20149
  247           -11.09893            -1.19052
  248           -10.99893            -1.17944
  249           -10.89893            -1.16826
  250           -10.79893            -1.15697
  251           -10.69893            -1.14557
  252           -10.59893            -1.13406
  253           -10.49893            -1.12243
  254           -10.39893            -1.11068
  255           -10.29893            -1.09880
  256           -10.19893            -1.08679
  257           -10.09893            -1.07464
  258            -9.99893            -1.06236
  259            -9.89893            -1.04994
  260            -9.79893            -1.03736
  261            -9.69893            -1.02463
  262            -9.59893            -1.01174
  263            -9.49893            -0.99869
  264            -9.39893            -0.98546
  265            -9.29893            -0.97205
  266            -9.19893            -0.95846
  267            -9.09893            -0.94467
  268            -8.99893            -0.93067
  269            -8.89893            -0.91646
  270            -8.79893            -0.90203
  271            -8.69893            -0.88736
  272            -8.59893            -0.87244
  273            -8.49893            -0.85727
  274            -8.39893            -0.84182
  275            -8.29893            -0.82609
  276            -8.19893            -0.81004
  277            -8.09893            -0.79368
  278            -7.99893            -0.77697
  279            -7.89893            -0.75989
  280            -7.79893            -0.74242
  281            -7.69893            -0.72453
  282            -7.59893            -0.70618
  283            -7.49893            -0.68734
  284            -7.39893            -0.66798
  285            -7.29893            -0.64803
  286            -7.19893            -0.62746
  287            -7.09893            -0.60618
  288            -6.99893            -0.58413
  289            -6.89893            -0.56121
  290            -6.79893            -0.53732
  291            -6.69893            -0.51232
  292            -6.59893            -0.48603
  293            -6.49893            -0.45823
  294            -6.39893            -0.42863
  295            -6.29893            -0.39684
  296            -6.19893            -0.36226
  297            -6.09893            -0.32402
  298            -5.99893            -0.28061
  299            -5.89893            -0.22911
  300            -5.79893            -0.16201
  301            -5.69893             0.00000
  302            -5.59893             0.16201
  303            -5.49893             0.22911
  304            -5.39893             0.28061
  305            -5.29893             0.32402
  306            -5.19893             0.36226
  307            -5.09893             0.39684
  308            -4.99893             0.42863
  309            -4.89893             0.45823
  310            -4.79893             0.48603
  311            -4.69893             0.51232
  312            -4.59893             0.53732
  313            -4.49893             0.56121
  314            -4.39893             0.58413
  315            -4.29893             0.60618
  316            -4.19893             0.62746
  317            -4.09893             0.64803
  318            -3.99893             0.66798
  319            -3.89893             0.68734
  320            -3.79893             0.70618
  321            -3.69893             0.72453
  322            -3.59893             0.74242
  323            -3.49893             0.75989
  324            -3.39893             0.77697
  325            -3.29893             0.79368
  326            -3.19893             0.81004
  327            -3.09893             0.82609
  328            -2.99893             0.84182
  329            -2.89893             0.85727
  330            -2.79893             0.87244
  331            -2.69893             0.88736
  332            -2.59893             0.90203
  333            -2.49893             0.91646
  334            -2.39893             0.93067
  335            -2.29893             0.94467
  336            -2.19893             0.95846
  337            -2.09893             0.97205
  338            -1.99893             0.98546
  339            -1.89893             0.99869
  340            -1.79893             1.01174
  341            -1.69893             1.02463
  342            -1.59893             1.03736
  343            -1.49893             1.04994
  344            -1.39893             1.06236
  345            -1.29893             1.07464
  346            -1.19893             1.08679
  347            -1.09893             1.09880
  348            -0.99893             1.11068
  349            -0.89893             1.12243
  350            -0.79893             1.13406
  351            -0.69893             1.14557
  352            -5.69893             0.00000
  353            -5.69893             0.00000
  354            -5.69893             0.00000
  355            -5.69893             0.00000
  356            -5.69893             0.00000
  357            -5.69893             0.00000
  358            -5.69893             0.00000
  359            -5.69893             0.00000
  360            -5.69893             0.00000
  361            -5.69893             0.00000
  362            -5.69893             0.00000
  363            -5.69893             0.00000
  364            -5.69893             0.00000
  365            -5.69893             0.00000
  366            -5.69893             0.00000
  367            -5.69893             0.00000
  368            -5.69893             0.00000
  369            -5.69893             0.00000
  370            -5.69893             0.00000
  371            -5.69893             0.00000
  372            -5.69893             0.00000
