# # Once                                                         FEFF 10.0.0 
# # POT  SCF  30  3.0000   0, NO core-hole, AFOLP (folp(0)= 1.150)
# # Abs   Z=28 Rmt= 1.353 Rnm= 1.427 K  shell
# # Pot 1 Z=60 Rmt= 1.794 Rnm= 1.830
# # Pot 2 Z=60 Rmt= 1.795 Rnm= 1.831
# # Pot 3 Z=28 Rmt= 1.353 Rnm= 1.427
# # Pot 4 Z=15 Rmt= 1.365 Rnm= 1.439
# # Gam_ch=1.576E+00 H-L exch Vi= 0.000E+00 Vr= 0.000E+00
# # Mu=-1.101E+01eV kf=1.996E+00 Vint=-1.991E+01eV Rs_int= 1.817
# FMS rfms= 4.0000
# # PATH  Rmax= 0.100,  Keep_limit= 0.00, Heap_limit 0.00  Pwcrit= 2.50%
#  S02=1.000  Temp=   0.00  Debye_temp=   0.00  Global_sig2= 0.00000
#  Energy zero shift, vr, vi    0.00000E+00   0.00000E+00
#  Curved wave amplitude ratio filter   4.000%
#     file         sig2 tot  cw amp ratio   deg  nlegs   reff  inp sig2
#     0/   0 paths used
#  xsedge+ 50, used to normalize mu           1.0000E+00
#  -----------------------------------------------------------------------
#  omega    e    k    mu    mu0     chi     @#
      8308.5649496963      -41.0120254000       -2.8060734827    9.2352268536E-06    8.9601425960E-06    2.7508425761E-07
      8308.6649496963      -40.9120254000       -2.8013927219    8.8496677564E-06    8.5734595781E-06    2.7620817824E-07
      8308.7649496963      -40.8120254000       -2.7967044314    8.4707923628E-06    8.1934580255E-06    2.7733433736E-07
      8308.8649496963      -40.7120254000       -2.7920079635    8.0999799521E-06    7.8214979986E-06    2.7848195356E-07
      8308.9649496963      -40.6120254000       -2.7873035823    7.7397948544E-06    7.4601270698E-06    2.7966778456E-07
      8309.0649496963      -40.5120254000       -2.7825912477    7.3961063678E-06    7.1151989853E-06    2.8090738248E-07
      8309.1649496963      -40.4120254000       -2.7778710724    7.0669257068E-06    6.7847117848E-06    2.8221392191E-07
      8309.2649496963      -40.3120254000       -2.7731428629    6.7516959929E-06    6.4680925498E-06    2.8360344315E-07
      8309.3649496963      -40.2120254000       -2.7684065780    6.4508855016E-06    6.1658200996E-06    2.8506540201E-07
      8309.4649496963      -40.1120254000       -2.7636620222    6.1686897336E-06    5.8820616105E-06    2.8662812310E-07
      8309.5649496963      -40.0120254000       -2.7589093071    5.9028318119E-06    5.6145409606E-06    2.8829085121E-07
      8309.6649496963      -39.9120254000       -2.7541485450    5.6535047336E-06    5.3634469636E-06    2.9005776999E-07
      8309.7649496963      -39.8120254000       -2.7493792296    5.4186417513E-06    5.1267244096E-06    2.9191734169E-07
      8309.8649496963      -39.7120254000       -2.7446019368    5.1973825863E-06    4.9034856944E-06    2.9389689185E-07
      8309.9649496963      -39.6120254000       -2.7398161586    4.9925931370E-06    4.6966193747E-06    2.9597376229E-07
      8310.0649496963      -39.5120254000       -2.7350221619    4.8007650547E-06    4.5026078271E-06    2.9815722754E-07
      8310.1649496963      -39.4120254000       -2.7302195915    4.6196233358E-06    4.3191717753E-06    3.0045156054E-07
      8310.2649496963      -39.3120254000       -2.7254087145    4.4532251169E-06    4.1503692229E-06    3.0285589397E-07
      8310.3649496963      -39.2120254000       -2.7205891738    4.2969794798E-06    3.9916151005E-06    3.0536437922E-07
      8310.4649496963      -39.1120254000       -2.7157610802    4.1501714186E-06    3.8421898258E-06    3.0798159275E-07
      8310.5649496963      -39.0120254000       -2.7109245448    4.0146671331E-06    3.7039647245E-06    3.1070240867E-07
      8310.6649496963      -38.9120254000       -2.7060793652    3.8882358530E-06    3.5747031962E-06    3.1353265686E-07
      8310.7649496963      -38.8120254000       -2.7012253372    3.7680690563E-06    3.4515955005E-06    3.1647355578E-07
      8310.8649496963      -38.7120254000       -2.6963627289    3.6574988768E-06    3.3379895274E-06    3.1950934933E-07
      8310.9649496963      -38.6120254000       -2.6914911773    3.5531189132E-06    3.2304660097E-06    3.2265290357E-07
      8311.0649496963      -38.5120254000       -2.6866107923    3.4538594155E-06    3.1279511393E-06    3.2590827620E-07
      8311.1649496963      -38.4120254000       -2.6817216844    3.3608434918E-06    3.0315836786E-06    3.2925981322E-07
      8311.2649496963      -38.3120254000       -2.6768236467    3.2757770963E-06    2.9430545096E-06    3.3272258668E-07
      8311.3649496963      -38.2120254000       -2.6719164709    3.1953664012E-06    2.8590638998E-06    3.3630250132E-07
      8311.4649496963      -38.1120254000       -2.6670003458    3.1184244975E-06    2.7784333371E-06    3.3999116036E-07
      8311.5649496963      -38.0120254000       -2.6620749822    3.0462234077E-06    2.7024403063E-06    3.4378310146E-07
      8311.6649496963      -37.9120254000       -2.6571408892    2.9799138787E-06    2.6322132375E-06    3.4770064122E-07
      8311.7649496963      -37.8120254000       -2.6521972158    2.9174936763E-06    2.5657628183E-06    3.5173085797E-07
      8311.8649496963      -37.7120254000       -2.6472443905    2.8565412858E-06    2.5006594859E-06    3.5588179996E-07
      8311.9649496963      -37.6120254000       -2.6422825231    2.7988401479E-06    2.4386923943E-06    3.6014775367E-07
      8312.0649496963      -37.5120254000       -2.6373109976    2.7449786797E-06    2.3804487473E-06    3.6452993239E-07
      8312.1649496963      -37.4120254000       -2.6323304061    2.6961008173E-06    2.3270493870E-06    3.6905143031E-07
      8312.2649496963      -37.3120254000       -2.6273402110    2.6483860484E-06    2.2746699369E-06    3.7371611150E-07
      8312.3649496963      -37.2120254000       -2.6223404386    2.6033590614E-06    2.2248566901E-06    3.7850237124E-07
      8312.4649496963      -37.1120254000       -2.6173310341    2.5635422615E-06    2.1801120326E-06    3.8343022892E-07
      8312.5649496963      -37.0120254000       -2.6123121864    2.5256075038E-06    2.1371122030E-06    3.8849530078E-07
      8312.6649496963      -36.9120254000       -2.6072836779    2.4872670216E-06    2.0935524769E-06    3.9371454476E-07
      8312.7649496963      -36.8120254000       -2.6022454524    2.4496042994E-06    2.0505100974E-06    3.9909420194E-07
      8312.8649496963      -36.7120254000       -2.5971975353    2.4174527187E-06    2.0128271213E-06    4.0462559748E-07
      8312.9649496963      -36.6120254000       -2.5921397059    2.3857219638E-06    1.9753900406E-06    4.1033192315E-07
      8313.0649496963      -36.5120254000       -2.5870719882    2.3564601743E-06    1.9402643504E-06    4.1619582393E-07
      8313.1649496963      -36.4120254000       -2.5819943241    2.3307194623E-06    1.9084733430E-06    4.2224611933E-07
      8313.2649496963      -36.3120254000       -2.5769064895    2.3048301384E-06    1.8763284262E-06    4.2850171217E-07
      8313.3649496963      -36.2120254000       -2.5718088379    2.2804361837E-06    1.8455067613E-06    4.3492942233E-07
      8313.4649496963      -36.1120254000       -2.5667009792    2.2573809613E-06    1.8158066572E-06    4.4157430412E-07
      8313.5649496963      -36.0120254000       -2.5615830183    2.2363703034E-06    1.7879489463E-06    4.4842135711E-07
      8313.6649496963      -35.9120254000       -2.5564546449    2.2181015898E-06    1.7626152428E-06    4.5548634694E-07
      8313.7649496963      -35.8120254000       -2.5513159630    2.1995139235E-06    1.7367203918E-06    4.6279353174E-07
      8313.8649496963      -35.7120254000       -2.5461671610    2.1810227614E-06    1.7106699942E-06    4.7035276727E-07
      8313.9649496963      -35.6120254000       -2.5410077586    2.1666889723E-06    1.6885096127E-06    4.7817935961E-07
      8314.0649496963      -35.5120254000       -2.5358376910    2.1520205691E-06    1.6657632981E-06    4.8625727099E-07
      8314.1649496963      -35.4120254000       -2.5306573135    2.1391814389E-06    1.6445743806E-06    4.9460705836E-07
      8314.2649496963      -35.3120254000       -2.5254661412    2.1271827648E-06    1.6239086431E-06    5.0327412171E-07
      8314.3649496963      -35.2120254000       -2.5202643607    2.1161284235E-06    1.6038556252E-06    5.1227279823E-07
      8314.4649496963      -35.1120254000       -2.5150517369    2.1064964641E-06    1.5848990335E-06    5.2159743066E-07
      8314.5649496963      -35.0120254000       -2.5098283720    2.0978291548E-06    1.5665361223E-06    5.3129303242E-07
      8314.6649496963      -34.9120254000       -2.5045941987    2.0905723008E-06    1.5492268677E-06    5.4134543305E-07
      8314.7649496963      -34.8120254000       -2.4993488936    2.0847924777E-06    1.5329860146E-06    5.5180646314E-07
      8314.8649496963      -34.7120254000       -2.4940928131    2.0798775996E-06    1.5171762684E-06    5.6270133120E-07
      8314.9649496963      -34.6120254000       -2.4888252905    2.0763741585E-06    1.5023258138E-06    5.7404834467E-07
      8315.0649496963      -34.5120254000       -2.4835469384    2.0736621975E-06    1.4877666089E-06    5.8589558860E-07
      8315.1649496963      -34.4120254000       -2.4782570866    2.0722225811E-06    1.4739585538E-06    5.9826402728E-07
      8315.2649496963      -34.3120254000       -2.4729559193    2.0712613483E-06    1.4600765799E-06    6.1118476839E-07
      8315.3649496963      -34.2120254000       -2.4676435363    2.0701694409E-06    1.4454865751E-06    6.2468286577E-07
      8315.4649496963      -34.1120254000       -2.4623194326    2.0718108847E-06    1.4329771832E-06    6.3883370148E-07
      8315.5649496963      -34.0120254000       -2.4569840519    2.0755328646E-06    1.4218157387E-06    6.5371712594E-07
      8315.6649496963      -33.9120254000       -2.4516369733    2.0810980898E-06    1.4117710482E-06    6.6932704161E-07
      8315.7649496963      -33.8120254000       -2.4462782070    2.0878394556E-06    1.4020981635E-06    6.8574129213E-07
      8315.8649496963      -33.7120254000       -2.4409076762    2.0957490682E-06    1.3926785610E-06    7.0307050723E-07
      8315.9649496963      -33.6120254000       -2.4355253029    2.1051558116E-06    1.3838219470E-06    7.2133386464E-07
      8316.0649496963      -33.5120254000       -2.4301309209    2.1159028337E-06    1.3752571168E-06    7.4064571688E-07
      8316.1649496963      -33.4120254000       -2.4247248012    2.1262128264E-06    1.3651247978E-06    7.6108802858E-07
      8316.2649496963      -33.3120254000       -2.4193062492    2.1395001870E-06    1.3567060182E-06    7.8279416879E-07
      8316.3649496963      -33.2120254000       -2.4138756222    2.1553715645E-06    1.3495112119E-06    8.0586035261E-07
      8316.4649496963      -33.1120254000       -2.4084330151    2.1710320902E-06    1.3405759584E-06    8.3045613183E-07
      8316.5649496963      -33.0120254000       -2.4029778151    2.1913518869E-06    1.3346091436E-06    8.5674274336E-07
      8316.6649496963      -32.9120254000       -2.3975102026    2.2135754233E-06    1.3286876111E-06    8.8488781219E-07
      8316.7649496963      -32.8120254000       -2.3920302705    2.2389966802E-06    1.3239387244E-06    9.1505795573E-07
      8316.8649496963      -32.7120254000       -2.3865376662    2.2658720684E-06    1.3183348420E-06    9.4753722640E-07
      8316.9649496963      -32.6120254000       -2.3810323916    2.2945439763E-06    1.3119421458E-06    9.8260183054E-07
      8317.0649496963      -32.5120254000       -2.3755143584    2.3264709461E-06    1.3059143362E-06    1.0205566099E-06
      8317.1649496963      -32.4120254000       -2.3699834777    2.3649041363E-06    1.3031781223E-06    1.0617260140E-06
      8317.2649496963      -32.3120254000       -2.3644394792    2.4046410417E-06    1.2980474612E-06    1.1065935806E-06
      8317.3649496963      -32.2120254000       -2.3588827215    2.4493008676E-06    1.2936179696E-06    1.1556828980E-06
      8317.4649496963      -32.1120254000       -2.3533128430    2.5018202238E-06    1.2923440372E-06    1.2094761866E-06
      8317.5649496963      -32.0120254000       -2.3477296596    2.5567331825E-06    1.2879769521E-06    1.2687562304E-06
      8317.6649496963      -31.9120254000       -2.3421329852    2.6183688350E-06    1.2840077712E-06    1.3343610638E-06
      8317.7649496963      -31.8120254000       -2.3365232696    2.6895910690E-06    1.2824243931E-06    1.4071666758E-06
      8317.8649496963      -31.7120254000       -2.3308997793    2.7693070098E-06    1.2809636129E-06    1.4883433969E-06
      8317.9649496963      -31.6120254000       -2.3252627805    2.8576936736E-06    1.2783598904E-06    1.5793337833E-06
      8318.0649496963      -31.5120254000       -2.3196119913    2.9578862302E-06    1.2761343233E-06    1.6817519069E-06
      8318.1649496963      -31.4120254000       -2.3139474946    3.0750842751E-06    1.2776212106E-06    1.7974630645E-06
      8318.2649496963      -31.3120254000       -2.3082690972    3.2048907906E-06    1.2759300936E-06    1.9289606971E-06
      8318.3649496963      -31.2120254000       -2.3025766039    3.3533526682E-06    1.2744184801E-06    2.0789341881E-06
      8318.4649496963      -31.1120254000       -2.2968702805    3.5254869910E-06    1.2748601316E-06    2.2506268594E-06
      8318.5649496963      -31.0120254000       -2.2911494664    3.7217768346E-06    1.2738276921E-06    2.4479491424E-06
      8318.6649496963      -30.9120254000       -2.2854144252    3.9481826240E-06    1.2730116648E-06    2.6751709593E-06
      8318.7649496963      -30.8120254000       -2.2796650495    4.2115707296E-06    1.2747035584E-06    2.9368671712E-06
      8318.8649496963      -30.7120254000       -2.2739009498    4.5147002638E-06    1.2769447639E-06    3.2377554999E-06
      8318.9649496963      -30.6120254000       -2.2681222954    4.8591466727E-06    1.2772604934E-06    3.5818861793E-06
      8319.0649496963      -30.5120254000       -2.2623289748    5.2486941144E-06    1.2778104534E-06    3.9708836610E-06
      8319.1649496963      -30.4120254000       -2.2565204976    5.6819740003E-06    1.2792791569E-06    4.4026948434E-06
      8319.2649496963      -30.3120254000       -2.2506972195    6.1504048783E-06    1.2827302935E-06    4.8676745848E-06
      8319.3649496963      -30.2120254000       -2.2448588355    6.6319438657E-06    1.2860282691E-06    5.3459155966E-06
      8319.4649496963      -30.1120254000       -2.2390053225    7.0918524069E-06    1.2872621003E-06    5.8045903067E-06
      8319.5649496963      -30.0120254000       -2.2331362757    7.4906088714E-06    1.2910744035E-06    6.1995344680E-06
      8319.6649496963      -29.9120254000       -2.2272519546    7.7780574697E-06    1.2958873339E-06    6.4821701358E-06
      8319.7649496963      -29.8120254000       -2.2213517586    7.9104814025E-06    1.2975666005E-06    6.6129148019E-06
      8319.8649496963      -29.7120254000       -2.2154361373    7.8761899775E-06    1.3021209411E-06    6.5740690363E-06
      8319.9649496963      -29.6120254000       -2.2095044852    7.6828150350E-06    1.3064722923E-06    6.3763427427E-06
      8320.0649496963      -29.5120254000       -2.2035570592    7.3648894938E-06    1.3104518671E-06    6.0544376266E-06
      8320.1649496963      -29.4120254000       -2.1975933439    6.9715892500E-06    1.3170164269E-06    5.6545728231E-06
      8320.2649496963      -29.3120254000       -2.1916134975    6.5439532369E-06    1.3219071300E-06    5.2220461069E-06
      8320.3649496963      -29.2120254000       -2.1856171930    6.1199240294E-06    1.3269262206E-06    4.7929978088E-06
      8320.4649496963      -29.1120254000       -2.1796046850    5.7230444695E-06    1.3318528265E-06    4.3911916430E-06
      8320.5649496963      -29.0120254000       -2.1735752517    5.3669712857E-06    1.3373967420E-06    4.0295745437E-06
      8320.6649496963      -28.9120254000       -2.1675291445    5.0565473834E-06    1.3437346454E-06    3.7128127381E-06
      8320.7649496963      -28.8120254000       -2.1614661250    4.7912473773E-06    1.3506085791E-06    3.4406387982E-06
      8320.8649496963      -28.7120254000       -2.1553860506    4.5701210964E-06    1.3602686140E-06    3.2098524824E-06
      8320.9649496963      -28.6120254000       -2.1492887764    4.3838773023E-06    1.3677822776E-06    3.0160950248E-06
      8321.0649496963      -28.5120254000       -2.1431739571    4.2307385489E-06    1.3758933770E-06    2.8548451719E-06
      8321.1649496963      -28.4120254000       -2.1370418405    4.1054462250E-06    1.3836422206E-06    2.7218040043E-06
      8321.2649496963      -28.3120254000       -2.1308920774    4.0037032189E-06    1.3907034338E-06    2.6129997850E-06
      8321.3649496963      -28.2120254000       -2.1247246148    3.9267906127E-06    1.4016603116E-06    2.5251303011E-06
      8321.4649496963      -28.1120254000       -2.1185389966    3.8667384597E-06    1.4114540101E-06    2.4552844496E-06
      8321.5649496963      -28.0120254000       -2.1123354666    3.8227077167E-06    1.4215903889E-06    2.4011173278E-06
      8321.6649496963      -27.9120254000       -2.1061134621    3.7928344209E-06    1.4321268040E-06    2.3607076169E-06
      8321.7649496963      -27.8120254000       -2.0998731230    3.7754273107E-06    1.4430444350E-06    2.3323828757E-06
      8321.8649496963      -27.7120254000       -2.0936141837    3.7684571416E-06    1.4536182228E-06    2.3148389188E-06
      8321.9649496963      -27.6120254000       -2.0873364768    3.7706856118E-06    1.4637459783E-06    2.3069396335E-06
      8322.0649496963      -27.5120254000       -2.0810399349    3.7837029269E-06    1.4757672284E-06    2.3079356984E-06
      8322.1649496963      -27.4120254000       -2.0747241812    3.8062228050E-06    1.4890945723E-06    2.3171282327E-06
      8322.2649496963      -27.3120254000       -2.0683890398    3.8383239100E-06    1.5044045554E-06    2.3339193547E-06
      8322.3649496963      -27.2120254000       -2.0620345383    3.8743108329E-06    1.5163474204E-06    2.3579634126E-06
      8322.4649496963      -27.1120254000       -2.0556603938    3.9183523772E-06    1.5294152149E-06    2.3889371623E-06
      8322.5649496963      -27.0120254000       -2.0492663191    3.9727593833E-06    1.5459203321E-06    2.4268390512E-06
      8322.6649496963      -26.9120254000       -2.0428523353    4.0333852232E-06    1.5618986451E-06    2.4714865781E-06
      8322.7649496963      -26.8120254000       -2.0364182544    4.0985752869E-06    1.5758222397E-06    2.5227530472E-06
      8322.8649496963      -26.7120254000       -2.0299635708    4.1712383110E-06    1.5905272630E-06    2.5807110480E-06
      8322.9649496963      -26.6120254000       -2.0234882976    4.2552300136E-06    1.6095723792E-06    2.6456576344E-06
      8323.0649496963      -26.5120254000       -2.0169923421    4.3435459685E-06    1.6257402212E-06    2.7178057473E-06
      8323.1649496963      -26.4120254000       -2.0104753979    4.4399418377E-06    1.6426497284E-06    2.7972921093E-06
      8323.2649496963      -26.3120254000       -2.0039373664    4.5485436518E-06    1.6638421546E-06    2.8847014972E-06
      8323.3649496963      -26.2120254000       -1.9973778275    4.6623644791E-06    1.6820507420E-06    2.9803137371E-06
      8323.4649496963      -26.1120254000       -1.9907966756    4.7860767332E-06    1.7012306282E-06    3.0848461050E-06
      8323.5649496963      -26.0120254000       -1.9841936954    4.9215607863E-06    1.7228744961E-06    3.1986862902E-06
      8323.6649496963      -25.9120254000       -1.9775686684    5.0681607208E-06    1.7451819358E-06    3.3229787850E-06
      8323.7649496963      -25.8120254000       -1.9709213723    5.2248447462E-06    1.7662975118E-06    3.4585472343E-06
      8323.8649496963      -25.7120254000       -1.9642514726    5.3939746298E-06    1.7880267314E-06    3.6059478984E-06
      8323.9649496963      -25.6120254000       -1.9575590644    5.5791819851E-06    1.8125475386E-06    3.7666344465E-06
      8324.0649496963      -25.5120254000       -1.9508434797    5.7778695972E-06    1.8358173269E-06    3.9420522702E-06
      8324.1649496963      -25.4120254000       -1.9441048068    5.9946955837E-06    1.8609769587E-06    4.1337186249E-06
      8324.2649496963      -25.3120254000       -1.9373425850    6.2312199230E-06    1.8880265268E-06    4.3431933962E-06
      8324.3649496963      -25.2120254000       -1.9305568976    6.4877720822E-06    1.9148979468E-06    4.5728741354E-06
      8324.4649496963      -25.1120254000       -1.9237471643    6.7682606562E-06    1.9430876958E-06    4.8251729604E-06
      8324.5649496963      -25.0120254000       -1.9169132400    7.0759158933E-06    1.9734957928E-06    5.1024201005E-06
      8324.6649496963      -24.9120254000       -1.9100548649    7.4112108704E-06    2.0032778103E-06    5.4079330601E-06
      8324.7649496963      -24.8120254000       -1.9031716630    7.7781119055E-06    2.0321233823E-06    5.7459885232E-06
      8324.8649496963      -24.7120254000       -1.8962635883    8.1845507334E-06    2.0644000113E-06    6.1201507221E-06
      8324.9649496963      -24.6120254000       -1.8893303116    8.6359800662E-06    2.0997085222E-06    6.5362715441E-06
      8325.0649496963      -24.5120254000       -1.8823713850    9.1359402395E-06    2.1355454192E-06    7.0003948203E-06
      8325.1649496963      -24.4120254000       -1.8753866931    9.6915379920E-06    2.1719379537E-06    7.5196000383E-06
      8325.2649496963      -24.3120254000       -1.8683758899    1.0311774175E-05    2.2093709745E-06    8.1024032009E-06
      8325.3649496963      -24.2120254000       -1.8613385661    1.1006388972E-05    2.2472487228E-06    8.7591402493E-06
      8325.4649496963      -24.1120254000       -1.8542747067    1.1789602255E-05    2.2879051413E-06    9.5016971132E-06
      8325.5649496963      -24.0120254000       -1.8471837768    1.2676048058E-05    2.3311174213E-06    1.0344930637E-05
      8325.6649496963      -23.9120254000       -1.8400654635    1.3681618384E-05    2.3754951239E-06    1.1306123260E-05
      8325.7649496963      -23.8120254000       -1.8329196219    1.4828068167E-05    2.4221305840E-06    1.2405937583E-05
      8325.8649496963      -23.7120254000       -1.8257456956    1.6137400286E-05    2.4679468095E-06    1.3669453477E-05
      8325.9649496963      -23.6120254000       -1.8185434692    1.7641595005E-05    2.5159436851E-06    1.5125651320E-05
      8326.0649496963      -23.5120254000       -1.8113126640    1.9377298242E-05    2.5679083295E-06    1.6809389912E-05
      8326.1649496963      -23.4120254000       -1.8040528774    2.1381542142E-05    2.6209072644E-06    1.8760634878E-05
      8326.2649496963      -23.3120254000       -1.7967637579    2.3699978442E-05    2.6765926821E-06    2.1023385760E-05
      8326.3649496963      -23.2120254000       -1.7894449472    2.6381620119E-05    2.7365321931E-06    2.3645087926E-05
      8326.4649496963      -23.1120254000       -1.7820960198    2.9466428731E-05    2.7976058248E-06    2.6668822906E-05
      8326.5649496963      -23.0120254000       -1.7747167214    3.2989194973E-05    2.8611548058E-06    3.0128040168E-05
      8326.6649496963      -22.9120254000       -1.7673066114    3.6954043530E-05    2.9280054415E-06    3.4026038088E-05
      8326.7649496963      -22.8120254000       -1.7598653006    4.1311605091E-05    2.9988043584E-06    3.8312800733E-05
      8326.8649496963      -22.7120254000       -1.7523924522    4.5923396319E-05    3.0725247588E-06    4.2850871560E-05
      8326.9649496963      -22.6120254000       -1.7448874780    5.0532042525E-05    3.1494699613E-06    4.7382572563E-05
      8327.0649496963      -22.5120254000       -1.7373500231    5.4743940936E-05    3.2288014126E-06    5.1515139524E-05
      8327.1649496963      -22.4120254000       -1.7297798473    5.8070244775E-05    3.3126750357E-06    5.4757569739E-05
      8327.2649496963      -22.3120254000       -1.7221764574    6.0031715549E-05    3.4031123532E-06    5.6628603196E-05
      8327.3649496963      -22.2120254000       -1.7145392874    6.0312823314E-05    3.4983028821E-06    5.6814520432E-05
      8327.4649496963      -22.1120254000       -1.7068679461    5.8886169685E-05    3.5967307484E-06    5.5289438937E-05
      8327.5649496963      -22.0120254000       -1.6991619081    5.6026912533E-05    3.6994371741E-06    5.2327475359E-05
      8327.6649496963      -21.9120254000       -1.6914208250    5.2206648536E-05    3.8098923732E-06    4.8396756163E-05
      8327.7649496963      -21.8120254000       -1.6836440871    4.7924431811E-05    3.9291478130E-06    4.3995283998E-05
      8327.8649496963      -21.7120254000       -1.6758313884    4.3583902162E-05    4.0524275009E-06    3.9531474661E-05
      8327.9649496963      -21.6120254000       -1.6679819684    3.9475002360E-05    4.1830327032E-06    3.5291969657E-05
      8328.0649496963      -21.5120254000       -1.6600954986    3.5758907787E-05    4.3239863251E-06    3.1434921462E-05
      8328.1649496963      -21.4120254000       -1.6521713195    3.2491087342E-05    4.4709353890E-06    2.8020151953E-05
      8328.2649496963      -21.3120254000       -1.6442090801    2.9683107112E-05    4.6305011755E-06    2.5052605936E-05
      8328.3649496963      -21.2120254000       -1.6362080298    2.7309697070E-05    4.8020815130E-06    2.2507615557E-05
      8328.4649496963      -21.1120254000       -1.6281675962    2.5351751252E-05    4.9867163418E-06    2.0365034910E-05
      8328.5649496963      -21.0120254000       -1.6200872587    2.3879072996E-05    5.1832081528E-06    1.8695864843E-05
      8328.6649496963      -20.9120254000       -1.6119665493    2.2378945663E-05    5.3944443401E-06    1.6984501323E-05
      8328.7649496963      -20.8120254000       -1.6038045893    2.1117746072E-05    5.6265714994E-06    1.5491174573E-05
      8328.8649496963      -20.7120254000       -1.5956009458    2.0144547524E-05    5.8768310784E-06    1.4267716446E-05
      8328.9649496963      -20.6120254000       -1.5873549054    1.9383743192E-05    6.1478607092E-06    1.3235882482E-05
      8329.0649496963      -20.5120254000       -1.5790658039    1.8810321090E-05    6.4434424699E-06    1.2366878620E-05
      8329.1649496963      -20.4120254000       -1.5707329596    1.8425321644E-05    6.7692359093E-06    1.1656085735E-05
      8329.2649496963      -20.3120254000       -1.5623556045    1.8123533838E-05    7.1252906228E-06    1.0998243215E-05
      8329.3649496963      -20.2120254000       -1.5539332242    1.7929132094E-05    7.5164945773E-06    1.0412637517E-05
      8329.4649496963      -20.1120254000       -1.5454648759    1.7886436277E-05    7.9497289861E-06    9.9367072914E-06
      8329.5649496963      -20.0120254000       -1.5369497306    1.7967956626E-05    8.4281854253E-06    9.5397712011E-06
      8329.6649496963      -19.9120254000       -1.5283873543    1.8162562629E-05    8.9535947260E-06    9.2089679033E-06
      8329.7649496963      -19.8120254000       -1.5197766685    1.8467306348E-05    9.5301734802E-06    8.9371328680E-06
      8329.8649496963      -19.7120254000       -1.5111168475    1.8878528158E-05    1.0163595348E-05    8.7149328106E-06
      8329.9649496963      -19.6120254000       -1.5024071833    1.9389293473E-05    1.0854459368E-05    8.5348341049E-06
      8330.0649496963      -19.5120254000       -1.4936466613    1.9967292790E-05    1.1603385055E-05    8.3639077350E-06
      8330.1649496963      -19.4120254000       -1.4848345966    2.0768995560E-05    1.2410626664E-05    8.3583688958E-06
      8330.2649496963      -19.3120254000       -1.4759697774    2.1668174848E-05    1.3274053988E-05    8.3941208608E-06
      8330.3649496963      -19.2120254000       -1.4670513925    2.2632927516E-05    1.4195087103E-05    8.4378404132E-06
      8330.4649496963      -19.1120254000       -1.4580786051    2.3687134979E-05    1.5171913005E-05    8.5152219746E-06
      8330.5649496963      -19.0120254000       -1.4490501841    2.4823919580E-05    1.6200652423E-05    8.6232671566E-06
      8330.6649496963      -18.9120254000       -1.4399650831    2.5976116095E-05    1.7281195710E-05    8.6949203851E-06
      8330.7649496963      -18.8120254000       -1.4308223713    2.7417370547E-05    1.8410294143E-05    9.0070764046E-06
      8330.8649496963      -18.7120254000       -1.4216208621    2.9126001829E-05    1.9586251315E-05    9.5397505135E-06
      8330.9649496963      -18.6120254000       -1.4123593311    3.0879295157E-05    2.0807361360E-05    1.0071933797E-05
      8331.0649496963      -18.5120254000       -1.4030367413    3.2721510309E-05    2.2070877397E-05    1.0650632912E-05
      8331.1649496963      -18.4120254000       -1.3936517912    3.4684311815E-05    2.3374748930E-05    1.1309562885E-05
      8331.2649496963      -18.3120254000       -1.3842032890    3.6781893427E-05    2.4716697428E-05    1.2065195999E-05
      8331.3649496963      -18.2120254000       -1.3746896148    3.9024349660E-05    2.6095092927E-05    1.2929256733E-05
      8331.4649496963      -18.1120254000       -1.3651097958    4.1420949832E-05    2.7507907652E-05    1.3913042181E-05
      8331.5649496963      -18.0120254000       -1.3554622724    4.3981025593E-05    2.8952501201E-05    1.5028524392E-05
      8331.6649496963      -17.9120254000       -1.3457455886    4.6714668947E-05    3.0428084185E-05    1.6286584762E-05
      8331.7649496963      -17.8120254000       -1.3359582354    4.9630021804E-05    3.1932147807E-05    1.7697873996E-05
      8331.8649496963      -17.7120254000       -1.3260986079    5.2735623942E-05    3.3462885511E-05    1.9272738431E-05
      8331.9649496963      -17.6120254000       -1.3161652030    5.6039228746E-05    3.5018875732E-05    2.1020353015E-05
      8332.0649496963      -17.5120254000       -1.3061560932    5.9547018249E-05    3.6598029109E-05    2.2948989140E-05
      8332.1649496963      -17.4120254000       -1.2960698529    6.3263259344E-05    3.8198760980E-05    2.5064498364E-05
      8332.2649496963      -17.3120254000       -1.2859044190    6.7188945111E-05    3.9819242134E-05    2.7369702977E-05
      8332.3649496963      -17.2120254000       -1.2756579815    7.1321578934E-05    4.1458254671E-05    2.9863324263E-05
      8332.4649496963      -17.1120254000       -1.2653286568    7.5652995067E-05    4.3114443338E-05    3.2538551729E-05
      8332.5649496963      -17.0120254000       -1.2549141860    8.0168601770E-05    4.4785350678E-05    3.5383251092E-05
      8332.6649496963      -16.9120254000       -1.2444126452    8.4846152683E-05    4.6469956319E-05    3.8376196363E-05
      8332.7649496963      -16.8120254000       -1.2338217681    8.9654286051E-05    4.8167062401E-05    4.1487223650E-05
      8332.8649496963      -16.7120254000       -1.2231391035    9.4551388434E-05    4.9874547460E-05    4.4676840974E-05
      8332.9649496963      -16.6120254000       -1.2123624006    9.9484112547E-05    5.1591399259E-05    4.7892713288E-05
      8333.0649496963      -16.5120254000       -1.2014889076    1.0438863671E-04    5.3315521169E-05    5.1073115546E-05
      8333.1649496963      -16.4120254000       -1.1905161958    1.0919090782E-04    5.5046785268E-05    5.4144122549E-05
      8333.2649496963      -16.3120254000       -1.1794413607    1.1380568049E-04    5.6782400946E-05    5.7023279546E-05
      8333.3649496963      -16.2120254000       -1.1682616348    1.1814509798E-04    5.8521364810E-05    5.9623733169E-05
      8333.4649496963      -16.1120254000       -1.1569737473    1.2211601516E-04    6.0262359107E-05    6.1853656056E-05
      8333.5649496963      -16.0120254000       -1.1455747332    1.2562905533E-04    6.2004353511E-05    6.3624701821E-05
      8333.6649496963      -15.9120254000       -1.1340611477    1.2860157701E-04    6.3745765664E-05    6.4855811351E-05
      8333.7649496963      -15.8120254000       -1.1224294177    1.3096355521E-04    6.5484823881E-05    6.5478731331E-05
      8333.8649496963      -15.7120254000       -1.1106758793    1.3266129158E-04    6.7220381270E-05    6.5440910313E-05
      8333.9649496963      -15.6120254000       -1.0987966719    1.3366295219E-04    6.8950969970E-05    6.4711982224E-05
      8334.0649496963      -15.5120254000       -1.0867876258    1.3395968912E-04    7.0674791567E-05    6.3284897555E-05
      8334.1649496963      -15.4120254000       -1.0746443882    1.3356972987E-04    7.2391143207E-05    6.1178586663E-05
      8334.2649496963      -15.3120254000       -1.0623623074    1.3253498036E-04    7.4097953965E-05    5.8437026394E-05
      8334.3649496963      -15.2120254000       -1.0499365615    1.3092199231E-04    7.5793307087E-05    5.5128685221E-05
      8334.4649496963      -15.1120254000       -1.0373620906    1.2881980918E-04    7.7476864776E-05    5.1342944405E-05
      8334.5649496963      -15.0120254000       -1.0246331595    1.2633192740E-04    7.9146381373E-05    4.7185546032E-05
      8334.6649496963      -14.9120254000       -1.0117441488    1.2357534502E-04    8.0800233056E-05    4.2775111963E-05
      8334.7649496963      -14.8120254000       -0.9986889138    1.2067325910E-04    8.2436199577E-05    3.8237059520E-05
      8334.8649496963      -14.7120254000       -0.9854606861    1.1775244437E-04    8.4052521930E-05    3.3699922437E-05
      8334.9649496963      -14.6120254000       -0.9720524034    1.1494173200E-04    8.5649632557E-05    2.9292099443E-05
      8335.0649496963      -14.5120254000       -0.9584566200    1.1235890632E-04    8.7220285171E-05    2.5138621147E-05
      8335.1649496963      -14.4120254000       -0.9446651558    1.1012851916E-04    8.8768232512E-05    2.1360286650E-05
      8335.2649496963      -14.3120254000       -0.9306692831    1.0835679812E-04    9.0286432207E-05    1.8070365915E-05
      8335.3649496963      -14.2120254000       -0.9164598109    1.0715428369E-04    9.1777404056E-05    1.5376879635E-05
      8335.4649496963      -14.1120254000       -0.9020264387    1.0661317829E-04    9.3234216430E-05    1.3378961856E-05
      8335.5649496963      -14.0120254000       -0.8873583607    1.0681931896E-04    9.4654364626E-05    1.2164954330E-05
      8335.6649496963      -13.9120254000       -0.8724437390    1.0784972068E-04    9.6039904267E-05    1.1809816417E-05
      8335.7649496963      -13.8120254000       -0.8572696437    1.0974888266E-04    9.7382418848E-05    1.2366463813E-05
      8335.8649496963      -13.7120254000       -0.8418220435    1.1253101020E-04    9.8673595583E-05    1.3857414612E-05
      8335.9649496963      -13.6120254000       -0.8260856597    1.1619045195E-04    9.9919425261E-05    1.6271026688E-05
      8336.0649496963      -13.5120254000       -0.8100436294    1.2065794620E-04    1.0111059911E-04    1.9547347095E-05
      8336.1649496963      -13.4120254000       -0.7936774527    1.2581485232E-04    1.0224242037E-04    2.3572431949E-05
      8336.2649496963      -13.3120254000       -0.7769666121    1.3148733558E-04    1.0330860227E-04    2.8178733316E-05
      8336.3649496963      -13.2120254000       -0.7598883343    1.3744143812E-04    1.0430298498E-04    3.3138453133E-05
      8336.4649496963      -13.1120254000       -0.7424172983    1.4338236515E-04    1.0521838471E-04    3.8163980445E-05
      8336.5649496963      -13.0120254000       -0.7245250921    1.4896285895E-04    1.0604613490E-04    4.2916724050E-05
      8336.6649496963      -12.9120254000       -0.7061796655    1.5380478926E-04    1.0677125166E-04    4.7033537603E-05
      8336.7649496963      -12.8120254000       -0.6873448074    1.5755801966E-04    1.0739243395E-04    5.0165585706E-05
      8336.8649496963      -12.7120254000       -0.6679791177    1.5991346522E-04    1.0788603270E-04    5.2027432515E-05
      8336.9649496963      -12.6120254000       -0.6480349265    1.6068686162E-04    1.0823676098E-04    5.2450100633E-05
      8337.0649496963      -12.5120254000       -0.6274570930    1.5983737699E-04    1.0843632766E-04    5.1401049330E-05
      8337.1649496963      -12.4120254000       -0.6061812003    1.5744237305E-04    1.0845285933E-04    4.8989513714E-05
      8337.2649496963      -12.3120254000       -0.5841308174    1.5370138245E-04    1.0826646246E-04    4.5434919991E-05
      8337.3649496963      -12.2120254000       -0.5612147089    1.4886454750E-04    1.0784164435E-04    4.1022903151E-05
      8337.4649496963      -12.1120254000       -0.5373221941    1.4321439617E-04    1.0715344291E-04    3.6060953263E-05
      8337.5649496963      -12.0120254000       -0.5123165798    1.3699511283E-04    1.0614605283E-04    3.0849059993E-05
      8337.6649496963      -11.9120254000       -0.4860262017    1.3044225700E-04    1.0478771896E-04    2.5654538042E-05
      8337.7649496963      -11.8120254000       -0.4582299055    1.2370816042E-04    1.0301002901E-04    2.0698131408E-05
      8337.8649496963      -11.7120254000       -0.4286348218    1.1692795387E-04    1.0077134065E-04    1.6156613223E-05
      8337.9649496963      -11.6120254000       -0.3968387263    1.1016550139E-04    9.8004043018E-05    1.2161458369E-05
      8338.0649496963      -11.5120254000       -0.3622625460    1.0345413289E-04    9.4656634382E-05    8.7974985100E-06
      8338.1649496963      -11.4120254000       -0.3240174632    9.6809359953E-05    9.0700833532E-05    6.1085264207E-06
      8338.2649496963      -11.3120254000       -0.2806073544    9.0228702784E-05    8.6135769786E-05    4.0929329979E-06
      8338.3649496963      -11.2120254000       -0.2291149527    8.3705262826E-05    8.1005302250E-05    2.6999605753E-06
      8338.4649496963      -11.1120254000       -0.1620087316    7.7264283234E-05    7.5420471975E-05    1.8438112589E-06
      8338.5649496963      -11.0120254000        0.0000000000    7.0962150346E-05    6.9556543391E-05    1.4056069556E-06
      8338.6649496963      -10.9120254000        0.1620087316    6.4909285292E-05    6.3611628493E-05    1.2976567993E-06
      8338.7649496963      -10.8120254000        0.2291149527    5.9167066668E-05    5.7802256114E-05    1.3648105543E-06
      8338.8649496963      -10.7120254000        0.2806073544    5.3822556324E-05    5.2306675444E-05    1.5158808792E-06
      8338.9649496963      -10.6120254000        0.3240174632    4.8936732057E-05    4.7244495944E-05    1.6922361135E-06
      8339.0649496963      -10.5120254000        0.3622625460    4.4534784088E-05    4.2675171566E-05    1.8596125217E-06
      8339.1649496963      -10.4120254000        0.3968387263    4.0609893846E-05    3.8608849443E-05    2.0010444026E-06
      8339.2649496963      -10.3120254000        0.4286348218    3.7132940707E-05    3.5022454370E-05    2.1104863366E-06
      8339.3649496963      -10.2120254000        0.4582299055    3.4062619819E-05    3.1874583368E-05    2.1880364516E-06
      8339.4649496963      -10.1120254000        0.4860262017    3.1353270012E-05    2.9116466674E-05    2.2368033379E-06
      8339.5649496963      -10.0120254000        0.5123165798    2.8959890939E-05    2.6698842906E-05    2.2610480328E-06
      8339.6649497363       -9.9120253600        0.5373221941    2.6840859117E-05    2.4575680292E-05    2.2651788249E-06
      8339.7649497363       -9.8120253600        0.5612147089    2.4959093563E-05    2.2705828831E-05    2.2532647319E-06
      8339.8649497363       -9.7120253600        0.5841308174    2.3282290674E-05    2.1053448466E-05    2.2288422082E-06
      8339.9649497363       -9.6120253600        0.6061812003    2.1782682218E-05    1.9587805949E-05    2.1948762684E-06
      8340.0649497363       -9.5120253600        0.6274570930    2.0436572173E-05    1.8282776341E-05    2.1537958320E-06
      8340.1649497363       -9.4120253600        0.6480349265    1.9223808917E-05    1.7116249642E-05    2.1075592751E-06
      8340.2649497363       -9.3120253600        0.6679791177    1.8127269771E-05    1.6069542386E-05    2.0577273856E-06
      8340.3649497363       -9.2120253600        0.6873448074    1.7132393291E-05    1.5126860497E-05    2.0055327941E-06
      8340.4649497363       -9.1120253600        0.7061796655    1.6226771565E-05    1.4274830220E-05    1.9519413449E-06
      8340.5649497363       -9.0120253600        0.7245250921    1.5399802957E-05    1.3502098796E-05    1.8977041609E-06
      8340.6649497363       -8.9120253600        0.7424172983    1.4642400331E-05    1.2798999601E-05    1.8434007303E-06
      8340.7649497363       -8.8120253600        0.7598883343    1.3946747789E-05    1.2157273776E-05    1.7894740127E-06
      8340.8649497363       -8.7120253600        0.7769666121    1.3306098648E-05    1.1569839894E-05    1.7362587536E-06
      8340.9649497363       -8.6120253600        0.7936774527    1.2714607931E-05    1.1030603758E-05    1.6840041736E-06
      8341.0649497363       -8.5120253600        0.8100436294    1.2167193432E-05    1.0534301358E-05    1.6328920741E-06
      8341.1649497363       -8.4120253600        0.8260856597    1.1659420336E-05    1.0076369091E-05    1.5830512453E-06
      8341.2649497363       -8.3120253600        0.8418220435    1.1187405195E-05    9.6528362802E-06    1.5345689150E-06
      8341.3649497363       -8.2120253600        0.8572696437    1.0747735805E-05    9.2602359695E-06    1.4874998359E-06
      8341.4649497363       -8.1120253600        0.8724437390    1.0337404147E-05    8.8955306527E-06    1.4418734947E-06
      8341.5649497363       -8.0120253600        0.8873583607    9.9537500846E-06    8.5560502552E-06    1.3976998295E-06
      8341.6649497363       -7.9120253600        0.9020264387    9.5944139342E-06    8.2394401726E-06    1.3549737616E-06
      8341.7649497363       -7.8120253600        0.9164598109    9.2572963769E-06    7.9436175895E-06    1.3136787873E-06
      8341.8649497363       -7.7120253600        0.9306692831    8.9405244552E-06    7.6667346341E-06    1.2737898212E-06
      8341.9649497363       -7.6120253600        0.9446651558    8.6424226376E-06    7.4071471915E-06    1.2352754461E-06
      8342.0649497363       -7.5120253600        0.9584566200    8.3614881102E-06    7.1633884198E-06    1.1980996903E-06
      8342.1649497363       -7.4120253600        0.9720524034    8.0963696114E-06    6.9341461834E-06    1.1622234281E-06
      8342.2649497363       -7.3120253600        0.9854606861    7.8458492412E-06    6.7182437606E-06    1.1276054806E-06
      8342.3649497363       -7.2120253600        0.9986889138    7.6088267787E-06    6.5146233001E-06    1.0942034786E-06
      8342.4649497363       -7.1120253600        1.0117441488    7.3843061218E-06    6.3223315884E-06    1.0619745334E-06
      8342.5649497363       -7.0120253600        1.0246331595    7.1713835258E-06    6.1405077688E-06    1.0308757570E-06
      8342.6649497363       -6.9120253600        1.0373620906    6.9692373742E-06    5.9683727135E-06    1.0008646607E-06
      8342.7649497363       -6.8120253600        1.0499365615    6.7771192567E-06    5.8052198001E-06    9.7189945659E-07
      8342.8649497363       -6.7120253600        1.0623623074    6.5943461668E-06    5.6504068834E-06    9.4393928348E-07
      8342.9649497363       -6.6120253600        1.0746443882    6.4202936610E-06    5.5033492907E-06    9.1694437033E-07
      8343.0649497363       -6.5120253600        1.0867876258    6.2543898449E-06    5.3635136929E-06    8.9087615203E-07
      8343.1649497363       -6.4120253600        1.0987966719    6.0961100751E-06    5.2304127286E-06    8.6569734653E-07
      8343.2649497363       -6.3120253600        1.1106758793    5.9449722793E-06    5.1036002775E-06    8.4137200177E-07
      8343.3649497363       -6.2120253600        1.1224294177    5.8005328136E-06    4.9826672947E-06    8.1786551891E-07
      8343.4649497363       -6.1120253600        1.1340611477    5.6623827878E-06    4.8672381307E-06    7.9514465710E-07
      8343.5649497363       -6.0120253600        1.1455747332    5.5301447974E-06    4.7569672734E-06    7.7317752392E-07
