natx =      869
    x       y        z       iph  
      0.00000      0.00000      0.00000   0      0.00000
     -1.28229     -1.28229      1.28229   2      2.22099
     -1.28229      1.28229     -1.28229   2      2.22099
     -1.28229      1.28229      1.28229   2      2.22099
      1.28229     -1.28229     -1.28229   2      2.22099
      1.28229     -1.28229      1.28229   2      2.22099
      1.28229      1.28229     -1.28229   2      2.22099
     -1.28229     -1.28229     -1.28229   2      2.22099
      1.28229      1.28229      1.28229   2      2.22099
     -2.56458      0.00000     -0.00000   1      2.56458
      0.00000     -2.56458     -0.00000   1      2.56458
      0.00000      0.00000     -2.56458   1      2.56458
      2.56458      0.00000      0.00000   1      2.56458
     -0.00000      2.56458      0.00000   1      2.56458
      0.00000      0.00000      2.56458   1      2.56458
     -2.56458     -2.56458     -0.00000   1      3.62687
     -2.56458      0.00000     -2.56458   1      3.62687
     -2.56458      2.56458      0.00000   1      3.62687
     -2.56458      0.00000      2.56458   1      3.62687
      0.00000     -2.56458     -2.56458   1      3.62687
      2.56458     -2.56458      0.00000   1      3.62687
      0.00000     -2.56458      2.56458   1      3.62687
      2.56458      0.00000     -2.56458   1      3.62687
     -0.00000      2.56458     -2.56458   1      3.62687
      2.56458      2.56458      0.00000   1      3.62687
      2.56458      0.00000      2.56458   1      3.62687
     -0.00000      2.56458      2.56458   1      3.62687
     -1.28229     -1.28229     -3.84687   2      4.25288
     -1.28229     -3.84687     -1.28229   2      4.25288
     -3.84687     -1.28229     -1.28229   2      4.25288
     -1.28229     -1.28229      3.84687   2      4.25288
     -1.28229     -3.84687      1.28229   2      4.25288
     -3.84687     -1.28229      1.28229   2      4.25288
     -1.28229      3.84687     -1.28229   2      4.25288
     -1.28229      1.28229     -3.84687   2      4.25288
     -3.84687      1.28229     -1.28229   2      4.25288
     -1.28229      3.84687      1.28229   2      4.25288
     -1.28229      1.28229      3.84687   2      4.25288
     -3.84687      1.28229      1.28229   2      4.25288
      3.84687     -1.28229     -1.28229   2      4.25288
      1.28229     -1.28229     -3.84687   2      4.25288
      1.28229     -3.84687     -1.28229   2      4.25288
      3.84687     -1.28229      1.28229   2      4.25288
      1.28229     -1.28229      3.84687   2      4.25288
      1.28229     -3.84687      1.28229   2      4.25288
      3.84687      1.28229     -1.28229   2      4.25288
      1.28229      3.84687     -1.28229   2      4.25288
      1.28229      1.28229     -3.84687   2      4.25288
      3.84687      1.28229      1.28229   2      4.25288
      1.28229      3.84687      1.28229   2      4.25288
      1.28229      1.28229      3.84687   2      4.25288
     -2.56458     -2.56458      2.56458   1      4.44199
     -2.56458      2.56458     -2.56458   1      4.44199
     -2.56458      2.56458      2.56458   1      4.44199
      2.56458     -2.56458     -2.56458   1      4.44199
      2.56458     -2.56458      2.56458   1      4.44199
      2.56458      2.56458     -2.56458   1      4.44199
     -2.56458     -2.56458     -2.56458   1      4.44199
      2.56458      2.56458      2.56458   1      4.44199
     -5.12916      0.00000     -0.00000   1      5.12916
      0.00000     -5.12916     -0.00000   1      5.12916
      0.00000      0.00000     -5.12916   1      5.12916
      5.12916      0.00000      0.00000   1      5.12916
     -0.00000      5.12916      0.00000   1      5.12916
      0.00000      0.00000      5.12916   1      5.12916
     -1.28229     -3.84687     -3.84687   2      5.58938
     -3.84687     -3.84687     -1.28229   2      5.58938
     -1.28229     -3.84687      3.84687   2      5.58938
     -3.84687     -1.28229      3.84687   2      5.58938
     -3.84687     -3.84687      1.28229   2      5.58938
     -1.28229      3.84687     -3.84687   2      5.58938
     -3.84687      1.28229      3.84687   2      5.58938
      3.84687     -1.28229     -3.84687   2      5.58938
      1.28229     -3.84687      3.84687   2      5.58938
      3.84687      3.84687     -1.28229   2      5.58938
      3.84687      1.28229     -3.84687   2      5.58938
      1.28229      3.84687     -3.84687   2      5.58938
      3.84687      3.84687      1.28229   2      5.58938
      1.28229      3.84687      3.84687   2      5.58938
     -3.84687     -1.28229     -3.84687   2      5.58938
     -3.84687      3.84687     -1.28229   2      5.58938
     -3.84687      1.28229     -3.84687   2      5.58938
     -1.28229      3.84687      3.84687   2      5.58938
     -3.84687      3.84687      1.28229   2      5.58938
      3.84687     -3.84687     -1.28229   2      5.58938
      1.28229     -3.84687     -3.84687   2      5.58938
      3.84687     -1.28229      3.84687   2      5.58938
      3.84687     -3.84687      1.28229   2      5.58938
      3.84687      1.28229      3.84687   2      5.58938
     -2.56458     -5.12916     -0.00000   1      5.73458
     -5.12916     -2.56458     -0.00000   1      5.73458
     -2.56458      0.00000     -5.12916   1      5.73458
     -5.12916      0.00000     -2.56458   1      5.73458
     -2.56458      5.12916      0.00000   1      5.73458
     -2.56458      0.00000      5.12916   1      5.73458
     -5.12916      2.56458     -0.00000   1      5.73458
     -5.12916      0.00000      2.56458   1      5.73458
      0.00000     -2.56458     -5.12916   1      5.73458
      0.00000     -5.12916     -2.56458   1      5.73458
      5.12916     -2.56458      0.00000   1      5.73458
      2.56458     -5.12916     -0.00000   1      5.73458
      0.00000     -2.56458      5.12916   1      5.73458
      0.00000     -5.12916      2.56458   1      5.73458
      5.12916      0.00000     -2.56458   1      5.73458
      2.56458      0.00000     -5.12916   1      5.73458
     -0.00000      5.12916     -2.56458   1      5.73458
     -0.00000      2.56458     -5.12916   1      5.73458
      5.12916      2.56458      0.00000   1      5.73458
      5.12916      0.00000      2.56458   1      5.73458
      2.56458      5.12916      0.00000   1      5.73458
      2.56458      0.00000      5.12916   1      5.73458
     -0.00000      5.12916      2.56458   1      5.73458
     -0.00000      2.56458      5.12916   1      5.73458
     -2.56458     -2.56458     -5.12916   1      6.28192
     -2.56458     -5.12916     -2.56458   1      6.28192
     -5.12916     -2.56458     -2.56458   1      6.28192
     -2.56458     -2.56458      5.12916   1      6.28192
     -2.56458     -5.12916      2.56458   1      6.28192
     -5.12916     -2.56458      2.56458   1      6.28192
     -2.56458      5.12916     -2.56458   1      6.28192
     -2.56458      2.56458     -5.12916   1      6.28192
     -5.12916      2.56458     -2.56458   1      6.28192
     -2.56458      5.12916      2.56458   1      6.28192
     -2.56458      2.56458      5.12916   1      6.28192
     -5.12916      2.56458      2.56458   1      6.28192
      5.12916     -2.56458     -2.56458   1      6.28192
      2.56458     -2.56458     -5.12916   1      6.28192
      2.56458     -5.12916     -2.56458   1      6.28192
      5.12916     -2.56458      2.56458   1      6.28192
      2.56458     -2.56458      5.12916   1      6.28192
      2.56458     -5.12916      2.56458   1      6.28192
      5.12916      2.56458     -2.56458   1      6.28192
      2.56458      5.12916     -2.56458   1      6.28192
      2.56458      2.56458     -5.12916   1      6.28192
      5.12916      2.56458      2.56458   1      6.28192
      2.56458      5.12916      2.56458   1      6.28192
      2.56458      2.56458      5.12916   1      6.28192
     -3.84687     -3.84687      3.84687   2      6.66298
      3.84687      3.84687     -3.84687   2      6.66298
     -1.28229     -1.28229     -6.41146   2      6.66298
     -1.28229     -6.41146     -1.28229   2      6.66298
     -6.41146     -1.28229     -1.28229   2      6.66298
     -1.28229     -1.28229      6.41146   2      6.66298
     -1.28229     -6.41146      1.28229   2      6.66298
     -6.41146     -1.28229      1.28229   2      6.66298
     -1.28229      6.41146     -1.28229   2      6.66298
     -1.28229      1.28229     -6.41146   2      6.66298
     -6.41146      1.28229     -1.28229   2      6.66298
     -1.28229      6.41146      1.28229   2      6.66298
     -1.28229      1.28229      6.41146   2      6.66298
     -6.41146      1.28229      1.28229   2      6.66298
      6.41146     -1.28229     -1.28229   2      6.66298
      1.28229     -1.28229     -6.41146   2      6.66298
      1.28229     -6.41146     -1.28229   2      6.66298
      6.41146     -1.28229      1.28229   2      6.66298
      1.28229     -1.28229      6.41146   2      6.66298
      1.28229     -6.41146      1.28229   2      6.66298
      6.41146      1.28229     -1.28229   2      6.66298
      1.28229      6.41146     -1.28229   2      6.66298
      1.28229      1.28229     -6.41146   2      6.66298
      6.41146      1.28229      1.28229   2      6.66298
      1.28229      6.41146      1.28229   2      6.66298
      1.28229      1.28229      6.41146   2      6.66298
     -3.84687     -3.84687     -3.84687   2      6.66298
     -3.84687      3.84687     -3.84687   2      6.66298
     -3.84687      3.84687      3.84687   2      6.66298
      3.84687     -3.84687     -3.84687   2      6.66298
      3.84687     -3.84687      3.84687   2      6.66298
      3.84687      3.84687      3.84687   2      6.66298
     -5.12916     -5.12916     -0.00000   1      7.25373
     -5.12916      0.00000     -5.12916   1      7.25373
     -5.12916      5.12916      0.00000   1      7.25373
     -5.12916      0.00000      5.12916   1      7.25373
      0.00000     -5.12916     -5.12916   1      7.25373
      5.12916     -5.12916      0.00000   1      7.25373
      0.00000     -5.12916      5.12916   1      7.25373
      5.12916      0.00000     -5.12916   1      7.25373
     -0.00000      5.12916     -5.12916   1      7.25373
      5.12916      5.12916      0.00000   1      7.25373
      5.12916      0.00000      5.12916   1      7.25373
     -0.00000      5.12916      5.12916   1      7.25373
     -3.84687     -6.41146     -1.28229   2      7.58614
     -1.28229     -6.41146      3.84687   2      7.58614
     -3.84687     -6.41146      1.28229   2      7.58614
     -6.41146     -1.28229      3.84687   2      7.58614
      6.41146      1.28229     -3.84687   2      7.58614
      3.84687      6.41146     -1.28229   2      7.58614
      1.28229      6.41146     -3.84687   2      7.58614
      3.84687      6.41146      1.28229   2      7.58614
     -1.28229     -3.84687     -6.41146   2      7.58614
     -1.28229     -6.41146     -3.84687   2      7.58614
     -6.41146     -1.28229     -3.84687   2      7.58614
     -6.41146     -3.84687     -1.28229   2      7.58614
     -1.28229     -3.84687      6.41146   2      7.58614
     -3.84687     -1.28229      6.41146   2      7.58614
     -6.41146     -3.84687      1.28229   2      7.58614
     -1.28229      6.41146     -3.84687   2      7.58614
     -1.28229      3.84687     -6.41146   2      7.58614
     -3.84687      6.41146     -1.28229   2      7.58614
     -3.84687      1.28229     -6.41146   2      7.58614
     -6.41146      3.84687     -1.28229   2      7.58614
     -6.41146      1.28229     -3.84687   2      7.58614
     -1.28229      6.41146      3.84687   2      7.58614
     -1.28229      3.84687      6.41146   2      7.58614
     -3.84687      6.41146      1.28229   2      7.58614
     -3.84687      1.28229      6.41146   2      7.58614
     -6.41146      3.84687      1.28229   2      7.58614
     -6.41146      1.28229      3.84687   2      7.58614
      6.41146     -1.28229     -3.84687   2      7.58614
      6.41146     -3.84687     -1.28229   2      7.58614
      3.84687     -1.28229     -6.41146   2      7.58614
      3.84687     -6.41146     -1.28229   2      7.58614
      1.28229     -3.84687     -6.41146   2      7.58614
      1.28229     -6.41146     -3.84687   2      7.58614
      6.41146     -1.28229      3.84687   2      7.58614
      6.41146     -3.84687      1.28229   2      7.58614
      3.84687     -1.28229      6.41146   2      7.58614
      3.84687     -6.41146      1.28229   2      7.58614
      1.28229     -3.84687      6.41146   2      7.58614
      1.28229     -6.41146      3.84687   2      7.58614
      6.41146      3.84687     -1.28229   2      7.58614
      3.84687      1.28229     -6.41146   2      7.58614
      1.28229      3.84687     -6.41146   2      7.58614
      6.41146      3.84687      1.28229   2      7.58614
      6.41146      1.28229      3.84687   2      7.58614
      1.28229      6.41146      3.84687   2      7.58614
      1.28229      3.84687      6.41146   2      7.58614
     -3.84687     -1.28229     -6.41146   2      7.58614
      3.84687      1.28229      6.41146   2      7.58614
     -5.12916     -5.12916     -2.56458   1      7.69375
     -2.56458     -5.12916      5.12916   1      7.69375
     -5.12916     -2.56458      5.12916   1      7.69375
     -5.12916     -5.12916      2.56458   1      7.69375
     -2.56458      5.12916     -5.12916   1      7.69375
     -5.12916      5.12916     -2.56458   1      7.69375
     -5.12916      2.56458     -5.12916   1      7.69375
     -2.56458      5.12916      5.12916   1      7.69375
     -5.12916      5.12916      2.56458   1      7.69375
     -5.12916      2.56458      5.12916   1      7.69375
      5.12916     -2.56458     -5.12916   1      7.69375
      5.12916     -5.12916     -2.56458   1      7.69375
      2.56458     -5.12916     -5.12916   1      7.69375
      5.12916     -2.56458      5.12916   1      7.69375
      5.12916     -5.12916      2.56458   1      7.69375
      2.56458     -5.12916      5.12916   1      7.69375
      5.12916      5.12916     -2.56458   1      7.69375
      5.12916      2.56458     -5.12916   1      7.69375
      2.56458      5.12916     -5.12916   1      7.69375
      5.12916      5.12916      2.56458   1      7.69375
     -2.56458     -5.12916     -5.12916   1      7.69375
     -5.12916     -2.56458     -5.12916   1      7.69375
     -7.69375      0.00000     -0.00000   1      7.69375
      0.00000     -7.69375     -0.00000   1      7.69375
      0.00000      0.00000     -7.69375   1      7.69375
      7.69375      0.00000      0.00000   1      7.69375
      5.12916      2.56458      5.12916   1      7.69375
      2.56458      5.12916      5.12916   1      7.69375
     -0.00000      7.69375      0.00000   1      7.69375
      0.00000      0.00000      7.69375   1      7.69375
     -2.56458     -7.69375     -0.00000   1      8.10992
     -7.69375     -2.56458     -0.00000   1      8.10992
     -2.56458      0.00000     -7.69375   1      8.10992
     -7.69375      0.00000     -2.56458   1      8.10992
     -2.56458      7.69375      0.00000   1      8.10992
     -2.56458      0.00000      7.69375   1      8.10992
     -7.69375      2.56458     -0.00000   1      8.10992
     -7.69375      0.00000      2.56458   1      8.10992
      0.00000     -2.56458     -7.69375   1      8.10992
      0.00000     -7.69375     -2.56458   1      8.10992
      7.69375     -2.56458      0.00000   1      8.10992
      2.56458     -7.69375     -0.00000   1      8.10992
      0.00000     -2.56458      7.69375   1      8.10992
      0.00000     -7.69375      2.56458   1      8.10992
      7.69375      0.00000     -2.56458   1      8.10992
      2.56458      0.00000     -7.69375   1      8.10992
     -0.00000      7.69375     -2.56458   1      8.10992
     -0.00000      2.56458     -7.69375   1      8.10992
      7.69375      2.56458      0.00000   1      8.10992
      7.69375      0.00000      2.56458   1      8.10992
      2.56458      7.69375      0.00000   1      8.10992
      2.56458      0.00000      7.69375   1      8.10992
     -0.00000      7.69375      2.56458   1      8.10992
     -0.00000      2.56458      7.69375   1      8.10992
     -3.84687     -6.41146     -3.84687   2      8.40854
     -3.84687     -3.84687      6.41146   2      8.40854
     -3.84687     -6.41146      3.84687   2      8.40854
     -6.41146     -3.84687      3.84687   2      8.40854
     -3.84687      6.41146     -3.84687   2      8.40854
     -6.41146      3.84687      3.84687   2      8.40854
      6.41146     -3.84687     -3.84687   2      8.40854
      3.84687     -6.41146      3.84687   2      8.40854
      6.41146      3.84687     -3.84687   2      8.40854
      3.84687      6.41146     -3.84687   2      8.40854
      3.84687      3.84687     -6.41146   2      8.40854
      3.84687      6.41146      3.84687   2      8.40854
     -3.84687     -3.84687     -6.41146   2      8.40854
     -6.41146     -3.84687     -3.84687   2      8.40854
     -3.84687      3.84687     -6.41146   2      8.40854
     -6.41146      3.84687     -3.84687   2      8.40854
     -3.84687      6.41146      3.84687   2      8.40854
     -3.84687      3.84687      6.41146   2      8.40854
      3.84687     -3.84687     -6.41146   2      8.40854
      3.84687     -6.41146     -3.84687   2      8.40854
      6.41146     -3.84687      3.84687   2      8.40854
      3.84687     -3.84687      6.41146   2      8.40854
      6.41146      3.84687      3.84687   2      8.40854
      3.84687      3.84687      6.41146   2      8.40854
     -2.56458     -2.56458     -7.69375   1      8.50576
     -2.56458     -7.69375     -2.56458   1      8.50576
     -7.69375     -2.56458     -2.56458   1      8.50576
     -2.56458     -2.56458      7.69375   1      8.50576
     -2.56458     -7.69375      2.56458   1      8.50576
     -7.69375     -2.56458      2.56458   1      8.50576
     -2.56458      7.69375     -2.56458   1      8.50576
     -2.56458      2.56458     -7.69375   1      8.50576
     -7.69375      2.56458     -2.56458   1      8.50576
     -2.56458      7.69375      2.56458   1      8.50576
     -2.56458      2.56458      7.69375   1      8.50576
     -7.69375      2.56458      2.56458   1      8.50576
      7.69375     -2.56458     -2.56458   1      8.50576
      2.56458     -2.56458     -7.69375   1      8.50576
      2.56458     -7.69375     -2.56458   1      8.50576
      7.69375     -2.56458      2.56458   1      8.50576
      2.56458     -2.56458      7.69375   1      8.50576
      2.56458     -7.69375      2.56458   1      8.50576
      7.69375      2.56458     -2.56458   1      8.50576
      2.56458      7.69375     -2.56458   1      8.50576
      2.56458      2.56458     -7.69375   1      8.50576
      7.69375      2.56458      2.56458   1      8.50576
      2.56458      7.69375      2.56458   1      8.50576
      2.56458      2.56458      7.69375   1      8.50576
     -5.12916     -5.12916      5.12916   1      8.88397
     -5.12916      5.12916     -5.12916   1      8.88397
     -5.12916      5.12916      5.12916   1      8.88397
      5.12916     -5.12916     -5.12916   1      8.88397
      5.12916     -5.12916      5.12916   1      8.88397
      5.12916      5.12916     -5.12916   1      8.88397
     -5.12916     -5.12916     -5.12916   1      8.88397
      5.12916      5.12916      5.12916   1      8.88397
     -1.28229     -1.28229     -8.97604   2      9.15739
     -1.28229     -8.97604     -1.28229   2      9.15739
     -1.28229     -1.28229      8.97604   2      9.15739
     -1.28229     -6.41146      6.41146   2      9.15739
     -1.28229     -8.97604      1.28229   2      9.15739
     -6.41146     -1.28229      6.41146   2      9.15739
     -6.41146     -6.41146      1.28229   2      9.15739
     -8.97604     -1.28229      1.28229   2      9.15739
     -1.28229      8.97604     -1.28229   2      9.15739
     -1.28229      6.41146     -6.41146   2      9.15739
     -1.28229      1.28229     -8.97604   2      9.15739
     -1.28229      8.97604      1.28229   2      9.15739
     -1.28229      1.28229      8.97604   2      9.15739
     -6.41146      1.28229      6.41146   2      9.15739
     -8.97604      1.28229      1.28229   2      9.15739
      8.97604     -1.28229     -1.28229   2      9.15739
      6.41146     -1.28229     -6.41146   2      9.15739
      1.28229     -1.28229     -8.97604   2      9.15739
      1.28229     -8.97604     -1.28229   2      9.15739
      1.28229     -1.28229      8.97604   2      9.15739
      1.28229     -6.41146      6.41146   2      9.15739
      1.28229     -8.97604      1.28229   2      9.15739
      8.97604      1.28229     -1.28229   2      9.15739
      6.41146      6.41146     -1.28229   2      9.15739
      6.41146      1.28229     -6.41146   2      9.15739
      1.28229      8.97604     -1.28229   2      9.15739
      1.28229      6.41146     -6.41146   2      9.15739
      1.28229      1.28229     -8.97604   2      9.15739
      1.28229      8.97604      1.28229   2      9.15739
      1.28229      1.28229      8.97604   2      9.15739
     -1.28229     -6.41146     -6.41146   2      9.15739
     -6.41146     -1.28229     -6.41146   2      9.15739
     -6.41146     -6.41146     -1.28229   2      9.15739
     -8.97604     -1.28229     -1.28229   2      9.15739
     -6.41146      6.41146     -1.28229   2      9.15739
     -6.41146      1.28229     -6.41146   2      9.15739
     -8.97604      1.28229     -1.28229   2      9.15739
     -1.28229      6.41146      6.41146   2      9.15739
     -6.41146      6.41146      1.28229   2      9.15739
      6.41146     -6.41146     -1.28229   2      9.15739
      1.28229     -6.41146     -6.41146   2      9.15739
      8.97604     -1.28229      1.28229   2      9.15739
      6.41146     -1.28229      6.41146   2      9.15739
      6.41146     -6.41146      1.28229   2      9.15739
      8.97604      1.28229      1.28229   2      9.15739
      6.41146      6.41146      1.28229   2      9.15739
      6.41146      1.28229      6.41146   2      9.15739
      1.28229      6.41146      6.41146   2      9.15739
     -5.12916     -7.69375     -0.00000   1      9.24673
     -7.69375     -5.12916     -0.00000   1      9.24673
     -5.12916      0.00000     -7.69375   1      9.24673
     -7.69375      0.00000     -5.12916   1      9.24673
     -5.12916      7.69375      0.00000   1      9.24673
     -5.12916      0.00000      7.69375   1      9.24673
     -7.69375      5.12916     -0.00000   1      9.24673
     -7.69375      0.00000      5.12916   1      9.24673
      0.00000     -5.12916     -7.69375   1      9.24673
      0.00000     -7.69375     -5.12916   1      9.24673
      7.69375     -5.12916      0.00000   1      9.24673
      5.12916     -7.69375     -0.00000   1      9.24673
      0.00000     -5.12916      7.69375   1      9.24673
      0.00000     -7.69375      5.12916   1      9.24673
      7.69375      0.00000     -5.12916   1      9.24673
      5.12916      0.00000     -7.69375   1      9.24673
     -0.00000      7.69375     -5.12916   1      9.24673
     -0.00000      5.12916     -7.69375   1      9.24673
      7.69375      5.12916      0.00000   1      9.24673
      7.69375      0.00000      5.12916   1      9.24673
      5.12916      7.69375      0.00000   1      9.24673
      5.12916      0.00000      7.69375   1      9.24673
     -0.00000      7.69375      5.12916   1      9.24673
     -0.00000      5.12916      7.69375   1      9.24673
     -5.12916     -7.69375     -2.56458   1      9.59579
     -2.56458     -5.12916      7.69375   1      9.59579
     -2.56458     -7.69375      5.12916   1      9.59579
     -5.12916     -2.56458      7.69375   1      9.59579
     -5.12916     -7.69375      2.56458   1      9.59579
     -7.69375     -2.56458      5.12916   1      9.59579
     -2.56458      5.12916     -7.69375   1      9.59579
     -5.12916      2.56458      7.69375   1      9.59579
      5.12916     -2.56458     -7.69375   1      9.59579
      2.56458     -5.12916      7.69375   1      9.59579
      7.69375      2.56458     -5.12916   1      9.59579
      5.12916      7.69375     -2.56458   1      9.59579
      5.12916      2.56458     -7.69375   1      9.59579
      2.56458      7.69375     -5.12916   1      9.59579
      2.56458      5.12916     -7.69375   1      9.59579
      5.12916      7.69375      2.56458   1      9.59579
     -2.56458     -5.12916     -7.69375   1      9.59579
     -2.56458     -7.69375     -5.12916   1      9.59579
     -5.12916     -2.56458     -7.69375   1      9.59579
     -7.69375     -2.56458     -5.12916   1      9.59579
     -7.69375     -5.12916     -2.56458   1      9.59579
     -7.69375     -5.12916      2.56458   1      9.59579
     -2.56458      7.69375     -5.12916   1      9.59579
     -5.12916      7.69375     -2.56458   1      9.59579
     -5.12916      2.56458     -7.69375   1      9.59579
     -7.69375      5.12916     -2.56458   1      9.59579
     -7.69375      2.56458     -5.12916   1      9.59579
     -2.56458      7.69375      5.12916   1      9.59579
     -2.56458      5.12916      7.69375   1      9.59579
     -5.12916      7.69375      2.56458   1      9.59579
     -7.69375      5.12916      2.56458   1      9.59579
     -7.69375      2.56458      5.12916   1      9.59579
      7.69375     -2.56458     -5.12916   1      9.59579
      7.69375     -5.12916     -2.56458   1      9.59579
      5.12916     -7.69375     -2.56458   1      9.59579
      2.56458     -5.12916     -7.69375   1      9.59579
      2.56458     -7.69375     -5.12916   1      9.59579
      7.69375     -2.56458      5.12916   1      9.59579
      7.69375     -5.12916      2.56458   1      9.59579
      5.12916     -2.56458      7.69375   1      9.59579
      5.12916     -7.69375      2.56458   1      9.59579
      2.56458     -7.69375      5.12916   1      9.59579
      7.69375      5.12916     -2.56458   1      9.59579
      7.69375      5.12916      2.56458   1      9.59579
      7.69375      2.56458      5.12916   1      9.59579
      5.12916      2.56458      7.69375   1      9.59579
      2.56458      7.69375      5.12916   1      9.59579
      2.56458      5.12916      7.69375   1      9.59579
     -1.28229     -8.97604     -3.84687   2      9.84946
     -3.84687     -6.41146     -6.41146   2      9.84946
     -3.84687     -8.97604     -1.28229   2      9.84946
     -6.41146     -3.84687     -6.41146   2      9.84946
     -6.41146     -6.41146     -3.84687   2      9.84946
     -8.97604     -1.28229     -3.84687   2      9.84946
     -8.97604     -3.84687     -1.28229   2      9.84946
     -1.28229     -3.84687      8.97604   2      9.84946
     -1.28229     -8.97604      3.84687   2      9.84946
     -3.84687     -1.28229      8.97604   2      9.84946
     -3.84687     -6.41146      6.41146   2      9.84946
     -3.84687     -8.97604      1.28229   2      9.84946
     -6.41146     -3.84687      6.41146   2      9.84946
     -6.41146     -6.41146      3.84687   2      9.84946
     -8.97604     -1.28229      3.84687   2      9.84946
     -8.97604     -3.84687      1.28229   2      9.84946
     -1.28229      8.97604     -3.84687   2      9.84946
     -1.28229      3.84687     -8.97604   2      9.84946
     -3.84687      8.97604     -1.28229   2      9.84946
     -3.84687      6.41146     -6.41146   2      9.84946
     -3.84687      1.28229     -8.97604   2      9.84946
     -6.41146      6.41146     -3.84687   2      9.84946
     -6.41146      3.84687     -6.41146   2      9.84946
     -8.97604      3.84687     -1.28229   2      9.84946
     -8.97604      1.28229     -3.84687   2      9.84946
     -1.28229      8.97604      3.84687   2      9.84946
     -1.28229      3.84687      8.97604   2      9.84946
     -3.84687      8.97604      1.28229   2      9.84946
     -3.84687      6.41146      6.41146   2      9.84946
     -3.84687      1.28229      8.97604   2      9.84946
     -6.41146      6.41146      3.84687   2      9.84946
     -6.41146      3.84687      6.41146   2      9.84946
     -8.97604      3.84687      1.28229   2      9.84946
     -8.97604      1.28229      3.84687   2      9.84946
      8.97604     -1.28229     -3.84687   2      9.84946
      8.97604     -3.84687     -1.28229   2      9.84946
      6.41146     -3.84687     -6.41146   2      9.84946
      6.41146     -6.41146     -3.84687   2      9.84946
      3.84687     -1.28229     -8.97604   2      9.84946
      3.84687     -6.41146     -6.41146   2      9.84946
      3.84687     -8.97604     -1.28229   2      9.84946
      1.28229     -3.84687     -8.97604   2      9.84946
      1.28229     -8.97604     -3.84687   2      9.84946
      8.97604     -1.28229      3.84687   2      9.84946
      8.97604     -3.84687      1.28229   2      9.84946
      6.41146     -3.84687      6.41146   2      9.84946
      6.41146     -6.41146      3.84687   2      9.84946
      3.84687     -1.28229      8.97604   2      9.84946
      3.84687     -6.41146      6.41146   2      9.84946
      3.84687     -8.97604      1.28229   2      9.84946
      1.28229     -3.84687      8.97604   2      9.84946
      1.28229     -8.97604      3.84687   2      9.84946
      8.97604      3.84687     -1.28229   2      9.84946
      8.97604      1.28229     -3.84687   2      9.84946
      6.41146      6.41146     -3.84687   2      9.84946
      6.41146      3.84687     -6.41146   2      9.84946
      3.84687      8.97604     -1.28229   2      9.84946
      3.84687      6.41146     -6.41146   2      9.84946
      3.84687      1.28229     -8.97604   2      9.84946
      1.28229      8.97604     -3.84687   2      9.84946
      1.28229      3.84687     -8.97604   2      9.84946
      8.97604      3.84687      1.28229   2      9.84946
      8.97604      1.28229      3.84687   2      9.84946
      6.41146      6.41146      3.84687   2      9.84946
      6.41146      3.84687      6.41146   2      9.84946
      3.84687      8.97604      1.28229   2      9.84946
      3.84687      6.41146      6.41146   2      9.84946
      1.28229      8.97604      3.84687   2      9.84946
     -1.28229     -3.84687     -8.97604   2      9.84946
     -3.84687     -1.28229     -8.97604   2      9.84946
      3.84687      1.28229      8.97604   2      9.84946
      1.28229      3.84687      8.97604   2      9.84946
    -10.25833      0.00000     -0.00000   1     10.25833
      0.00000    -10.25833     -0.00000   1     10.25833
      0.00000      0.00000    -10.25833   1     10.25833
     10.25833      0.00000      0.00000   1     10.25833
     -0.00000     10.25833      0.00000   1     10.25833
      0.00000      0.00000     10.25833   1     10.25833
     -3.84687     -8.97604      3.84687   2     10.49600
      3.84687      8.97604     -3.84687   2     10.49600
     -3.84687     -3.84687     -8.97604   2     10.49600
     -3.84687     -8.97604     -3.84687   2     10.49600
     -8.97604     -3.84687     -3.84687   2     10.49600
     -3.84687     -3.84687      8.97604   2     10.49600
     -8.97604     -3.84687      3.84687   2     10.49600
     -3.84687      8.97604     -3.84687   2     10.49600
     -3.84687      3.84687     -8.97604   2     10.49600
     -8.97604      3.84687     -3.84687   2     10.49600
     -3.84687      8.97604      3.84687   2     10.49600
     -3.84687      3.84687      8.97604   2     10.49600
     -8.97604      3.84687      3.84687   2     10.49600
      8.97604     -3.84687     -3.84687   2     10.49600
      3.84687     -3.84687     -8.97604   2     10.49600
      3.84687     -8.97604     -3.84687   2     10.49600
      8.97604     -3.84687      3.84687   2     10.49600
      3.84687     -3.84687      8.97604   2     10.49600
      3.84687     -8.97604      3.84687   2     10.49600
      8.97604      3.84687     -3.84687   2     10.49600
      3.84687      3.84687     -8.97604   2     10.49600
      8.97604      3.84687      3.84687   2     10.49600
      3.84687      8.97604      3.84687   2     10.49600
      3.84687      3.84687      8.97604   2     10.49600
     -5.12916     -7.69375      5.12916   1     10.57404
      5.12916      7.69375     -5.12916   1     10.57404
     -5.12916     -5.12916     -7.69375   1     10.57404
     -5.12916     -7.69375     -5.12916   1     10.57404
     -7.69375     -5.12916     -5.12916   1     10.57404
     -2.56458    -10.25833     -0.00000   1     10.57404
     -5.12916     -5.12916      7.69375   1     10.57404
     -7.69375     -5.12916      5.12916   1     10.57404
    -10.25833     -2.56458     -0.00000   1     10.57404
     -2.56458      0.00000    -10.25833   1     10.57404
     -5.12916      7.69375     -5.12916   1     10.57404
     -5.12916      5.12916     -7.69375   1     10.57404
     -7.69375      5.12916     -5.12916   1     10.57404
    -10.25833      0.00000     -2.56458   1     10.57404
     -2.56458     10.25833      0.00000   1     10.57404
     -2.56458      0.00000     10.25833   1     10.57404
     -5.12916      7.69375      5.12916   1     10.57404
     -5.12916      5.12916      7.69375   1     10.57404
     -7.69375      5.12916      5.12916   1     10.57404
    -10.25833      2.56458     -0.00000   1     10.57404
    -10.25833      0.00000      2.56458   1     10.57404
      7.69375     -5.12916     -5.12916   1     10.57404
      5.12916     -5.12916     -7.69375   1     10.57404
      5.12916     -7.69375     -5.12916   1     10.57404
      0.00000     -2.56458    -10.25833   1     10.57404
      0.00000    -10.25833     -2.56458   1     10.57404
     10.25833     -2.56458      0.00000   1     10.57404
      7.69375     -5.12916      5.12916   1     10.57404
      5.12916     -5.12916      7.69375   1     10.57404
      5.12916     -7.69375      5.12916   1     10.57404
      2.56458    -10.25833     -0.00000   1     10.57404
      0.00000     -2.56458     10.25833   1     10.57404
      0.00000    -10.25833      2.56458   1     10.57404
     10.25833      0.00000     -2.56458   1     10.57404
      7.69375      5.12916     -5.12916   1     10.57404
      5.12916      5.12916     -7.69375   1     10.57404
      2.56458      0.00000    -10.25833   1     10.57404
     -0.00000     10.25833     -2.56458   1     10.57404
     -0.00000      2.56458    -10.25833   1     10.57404
     10.25833      2.56458      0.00000   1     10.57404
     10.25833      0.00000      2.56458   1     10.57404
      7.69375      5.12916      5.12916   1     10.57404
      5.12916      7.69375      5.12916   1     10.57404
      5.12916      5.12916      7.69375   1     10.57404
      2.56458     10.25833      0.00000   1     10.57404
      2.56458      0.00000     10.25833   1     10.57404
     -0.00000     10.25833      2.56458   1     10.57404
     -0.00000      2.56458     10.25833   1     10.57404
     -2.56458     -2.56458    -10.25833   1     10.88060
     -2.56458    -10.25833     -2.56458   1     10.88060
    -10.25833     -2.56458     -2.56458   1     10.88060
     -2.56458     -2.56458     10.25833   1     10.88060
     -2.56458    -10.25833      2.56458   1     10.88060
     -7.69375     -7.69375     -0.00000   1     10.88060
    -10.25833     -2.56458      2.56458   1     10.88060
     -2.56458     10.25833     -2.56458   1     10.88060
     -2.56458      2.56458    -10.25833   1     10.88060
    -10.25833      2.56458     -2.56458   1     10.88060
     -2.56458     10.25833      2.56458   1     10.88060
     -2.56458      2.56458     10.25833   1     10.88060
     -7.69375      0.00000      7.69375   1     10.88060
    -10.25833      2.56458      2.56458   1     10.88060
     10.25833     -2.56458     -2.56458   1     10.88060
      2.56458     -2.56458    -10.25833   1     10.88060
      2.56458    -10.25833     -2.56458   1     10.88060
     10.25833     -2.56458      2.56458   1     10.88060
      2.56458     -2.56458     10.25833   1     10.88060
      2.56458    -10.25833      2.56458   1     10.88060
      0.00000     -7.69375      7.69375   1     10.88060
     10.25833      2.56458     -2.56458   1     10.88060
      7.69375      0.00000     -7.69375   1     10.88060
      2.56458     10.25833     -2.56458   1     10.88060
      2.56458      2.56458    -10.25833   1     10.88060
     -0.00000      7.69375     -7.69375   1     10.88060
     10.25833      2.56458      2.56458   1     10.88060
      7.69375      7.69375      0.00000   1     10.88060
      2.56458     10.25833      2.56458   1     10.88060
      2.56458      2.56458     10.25833   1     10.88060
     -7.69375      0.00000     -7.69375   1     10.88060
     -7.69375      7.69375      0.00000   1     10.88060
      0.00000     -7.69375     -7.69375   1     10.88060
      7.69375     -7.69375      0.00000   1     10.88060
      7.69375      0.00000      7.69375   1     10.88060
     -0.00000      7.69375      7.69375   1     10.88060
     -6.41145     -8.97604      1.28229   2     11.10497
      6.41145      8.97604     -1.28229   2     11.10497
     -1.28229     -8.97604     -6.41146   2     11.10497
     -6.41146     -6.41146     -6.41146   2     11.10497
     -6.41145     -8.97604     -1.28229   2     11.10497
     -8.97604     -1.28229     -6.41146   2     11.10497
     -8.97604     -6.41146     -1.28229   2     11.10497
     -1.28229     -6.41146      8.97604   2     11.10497
     -1.28229     -8.97604      6.41146   2     11.10497
     -6.41146     -1.28229      8.97604   2     11.10497
     -6.41146     -6.41146      6.41145   2     11.10497
     -8.97604     -1.28229      6.41146   2     11.10497
     -8.97604     -6.41146      1.28229   2     11.10497
     -1.28229      8.97604     -6.41146   2     11.10497
     -1.28229      6.41146     -8.97604   2     11.10497
     -6.41146      8.97604     -1.28229   2     11.10497
     -6.41146      6.41146     -6.41146   2     11.10497
     -8.97604      6.41146     -1.28229   2     11.10497
     -8.97604      1.28229     -6.41146   2     11.10497
     -1.28229      8.97604      6.41146   2     11.10497
     -6.41146      8.97604      1.28229   2     11.10497
     -6.41146      6.41146      6.41146   2     11.10497
     -6.41146      1.28229      8.97604   2     11.10497
     -8.97604      6.41146      1.28229   2     11.10497
     -8.97604      1.28229      6.41146   2     11.10497
      8.97604     -1.28229     -6.41146   2     11.10497
      8.97604     -6.41146     -1.28229   2     11.10497
      6.41146     -1.28229     -8.97604   2     11.10497
      6.41146     -6.41146     -6.41146   2     11.10497
      6.41146     -8.97604     -1.28229   2     11.10497
      1.28229     -8.97604     -6.41146   2     11.10497
      8.97604     -1.28229      6.41146   2     11.10497
      8.97604     -6.41146      1.28229   2     11.10497
      6.41146     -6.41146      6.41146   2     11.10497
      6.41146     -8.97604      1.28229   2     11.10497
      1.28229     -6.41146      8.97604   2     11.10497
      1.28229     -8.97604      6.41146   2     11.10497
      8.97604      6.41146     -1.28229   2     11.10497
      8.97604      1.28229     -6.41146   2     11.10497
      6.41146      6.41146     -6.41145   2     11.10497
      6.41146      1.28229     -8.97604   2     11.10497
      1.28229      8.97604     -6.41146   2     11.10497
      1.28229      6.41146     -8.97604   2     11.10497
      8.97604      6.41146      1.28229   2     11.10497
      8.97604      1.28229      6.41146   2     11.10497
      6.41145      8.97604      1.28229   2     11.10497
      6.41146      6.41146      6.41146   2     11.10497
      1.28229      8.97604      6.41146   2     11.10497
     -1.28229     -6.41146     -8.97604   2     11.10497
     -6.41146     -1.28229     -8.97604   2     11.10497
     -6.41146      1.28229     -8.97604   2     11.10497
     -1.28229      6.41146      8.97604   2     11.10497
      1.28229     -6.41146     -8.97604   2     11.10497
      6.41146     -1.28229      8.97604   2     11.10497
      6.41146      1.28229      8.97604   2     11.10497
      1.28229      6.41146      8.97604   2     11.10497
     -2.56458     -7.69375     -7.69375   1     11.17875
     -7.69375     -7.69375     -2.56458   1     11.17875
     -2.56458     -7.69375      7.69375   1     11.17875
     -7.69375     -2.56458      7.69375   1     11.17875
     -7.69375     -7.69375      2.56458   1     11.17875
     -2.56458      7.69375     -7.69375   1     11.17875
     -7.69375      2.56458      7.69375   1     11.17875
      7.69375     -2.56458     -7.69375   1     11.17875
      2.56458     -7.69375      7.69375   1     11.17875
      7.69375      7.69375     -2.56458   1     11.17875
      7.69375      2.56458     -7.69375   1     11.17875
      2.56458      7.69375     -7.69375   1     11.17875
      7.69375      7.69375      2.56458   1     11.17875
      2.56458      7.69375      7.69375   1     11.17875
     -7.69375     -2.56458     -7.69375   1     11.17875
     -7.69375      7.69375     -2.56458   1     11.17875
     -7.69375      2.56458     -7.69375   1     11.17875
     -2.56458      7.69375      7.69375   1     11.17875
     -7.69375      7.69375      2.56458   1     11.17875
      7.69375     -7.69375     -2.56458   1     11.17875
      2.56458     -7.69375     -7.69375   1     11.17875
      7.69375     -2.56458      7.69375   1     11.17875
      7.69375     -7.69375      2.56458   1     11.17875
      7.69375      2.56458      7.69375   1     11.17875
     -5.12916    -10.25833     -0.00000   1     11.46916
    -10.25833     -5.12916     -0.00000   1     11.46916
     -5.12916      0.00000    -10.25833   1     11.46916
    -10.25833      0.00000     -5.12916   1     11.46916
     -5.12916     10.25833      0.00000   1     11.46916
     -5.12916      0.00000     10.25833   1     11.46916
    -10.25833      5.12916     -0.00000   1     11.46916
    -10.25833      0.00000      5.12916   1     11.46916
      0.00000     -5.12916    -10.25833   1     11.46916
      0.00000    -10.25833     -5.12916   1     11.46916
     10.25833     -5.12916      0.00000   1     11.46916
      5.12916    -10.25833     -0.00000   1     11.46916
      0.00000     -5.12916     10.25833   1     11.46916
      0.00000    -10.25833      5.12916   1     11.46916
     10.25833      0.00000     -5.12916   1     11.46916
      5.12916      0.00000    -10.25833   1     11.46916
     -0.00000     10.25833     -5.12916   1     11.46916
     -0.00000      5.12916    -10.25833   1     11.46916
     10.25833      5.12916      0.00000   1     11.46916
     10.25833      0.00000      5.12916   1     11.46916
      5.12916     10.25833      0.00000   1     11.46916
      5.12916      0.00000     10.25833   1     11.46916
     -0.00000     10.25833      5.12916   1     11.46916
     -0.00000      5.12916     10.25833   1     11.46916
     -3.84687     -8.97604      6.41145   2     11.68223
     -6.41145     -8.97604      3.84687   2     11.68223
     -8.97604     -6.41146      3.84687   2     11.68223
      8.97604      6.41146     -3.84687   2     11.68223
      6.41145      8.97604     -3.84687   2     11.68223
      3.84687      8.97604     -6.41145   2     11.68223
     -1.28229     -1.28229    -11.54062   2     11.68223
     -1.28229    -11.54062     -1.28229   2     11.68223
     -3.84687     -6.41146     -8.97604   2     11.68223
     -3.84687     -8.97604     -6.41146   2     11.68223
     -6.41146     -3.84687     -8.97604   2     11.68223
     -6.41145     -8.97604     -3.84687   2     11.68223
     -8.97604     -3.84687     -6.41146   2     11.68223
     -8.97604     -6.41146     -3.84687   2     11.68223
    -11.54062     -1.28229     -1.28229   2     11.68223
     -1.28229     -1.28229     11.54062   2     11.68223
     -1.28229    -11.54062      1.28229   2     11.68223
     -3.84687     -6.41146      8.97604   2     11.68223
     -6.41146     -3.84687      8.97604   2     11.68223
     -8.97604     -3.84687      6.41145   2     11.68223
    -11.54062     -1.28229      1.28229   2     11.68223
     -1.28229     11.54062     -1.28229   2     11.68223
     -1.28229      1.28229    -11.54062   2     11.68223
     -3.84687      8.97604     -6.41146   2     11.68223
     -3.84687      6.41146     -8.97604   2     11.68223
     -6.41146      8.97604     -3.84687   2     11.68223
     -6.41146      3.84687     -8.97604   2     11.68223
     -8.97604      6.41146     -3.84687   2     11.68223
     -8.97604      3.84687     -6.41146   2     11.68223
    -11.54062      1.28229     -1.28229   2     11.68223
     -1.28229     11.54062      1.28229   2     11.68223
     -1.28229      1.28229     11.54062   2     11.68223
     -3.84687      8.97604      6.41146   2     11.68223
     -3.84687      6.41146      8.97604   2     11.68223
     -6.41146      8.97604      3.84687   2     11.68223
     -6.41146      3.84687      8.97604   2     11.68223
     -8.97604      6.41146      3.84687   2     11.68223
     -8.97604      3.84687      6.41146   2     11.68223
    -11.54062      1.28229      1.28229   2     11.68223
     11.54062     -1.28229     -1.28229   2     11.68223
      8.97604     -3.84687     -6.41146   2     11.68223
      8.97604     -6.41146     -3.84687   2     11.68223
      6.41146     -3.84687     -8.97604   2     11.68223
      6.41146     -8.97604     -3.84687   2     11.68223
      3.84687     -6.41146     -8.97604   2     11.68223
      3.84687     -8.97604     -6.41146   2     11.68223
      1.28229     -1.28229    -11.54062   2     11.68223
      1.28229    -11.54062     -1.28229   2     11.68223
     11.54062     -1.28229      1.28229   2     11.68223
      8.97604     -3.84687      6.41146   2     11.68223
      8.97604     -6.41146      3.84687   2     11.68223
      6.41146     -3.84687      8.97604   2     11.68223
      6.41146     -8.97604      3.84687   2     11.68223
      3.84687     -6.41146      8.97604   2     11.68223
      3.84687     -8.97604      6.41146   2     11.68223
      1.28229     -1.28229     11.54062   2     11.68223
      1.28229    -11.54062      1.28229   2     11.68223
     11.54062      1.28229     -1.28229   2     11.68223
      8.97604      3.84687     -6.41145   2     11.68223
      6.41146      3.84687     -8.97604   2     11.68223
      3.84687      6.41146     -8.97604   2     11.68223
      1.28229     11.54062     -1.28229   2     11.68223
      1.28229      1.28229    -11.54062   2     11.68223
     11.54062      1.28229      1.28229   2     11.68223
      8.97604      6.41146      3.84687   2     11.68223
      8.97604      3.84687      6.41146   2     11.68223
      6.41145      8.97604      3.84687   2     11.68223
      6.41146      3.84687      8.97604   2     11.68223
      3.84687      8.97604      6.41146   2     11.68223
      3.84687      6.41146      8.97604   2     11.68223
      1.28229     11.54062      1.28229   2     11.68223
      1.28229      1.28229     11.54062   2     11.68223
     -2.56458     -5.12916    -10.25833   1     11.75239
     -2.56458    -10.25833     -5.12916   1     11.75239
     -5.12916     -2.56458    -10.25833   1     11.75239
     -5.12916    -10.25833     -2.56458   1     11.75239
    -10.25833     -2.56458     -5.12916   1     11.75239
    -10.25833     -5.12916     -2.56458   1     11.75239
     -2.56458     -5.12916     10.25833   1     11.75239
     -2.56458    -10.25833      5.12916   1     11.75239
     -5.12916     -2.56458     10.25833   1     11.75239
     -5.12916    -10.25833      2.56458   1     11.75239
    -10.25833     -2.56458      5.12916   1     11.75239
    -10.25833     -5.12916      2.56458   1     11.75239
     -2.56458     10.25833     -5.12916   1     11.75239
     -2.56458      5.12916    -10.25833   1     11.75239
     -5.12916     10.25833     -2.56458   1     11.75239
     -5.12916      2.56458    -10.25833   1     11.75239
    -10.25833      5.12916     -2.56458   1     11.75239
    -10.25833      2.56458     -5.12916   1     11.75239
     -2.56458     10.25833      5.12916   1     11.75239
     -2.56458      5.12916     10.25833   1     11.75239
     -5.12916     10.25833      2.56458   1     11.75239
     -5.12916      2.56458     10.25833   1     11.75239
    -10.25833      5.12916      2.56458   1     11.75239
    -10.25833      2.56458      5.12916   1     11.75239
     10.25833     -2.56458     -5.12916   1     11.75239
     10.25833     -5.12916     -2.56458   1     11.75239
      5.12916     -2.56458    -10.25833   1     11.75239
      5.12916    -10.25833     -2.56458   1     11.75239
      2.56458     -5.12916    -10.25833   1     11.75239
      2.56458    -10.25833     -5.12916   1     11.75239
     10.25833     -2.56458      5.12916   1     11.75239
     10.25833     -5.12916      2.56458   1     11.75239
      5.12916     -2.56458     10.25833   1     11.75239
      5.12916    -10.25833      2.56458   1     11.75239
      2.56458     -5.12916     10.25833   1     11.75239
      2.56458    -10.25833      5.12916   1     11.75239
     10.25833      5.12916     -2.56458   1     11.75239
     10.25833      2.56458     -5.12916   1     11.75239
      5.12916     10.25833     -2.56458   1     11.75239
      5.12916      2.56458    -10.25833   1     11.75239
      2.56458     10.25833     -5.12916   1     11.75239
      2.56458      5.12916    -10.25833   1     11.75239
     10.25833      5.12916      2.56458   1     11.75239
     10.25833      2.56458      5.12916   1     11.75239
      5.12916     10.25833      2.56458   1     11.75239
      5.12916      2.56458     10.25833   1     11.75239
      2.56458     10.25833      5.12916   1     11.75239
      2.56458      5.12916     10.25833   1     11.75239
