  -0.1341872460E+001   0.1240040135E-006   0.7316319908E-005
  -0.1338197529E+001   0.6839516461E-006   0.7272649374E-005
  -0.1334522599E+001   0.1243360445E-005   0.7228760190E-005
  -0.1330847668E+001   0.1802337449E-005   0.7185008096E-005
  -0.1327172737E+001   0.2360957241E-005   0.7141620745E-005
  -0.1323497806E+001   0.2919320026E-005   0.7098708466E-005
  -0.1319822875E+001   0.3477408310E-005   0.7056577525E-005
  -0.1316147944E+001   0.4035338340E-005   0.7015219912E-005
  -0.1312473013E+001   0.4593285539E-005   0.6974875863E-005
  -0.1308798082E+001   0.5151293549E-005   0.6935764223E-005
  -0.1305123151E+001   0.5709469919E-005   0.6897924063E-005
  -0.1301448220E+001   0.6268015009E-005   0.6861499326E-005
  -0.1297773290E+001   0.6826988526E-005   0.6826567461E-005
  -0.1294098359E+001   0.7386605915E-005   0.6793209051E-005
  -0.1290423428E+001   0.7946977999E-005   0.6761557864E-005
  -0.1286748497E+001   0.8508280897E-005   0.6731701070E-005
  -0.1283073566E+001   0.9070615354E-005   0.6703616766E-005
  -0.1279398635E+001   0.9634218587E-005   0.6677350752E-005
  -0.1275723704E+001   0.1019911795E-004   0.6653032291E-005
  -0.1272048773E+001   0.1076558776E-004   0.6630594491E-005
  -0.1268373842E+001   0.1133367404E-004   0.6610042744E-005
  -0.1264698911E+001   0.1190352726E-004   0.6591465964E-005
  -0.1261023981E+001   0.1247529657E-004   0.6574808976E-005
  -0.1257349050E+001   0.1304909936E-004   0.6560064436E-005
  -0.1253674119E+001   0.1362510525E-004   0.6547242770E-005
  -0.1249999188E+001   0.1420335184E-004   0.6536313656E-005
  -0.1246324257E+001   0.1478401362E-004   0.6527237071E-005
  -0.1242649326E+001   0.1536716551E-004   0.6520031804E-005
  -0.1238974395E+001   0.1595297761E-004   0.6514713974E-005
  -0.1235299464E+001   0.1654140788E-004   0.6511178111E-005
  -0.1231624533E+001   0.1713270416E-004   0.6509383318E-005
  -0.1227949602E+001   0.1772683023E-004   0.6509407431E-005
  -0.1224274672E+001   0.1832396787E-004   0.6511075088E-005
  -0.1220599741E+001   0.1892432673E-004   0.6514592029E-005
  -0.1216924810E+001   0.1952733637E-004   0.6519632947E-005
  -0.1213249879E+001   0.2013411061E-004   0.6526253568E-005
  -0.1209574948E+001   0.2074405845E-004   0.6534717635E-005
  -0.1205900017E+001   0.2135721682E-004   0.6544766088E-005
  -0.1202225086E+001   0.2197366564E-004   0.6556186573E-005
  -0.1198550155E+001   0.2259405047E-004   0.6569225121E-005
  -0.1194875224E+001   0.2321777310E-004   0.6583972522E-005
  -0.1191200293E+001   0.2384490540E-004   0.6600027467E-005
  -0.1187525363E+001   0.2447606464E-004   0.6617654320E-005
  -0.1183850432E+001   0.2511069149E-004   0.6636788320E-005
  -0.1180175501E+001   0.2574882688E-004   0.6657064001E-005
  -0.1176500570E+001   0.2639165065E-004   0.6678808956E-005
  -0.1172825639E+001   0.2703813958E-004   0.6702157875E-005
  -0.1169150708E+001   0.2768815301E-004   0.6727055194E-005
  -0.1165475777E+001   0.2834250615E-004   0.6752670825E-005
  -0.1161800846E+001   0.2900102343E-004   0.6780349223E-005
  -0.1158125915E+001   0.2966351904E-004   0.6808962590E-005
  -0.1154450984E+001   0.3033067986E-004   0.6838635059E-005
  -0.1150776054E+001   0.3100174043E-004   0.6870160224E-005
  -0.1147101123E+001   0.3167739468E-004   0.6903003834E-005
  -0.1143426192E+001   0.3235741746E-004   0.6937010253E-005
  -0.1139751261E+001   0.3304145692E-004   0.6972251778E-005
  -0.1136076330E+001   0.3373056061E-004   0.7008720843E-005
  -0.1132401399E+001   0.3442414140E-004   0.7046692381E-005
  -0.1128726468E+001   0.3512220873E-004   0.7085884048E-005
  -0.1125051537E+001   0.3582535303E-004   0.7126472268E-005
  -0.1121376606E+001   0.3653301335E-004   0.7168581743E-005
  -0.1117701675E+001   0.3724519979E-004   0.7211880172E-005
  -0.1114026745E+001   0.3796240455E-004   0.7256491603E-005
  -0.1110351814E+001   0.3868445910E-004   0.7301816431E-005
  -0.1106676883E+001   0.3941193468E-004   0.7348884312E-005
  -0.1103001952E+001   0.4014452599E-004   0.7397427220E-005
  -0.1099327021E+001   0.4088181549E-004   0.7447243601E-005
  -0.1095652090E+001   0.4162444599E-004   0.7498044246E-005
  -0.1091977159E+001   0.4237314830E-004   0.7550347134E-005
  -0.1088302228E+001   0.4312648857E-004   0.7604712304E-005
  -0.1084627297E+001   0.4388524533E-004   0.7659651272E-005
  -0.1080952366E+001   0.4464957913E-004   0.7716275542E-005
  -0.1077277436E+001   0.4541979787E-004   0.7774355375E-005
  -0.1073602505E+001   0.4619497566E-004   0.7833685493E-005
  -0.1069927574E+001   0.4697645504E-004   0.7893986230E-005
  -0.1066252643E+001   0.4776407814E-004   0.7956308474E-005
  -0.1062577712E+001   0.4855716772E-004   0.8019991523E-005
  -0.1058902781E+001   0.4935662734E-004   0.8085026552E-005
  -0.1055227850E+001   0.5016177414E-004   0.8151919467E-005
  -0.1051552919E+001   0.5097307657E-004   0.8219958146E-005
  -0.1047877988E+001   0.5179091278E-004   0.8289310476E-005
  -0.1044203057E+001   0.5261529817E-004   0.8360576496E-005
  -0.1040528127E+001   0.5344589792E-004   0.8433767292E-005
  -0.1036853196E+001   0.5428276627E-004   0.8508314541E-005
  -0.1033178265E+001   0.5512632676E-004   0.8584173028E-005
  -0.1029503334E+001   0.5597663481E-004   0.8661713904E-005
  -0.1025828403E+001   0.5683396593E-004   0.8740991889E-005
  -0.1022153472E+001   0.5769861831E-004   0.8821822154E-005
  -0.1018478541E+001   0.5856977332E-004   0.8905170050E-005
  -0.1014803610E+001   0.5944823053E-004   0.8989218892E-005
  -0.1011128679E+001   0.6033420125E-004   0.9075794708E-005
  -0.1007453748E+001   0.6122758953E-004   0.9163835756E-005
  -0.1003778818E+001   0.6212837029E-004   0.9254450134E-005
  -0.1000103887E+001   0.6303647732E-004   0.9346502752E-005
  -0.9964289557E+000   0.6395228724E-004   0.9440369936E-005
  -0.9927540248E+000   0.6487629016E-004   0.9536112958E-005
  -0.9890790939E+000   0.6580853538E-004   0.9634107291E-005
  -0.9854041630E+000   0.6674855810E-004   0.9734223453E-005
  -0.9817292321E+000   0.6769711032E-004   0.9836390017E-005
  -0.9780543012E+000   0.6865349424E-004   0.9940837656E-005
  -0.9743793703E+000   0.6961922933E-004   0.1004741015E-004
  -0.9707044394E+000   0.7059292888E-004   0.1015630946E-004
  -0.9670295085E+000   0.7157595484E-004   0.1026726287E-004
  -0.9633545776E+000   0.7256767624E-004   0.1038093403E-004
  -0.9596796467E+000   0.7356868555E-004   0.1049668446E-004
  -0.9560047158E+000   0.7457904248E-004   0.1061535846E-004
  -0.9523297849E+000   0.7559829571E-004   0.1073608816E-004
  -0.9486548540E+000   0.7662764237E-004   0.1085932983E-004
  -0.9449799231E+000   0.7766732472E-004   0.1098520316E-004
  -0.9413049922E+000   0.7871614325E-004   0.1111437275E-004
  -0.9376300613E+000   0.7977567787E-004   0.1124575408E-004
  -0.9339551304E+000   0.8084535523E-004   0.1138008626E-004
  -0.9302801995E+000   0.8192588226E-004   0.1151797393E-004
  -0.9266052686E+000   0.8301638308E-004   0.1165829852E-004
  -0.9229303377E+000   0.8411806436E-004   0.1180187796E-004
  -0.9192554068E+000   0.8523110392E-004   0.1194801867E-004
  -0.9155804759E+000   0.8635587968E-004   0.1209803055E-004
  -0.9119055450E+000   0.8749145824E-004   0.1225160328E-004
  -0.9082306141E+000   0.8863911706E-004   0.1240820111E-004
  -0.9045556832E+000   0.8979844435E-004   0.1256854993E-004
  -0.9008807523E+000   0.9097014861E-004   0.1273203648E-004
  -0.8972058214E+000   0.9215452790E-004   0.1289940488E-004
  -0.8935308905E+000   0.9335165806E-004   0.1307068029E-004
  -0.8898559596E+000   0.9456129019E-004   0.1324616027E-004
  -0.8861810287E+000   0.9578476869E-004   0.1342527347E-004
  -0.8825060978E+000   0.9702076047E-004   0.1360884553E-004
  -0.8788311669E+000   0.9827128976E-004   0.1379638914E-004
  -0.8751562360E+000   0.9953521438E-004   0.1398810587E-004
  -0.8714813051E+000   0.1008143088E-003   0.1418447896E-004
  -0.8678063742E+000   0.1021074521E-003   0.1438569703E-004
  -0.8641314433E+000   0.1034158328E-003   0.1459168577E-004
  -0.8604565124E+000   0.1047391772E-003   0.1480260983E-004
  -0.8567815815E+000   0.1060778776E-003   0.1501879177E-004
  -0.8531066506E+000   0.1074329461E-003   0.1523956536E-004
  -0.8494317197E+000   0.1088039952E-003   0.1546670059E-004
  -0.8457567888E+000   0.1101908868E-003   0.1569827065E-004
  -0.8420818579E+000   0.1115972959E-003   0.1593662897E-004
  -0.8384069270E+000   0.1130174248E-003   0.1618109472E-004
  -0.8347319961E+000   0.1144569675E-003   0.1643013757E-004
  -0.8310570652E+000   0.1159160721E-003   0.1668723829E-004
  -0.8273821343E+000   0.1173892717E-003   0.1694964953E-004
  -0.8237072034E+000   0.1188877580E-003   0.1721865691E-004
  -0.8200322725E+000   0.1204010835E-003   0.1749690249E-004
  -0.8163573416E+000   0.1219346415E-003   0.1778080466E-004
  -0.8126824107E+000   0.1234887648E-003   0.1807225971E-004
  -0.8090074798E+000   0.1250635274E-003   0.1837157773E-004
  -0.8053325489E+000   0.1266592827E-003   0.1867884872E-004
  -0.8016576180E+000   0.1282761137E-003   0.1899445395E-004
  -0.7979826871E+000   0.1299143113E-003   0.1931655464E-004
  -0.7943077562E+000   0.1315797776E-003   0.1964790567E-004
  -0.7906328253E+000   0.1332671703E-003   0.1999107712E-004
  -0.7869578944E+000   0.1349768881E-003   0.2034379357E-004
  -0.7832829635E+000   0.1367091876E-003   0.2070524806E-004
  -0.7796080326E+000   0.1384695075E-003   0.2107655019E-004
  -0.7759331017E+000   0.1402529839E-003   0.2145861935E-004
  -0.7722581708E+000   0.1420652463E-003   0.2185156301E-004
  -0.7685832399E+000   0.1439011897E-003   0.2225484223E-004
  -0.7649083090E+000   0.1457720782E-003   0.2267131999E-004
  -0.7612333781E+000   0.1476621870E-003   0.2310095503E-004
  -0.7575584472E+000   0.1495876349E-003   0.2354011404E-004
  -0.7538835163E+000   0.1515438839E-003   0.2399609679E-004
  -0.7502085854E+000   0.1535254206E-003   0.2446529869E-004
  -0.7465336545E+000   0.1555436564E-003   0.2494697188E-004
  -0.7428587236E+000   0.1575935901E-003   0.2544781272E-004
  -0.7391837927E+000   0.1596703897E-003   0.2596039523E-004
  -0.7355088618E+000   0.1617906073E-003   0.2648990156E-004
  -0.7318339309E+000   0.1639382297E-003   0.2703659633E-004
  -0.7281590000E+000   0.1661300699E-003   0.2760103590E-004
  -0.7244840691E+000   0.1683509641E-003   0.2818435451E-004
  -0.7208091382E+000   0.1706169333E-003   0.2878613355E-004
  -0.7171342073E+000   0.1729179193E-003   0.2940951270E-004
  -0.7134592764E+000   0.1752600565E-003   0.3005230239E-004
  -0.7097843455E+000   0.1776437133E-003   0.3071605369E-004
  -0.7061094146E+000   0.1800744548E-003   0.3140452118E-004
  -0.7024344837E+000   0.1825429662E-003   0.3211544863E-004
  -0.6987595528E+000   0.1850654280E-003   0.3285303662E-004
  -0.6950846219E+000   0.1876266521E-003   0.3361770018E-004
  -0.6914096910E+000   0.1902379983E-003   0.3440622601E-004
  -0.6877347601E+000   0.1929053238E-003   0.3522512147E-004
  -0.6840598292E+000   0.1956191012E-003   0.3607692665E-004
  -0.6803848983E+000   0.1983850679E-003   0.3695805592E-004
  -0.6767099674E+000   0.2012094580E-003   0.3787279745E-004
  -0.6730350365E+000   0.2040881486E-003   0.3882444847E-004
  -0.6693601056E+000   0.2070216580E-003   0.3981070152E-004
  -0.6656851747E+000   0.2100213691E-003   0.4083534614E-004
  -0.6620102438E+000   0.2130779983E-003   0.4190116226E-004
  -0.6583353129E+000   0.2162028902E-003   0.4300881874E-004
  -0.6546603820E+000   0.2193918180E-003   0.4416187266E-004
  -0.6509854511E+000   0.2226514313E-003   0.4536139734E-004
  -0.6473105202E+000   0.2259828054E-003   0.4661245450E-004
  -0.6436355893E+000   0.2293868633E-003   0.4791743645E-004
  -0.6399606584E+000   0.2328648976E-003   0.4927756881E-004
  -0.6362857275E+000   0.2364235127E-003   0.5069613812E-004
  -0.6326107966E+000   0.2400638352E-003   0.5217972572E-004
  -0.6289358657E+000   0.2437822646E-003   0.5372648398E-004
  -0.6252609348E+000   0.2475960531E-003   0.5534318480E-004
  -0.6215860039E+000   0.2514959287E-003   0.5703678871E-004
  -0.6179110730E+000   0.2554887146E-003   0.5880879516E-004
  -0.6142361421E+000   0.2595761047E-003   0.6066190790E-004
  -0.6105612112E+000   0.2637703290E-003   0.6260536541E-004
  -0.6068862803E+000   0.2680626863E-003   0.6464491480E-004
  -0.6032113494E+000   0.2724654301E-003   0.6678544047E-004
  -0.5995364185E+000   0.2769749842E-003   0.6903296912E-004
  -0.5958614876E+000   0.2816037264E-003   0.7139488222E-004
  -0.5921865567E+000   0.2863485904E-003   0.7388010433E-004
  -0.5885116258E+000   0.2912170082E-003   0.7649558607E-004
  -0.5848366949E+000   0.2962109951E-003   0.7924891188E-004
  -0.5811617640E+000   0.3013430170E-003   0.8215349614E-004
  -0.5774868331E+000   0.3066047877E-003   0.8521956878E-004
  -0.5738119022E+000   0.3120089322E-003   0.8845454179E-004
  -0.5701369713E+000   0.3175624164E-003   0.9187581730E-004
  -0.5664620404E+000   0.3232645035E-003   0.9549628925E-004
  -0.5627871095E+000   0.3291166795E-003   0.9933131977E-004
  -0.5591121786E+000   0.3351329634E-003   0.1033970955E-003
  -0.5554372477E+000   0.3413061996E-003   0.1077107422E-003
  -0.5517623168E+000   0.3476468960E-003   0.1122874507E-003
  -0.5480873859E+000   0.3541616953E-003   0.1171544793E-003
  -0.5444124550E+000   0.3608499162E-003   0.1223354890E-003
  -0.5407375241E+000   0.3677150090E-003   0.1278531853E-003
  -0.5370625932E+000   0.3747569519E-003   0.1337401958E-003
  -0.5333876623E+000   0.3819800934E-003   0.1400232885E-003
  -0.5297127314E+000   0.3893792130E-003   0.1467410129E-003
  -0.5260378005E+000   0.3969525137E-003   0.1539250686E-003
  -0.5223628696E+000   0.4047002072E-003   0.1616170959E-003
  -0.5186879387E+000   0.4126140155E-003   0.1698660383E-003
  -0.5150130078E+000   0.4206809279E-003   0.1787222353E-003
  -0.5113380769E+000   0.4288865877E-003   0.1882308083E-003
  -0.5076631460E+000   0.4372149489E-003   0.1984603611E-003
  -0.5039882151E+000   0.4456420819E-003   0.2094660623E-003
  -0.5003132842E+000   0.4541358692E-003   0.2213245979E-003
  -0.4966383533E+000   0.4626520658E-003   0.2341126002E-003
  -0.4929634224E+000   0.4711375936E-003   0.2479048821E-003
  -0.4892884915E+000   0.4795334321E-003   0.2627850849E-003
  -0.4856135606E+000   0.4877599568E-003   0.2788490025E-003
  -0.4819386297E+000   0.4957215225E-003   0.2961897970E-003
  -0.4782636988E+000   0.5032964844E-003   0.3149073096E-003
  -0.4745887679E+000   0.5103392483E-003   0.3350947262E-003
  -0.4709138370E+000   0.5166807375E-003   0.3568390756E-003
  -0.4672389061E+000   0.5221108864E-003   0.3802289302E-003
  -0.4635639752E+000   0.5263958267E-003   0.4053226173E-003
  -0.4598890443E+000   0.5292502823E-003   0.4321670569E-003
  -0.4562141134E+000   0.5303533196E-003   0.4607661605E-003
  -0.4525391825E+000   0.5293463094E-003   0.4910734400E-003
  -0.4488642516E+000   0.5258271532E-003   0.5229818924E-003
  -0.4451893207E+000   0.5193788082E-003   0.5562899087E-003
  -0.4415143898E+000   0.5095745171E-003   0.5907155670E-003
  -0.4378394589E+000   0.4959903809E-003   0.6258528245E-003
  -0.4341645280E+000   0.4782546535E-003   0.6611706689E-003
  -0.4304895971E+000   0.4560743646E-003   0.6960213165E-003
  -0.4268146662E+000   0.4292787179E-003   0.7296339493E-003
  -0.4231397353E+000   0.3978713149E-003   0.7611565302E-003
  -0.4194648044E+000   0.3620504461E-003   0.7897050989E-003
  -0.4157898735E+000   0.3222216837E-003   0.8144017879E-003
  -0.4121149426E+000   0.2790356325E-003   0.8344510743E-003
  -0.4084400117E+000   0.2333115417E-003   0.8492122692E-003
  -0.4047650808E+000   0.1860455090E-003   0.8582404151E-003
  -0.4010901499E+000   0.1383111116E-003   0.8613486626E-003
  -0.3974152190E+000   0.9118495854E-004   0.8586210903E-003
  -0.3937402881E+000   0.4567258738E-004   0.8503713935E-003
  -0.3900653572E+000   0.2656510458E-005   0.8371363219E-003
  -0.3863904263E+000  -0.3717473589E-004   0.8196181757E-003
  -0.3827154954E+000  -0.7334030311E-004   0.7985943126E-003
  -0.3790405645E+000  -0.1055560185E-003   0.7748724061E-003
  -0.3753656336E+000  -0.1337394545E-003   0.7492494169E-003
  -0.3716907027E+000  -0.1579595488E-003   0.7224248621E-003
  -0.3680157718E+000  -0.1783965777E-003   0.6950249638E-003
  -0.3643408412E+000  -0.1953230488E-003   0.6675680143E-003
  -0.3606659103E+000  -0.2090597328E-003   0.6404606732E-003
  -0.3569909794E+000  -0.2199480018E-003   0.6140104942E-003
  -0.3533160485E+000  -0.2283209629E-003   0.5884407242E-003
  -0.3496411176E+000  -0.2345112986E-003   0.5638948552E-003
  -0.3459661867E+000  -0.2388100397E-003   0.5404666073E-003
  -0.3422912558E+000  -0.2415027304E-003   0.5181959024E-003
  -0.3386163249E+000  -0.2428236964E-003   0.4970802673E-003
  -0.3349413940E+000  -0.2429811788E-003   0.4771056226E-003
  -0.3312664631E+000  -0.2421690198E-003   0.4582303602E-003
  -0.3275915322E+000  -0.2405271183E-003   0.4403952549E-003
  -0.3239166013E+000  -0.2381936264E-003   0.4235526826E-003
  -0.3202416704E+000  -0.2352860309E-003   0.4076331593E-003
  -0.3165667395E+000  -0.2318913833E-003   0.3925614008E-003
  -0.3128918086E+000  -0.2280783714E-003   0.3782796126E-003
  -0.3092168777E+000  -0.2239224017E-003   0.3647199495E-003
  -0.3055419468E+000  -0.2194640068E-003   0.3518140245E-003
  -0.3018670159E+000  -0.2147477719E-003   0.3395019047E-003
  -0.2981920850E+000  -0.2098044558E-003   0.3277273546E-003
  -0.2945171541E+000  -0.2046549679E-003   0.3164255749E-003
  -0.2908422232E+000  -0.1993225174E-003   0.3055542775E-003
  -0.2871672923E+000  -0.1938188072E-003   0.2950579548E-003
  -0.2834923614E+000  -0.1881585076E-003   0.2848880975E-003
  -0.2798174305E+000  -0.1823422447E-003   0.2750040452E-003
  -0.2761424996E+000  -0.1763794568E-003   0.2653656100E-003
  -0.2724675687E+000  -0.1702746731E-003   0.2559427453E-003
  -0.2687926378E+000  -0.1640410873E-003   0.2467087724E-003
  -0.2651177069E+000  -0.1576863977E-003   0.2376329798E-003
  -0.2614427760E+000  -0.1512225569E-003   0.2287013200E-003
  -0.2577678451E+000  -0.1446728130E-003   0.2199057911E-003
  -0.2540929142E+000  -0.1380549867E-003   0.2112363620E-003
  -0.2504179833E+000  -0.1313975829E-003   0.2027051297E-003
  -0.2467430524E+000  -0.1247384434E-003   0.1943174028E-003
  -0.2430681215E+000  -0.1181224584E-003   0.1860899098E-003
  -0.2393931906E+000  -0.1115911211E-003   0.1780072619E-003
  -0.2357182597E+000  -0.1051302946E-003   0.1702358871E-003
  -0.2320433288E+000  -0.9886931751E-004   0.1627178513E-003
  -0.2283683979E+000  -0.9281424138E-004   0.1554574770E-003
  -0.2246934670E+000  -0.8699284666E-004   0.1484755320E-003
  -0.2210185361E+000  -0.8143004766E-004   0.1417889507E-003
  -0.2173436052E+000  -0.7614462900E-004   0.1354095250E-003
  -0.2136686743E+000  -0.7114859901E-004   0.1293436861E-003
  -0.2099937434E+000  -0.6644744918E-004   0.1235927333E-003
  -0.2063188125E+000  -0.6204087333E-004   0.1181533865E-003
  -0.2026438816E+000  -0.5792372422E-004   0.1130185362E-003
  -0.1989689507E+000  -0.5408704994E-004   0.1081780704E-003
  -0.1952940198E+000  -0.5051909835E-004   0.1036196843E-003
  -0.1916190889E+000  -0.4720621903E-004   0.9932961338E-004
  -0.1879441580E+000  -0.4413362691E-004   0.9529325592E-004
  -0.1842692271E+000  -0.4128601794E-004   0.9149567690E-004
  -0.1805942962E+000  -0.3864804353E-004   0.8792199650E-004
  -0.1769193653E+000  -0.3620466032E-004   0.8455767647E-004
  -0.1732444344E+000  -0.3394137531E-004   0.8138872042E-004
  -0.1695695035E+000  -0.3184440696E-004   0.7840180465E-004
  -0.1658945726E+000  -0.2990078107E-004   0.7558435513E-004
  -0.1622196417E+000  -0.2809837760E-004   0.7292458375E-004
  -0.1585447108E+000  -0.2642594186E-004   0.7041149505E-004
  -0.1548697799E+000  -0.2487307060E-004   0.6803487206E-004
  -0.1511948490E+000  -0.2343018119E-004   0.6578524811E-004
  -0.1475199181E+000  -0.2208847006E-004   0.6365386975E-004
  -0.1438449872E+000  -0.2083986501E-004   0.6163265456E-004
  -0.1401700563E+000  -0.1967697459E-004   0.5971414655E-004
  -0.1364951254E+000  -0.1859303691E-004   0.5789147115E-004
  -0.1328201945E+000  -0.1758186944E-004   0.5615829102E-004
  -0.1291452636E+000  -0.1663782081E-004   0.5450876362E-004
  -0.1254703327E+000  -0.1575572523E-004   0.5293750099E-004
  -0.1217954018E+000  -0.1493085992E-004   0.5143953213E-004
  -0.1181204709E+000  -0.1415890566E-004   0.5001026801E-004
  -0.1144455400E+000  -0.1343591044E-004   0.4864546923E-004
  -0.1107706091E+000  -0.1275825619E-004   0.4734121635E-004
  -0.1070956782E+000  -0.1212262841E-004   0.4609388269E-004
  -0.1034207473E+000  -0.1152598852E-004   0.4490010946E-004
  -0.9974581642E-001  -0.1096554879E-004   0.4375678309E-004
  -0.9607088552E-001  -0.1043874954E-004   0.4266101459E-004
  -0.9239595462E-001  -0.9943238542E-005   0.4161012078E-004
  -0.8872102372E-001  -0.9476852402E-005   0.4060160718E-004
  -0.8504609282E-001  -0.9037599635E-005   0.3963315249E-004
  -0.8137116192E-001  -0.8623645426E-005   0.3870259447E-004
  -0.7769623102E-001  -0.8233297824E-005   0.3780791707E-004
  -0.7402130012E-001  -0.7864995246E-005   0.3694723877E-004
  -0.7034636922E-001  -0.7517295177E-005   0.3611880193E-004
  -0.6667143832E-001  -0.7188863935E-005   0.3532096310E-004
  -0.6299650742E-001  -0.6878467399E-005   0.3455218419E-004
  -0.5932157652E-001  -0.6584962611E-005   0.3381102442E-004
  -0.5564664562E-001  -0.6307290150E-005   0.3309613296E-004
