# Once                                                             FEFF 10.0.0
# POT  SCF  30  3.0000   0, NO core-hole, AFOLP (folp(0)= 1.150)
# Abs   Z=60 Rmt= 1.670 Rnm= 1.749 K  shell
# Pot 1 Z=60 Rmt= 1.670 Rnm= 1.749
# Pot 2 Z=26 Rmt= 1.299 Rnm= 1.386
# Pot 3 Z= 8 Rmt= 1.045 Rnm= 1.099
# Pot 4 Z= 8 Rmt= 1.037 Rnm= 1.094
# Gam_ch=2.100E+01 H-L exch Vi= 0.000E+00 Vr= 0.000E+00
# Mu=-1.096E+01eV kf=2.106E+00 Vint=-1.973E+01eV Rs_int= 1.722
#  -----------------------------------------------------------------------
#   0.91214E+00  0.75284E+01  0.79022E+00 -0.4029158E+00  0.1603384E+04 method to calculate xsect
#   2.1000000E+01    351    301
#       em              xsnorm            xsec  
 -0.409639017E+02  0.10500E+02  0.24339E-04  0.32961E-04  0.47556E-04
 -0.408639017E+02  0.10500E+02  0.24518E-04  0.33027E-04  0.47954E-04
 -0.407639017E+02  0.10500E+02  0.24699E-04  0.33090E-04  0.48356E-04
 -0.406639017E+02  0.10500E+02  0.24880E-04  0.33149E-04  0.48762E-04
 -0.405639017E+02  0.10500E+02  0.25063E-04  0.33204E-04  0.49171E-04
 -0.404639017E+02  0.10500E+02  0.25247E-04  0.33255E-04  0.49584E-04
 -0.403639017E+02  0.10500E+02  0.25432E-04  0.33303E-04  0.50001E-04
 -0.402639017E+02  0.10500E+02  0.25619E-04  0.33346E-04  0.50421E-04
 -0.401639017E+02  0.10500E+02  0.25806E-04  0.33386E-04  0.50845E-04
 -0.400639017E+02  0.10500E+02  0.25995E-04  0.33421E-04  0.51273E-04
 -0.399639017E+02  0.10500E+02  0.26184E-04  0.33451E-04  0.51704E-04
 -0.398639017E+02  0.10500E+02  0.26375E-04  0.33477E-04  0.52138E-04
 -0.397639017E+02  0.10500E+02  0.26567E-04  0.33499E-04  0.52577E-04
 -0.396639017E+02  0.10500E+02  0.26760E-04  0.33516E-04  0.53018E-04
 -0.395639017E+02  0.10500E+02  0.26954E-04  0.33528E-04  0.53464E-04
 -0.394639017E+02  0.10500E+02  0.27150E-04  0.33535E-04  0.53912E-04
 -0.393639017E+02  0.10500E+02  0.27346E-04  0.33536E-04  0.54364E-04
 -0.392639017E+02  0.10500E+02  0.27543E-04  0.33533E-04  0.54820E-04
 -0.391639017E+02  0.10500E+02  0.27742E-04  0.33524E-04  0.55278E-04
 -0.390639017E+02  0.10500E+02  0.27941E-04  0.33510E-04  0.55740E-04
 -0.389639017E+02  0.10500E+02  0.28142E-04  0.33490E-04  0.56206E-04
 -0.388639017E+02  0.10500E+02  0.28343E-04  0.33465E-04  0.56674E-04
 -0.387639017E+02  0.10500E+02  0.28545E-04  0.33434E-04  0.57145E-04
 -0.386639017E+02  0.10500E+02  0.28748E-04  0.33396E-04  0.57620E-04
 -0.385639017E+02  0.10500E+02  0.28952E-04  0.33353E-04  0.58097E-04
 -0.384639017E+02  0.10500E+02  0.29157E-04  0.33303E-04  0.58578E-04
 -0.383639017E+02  0.10500E+02  0.29363E-04  0.33247E-04  0.59061E-04
 -0.382639017E+02  0.10500E+02  0.29570E-04  0.33185E-04  0.59547E-04
 -0.381639017E+02  0.10500E+02  0.29777E-04  0.33116E-04  0.60035E-04
 -0.380639017E+02  0.10500E+02  0.29986E-04  0.33040E-04  0.60527E-04
 -0.379639017E+02  0.10500E+02  0.30195E-04  0.32957E-04  0.61020E-04
 -0.378639017E+02  0.10500E+02  0.30404E-04  0.32867E-04  0.61516E-04
 -0.377639017E+02  0.10500E+02  0.30615E-04  0.32771E-04  0.62014E-04
 -0.376639017E+02  0.10500E+02  0.30826E-04  0.32666E-04  0.62515E-04
 -0.375639017E+02  0.10500E+02  0.31037E-04  0.32555E-04  0.63017E-04
 -0.374639017E+02  0.10500E+02  0.31250E-04  0.32436E-04  0.63522E-04
 -0.373639017E+02  0.10500E+02  0.31462E-04  0.32309E-04  0.64028E-04
 -0.372639017E+02  0.10500E+02  0.31675E-04  0.32175E-04  0.64536E-04
 -0.371639017E+02  0.10500E+02  0.31889E-04  0.32032E-04  0.65045E-04
 -0.370639017E+02  0.10500E+02  0.32103E-04  0.31882E-04  0.65556E-04
 -0.369639017E+02  0.10500E+02  0.32318E-04  0.31724E-04  0.66068E-04
 -0.368639017E+02  0.10500E+02  0.32532E-04  0.31557E-04  0.66581E-04
 -0.367639017E+02  0.10500E+02  0.32747E-04  0.31382E-04  0.67095E-04
 -0.366639017E+02  0.10500E+02  0.32963E-04  0.31198E-04  0.67610E-04
 -0.365639017E+02  0.10500E+02  0.33178E-04  0.31006E-04  0.68125E-04
 -0.364639017E+02  0.10500E+02  0.33393E-04  0.30805E-04  0.68641E-04
 -0.363639017E+02  0.10500E+02  0.33609E-04  0.30595E-04  0.69157E-04
 -0.362639017E+02  0.10500E+02  0.33825E-04  0.30377E-04  0.69673E-04
 -0.361639017E+02  0.10500E+02  0.34040E-04  0.30149E-04  0.70189E-04
 -0.360639017E+02  0.10500E+02  0.34256E-04  0.29913E-04  0.70705E-04
 -0.359639017E+02  0.10500E+02  0.34471E-04  0.29667E-04  0.71220E-04
 -0.358639017E+02  0.10500E+02  0.34686E-04  0.29412E-04  0.71735E-04
 -0.357639017E+02  0.10500E+02  0.34901E-04  0.29147E-04  0.72249E-04
 -0.356639017E+02  0.10500E+02  0.35116E-04  0.28874E-04  0.72761E-04
 -0.355639017E+02  0.10500E+02  0.35330E-04  0.28590E-04  0.73272E-04
 -0.354639017E+02  0.10500E+02  0.35543E-04  0.28298E-04  0.73782E-04
 -0.353639017E+02  0.10500E+02  0.35756E-04  0.27995E-04  0.74290E-04
 -0.352639017E+02  0.10500E+02  0.35969E-04  0.27683E-04  0.74795E-04
 -0.351639017E+02  0.10500E+02  0.36181E-04  0.27362E-04  0.75299E-04
 -0.350639017E+02  0.10500E+02  0.36392E-04  0.27030E-04  0.75800E-04
 -0.349639017E+02  0.10500E+02  0.36602E-04  0.26689E-04  0.76298E-04
 -0.348639017E+02  0.10500E+02  0.36812E-04  0.26338E-04  0.76793E-04
 -0.347639017E+02  0.10500E+02  0.37020E-04  0.25977E-04  0.77285E-04
 -0.346639017E+02  0.10500E+02  0.37228E-04  0.25607E-04  0.77774E-04
 -0.345639017E+02  0.10500E+02  0.37435E-04  0.25227E-04  0.78258E-04
 -0.344639017E+02  0.10500E+02  0.37640E-04  0.24836E-04  0.78739E-04
 -0.343639017E+02  0.10500E+02  0.37844E-04  0.24437E-04  0.79215E-04
 -0.342639017E+02  0.10500E+02  0.38046E-04  0.24027E-04  0.79687E-04
 -0.341639017E+02  0.10500E+02  0.38248E-04  0.23607E-04  0.80154E-04
 -0.340639017E+02  0.10500E+02  0.38447E-04  0.23178E-04  0.80616E-04
 -0.339639017E+02  0.10500E+02  0.38646E-04  0.22740E-04  0.81072E-04
 -0.338639017E+02  0.10500E+02  0.38842E-04  0.22291E-04  0.81523E-04
 -0.337639017E+02  0.10500E+02  0.39037E-04  0.21834E-04  0.81968E-04
 -0.336639017E+02  0.10500E+02  0.39230E-04  0.21367E-04  0.82407E-04
 -0.335639017E+02  0.10500E+02  0.39421E-04  0.20890E-04  0.82839E-04
 -0.334639017E+02  0.10500E+02  0.39611E-04  0.20404E-04  0.83264E-04
 -0.333639017E+02  0.10500E+02  0.39798E-04  0.19909E-04  0.83683E-04
 -0.332639017E+02  0.10500E+02  0.39983E-04  0.19405E-04  0.84094E-04
 -0.331639017E+02  0.10500E+02  0.40166E-04  0.18892E-04  0.84498E-04
 -0.330639017E+02  0.10500E+02  0.40346E-04  0.18371E-04  0.84893E-04
 -0.329639017E+02  0.10500E+02  0.40524E-04  0.17840E-04  0.85281E-04
 -0.328639017E+02  0.10500E+02  0.40700E-04  0.17302E-04  0.85660E-04
 -0.327639017E+02  0.10500E+02  0.40873E-04  0.16755E-04  0.86031E-04
 -0.326639017E+02  0.10500E+02  0.41044E-04  0.16199E-04  0.86393E-04
 -0.325639017E+02  0.10500E+02  0.41212E-04  0.15636E-04  0.86746E-04
 -0.324639017E+02  0.10500E+02  0.41377E-04  0.15065E-04  0.87089E-04
 -0.323639017E+02  0.10500E+02  0.41539E-04  0.14487E-04  0.87423E-04
 -0.322639017E+02  0.10500E+02  0.41698E-04  0.13901E-04  0.87746E-04
 -0.321639017E+02  0.10500E+02  0.41855E-04  0.13308E-04  0.88060E-04
 -0.320639017E+02  0.10500E+02  0.42008E-04  0.12708E-04  0.88363E-04
 -0.319639017E+02  0.10500E+02  0.42158E-04  0.12101E-04  0.88656E-04
 -0.318639017E+02  0.10500E+02  0.42305E-04  0.11488E-04  0.88938E-04
 -0.317639017E+02  0.10500E+02  0.42449E-04  0.10869E-04  0.89209E-04
 -0.316639017E+02  0.10500E+02  0.42589E-04  0.10244E-04  0.89469E-04
 -0.315639017E+02  0.10500E+02  0.42726E-04  0.96133E-05  0.89718E-04
 -0.314639017E+02  0.10500E+02  0.42859E-04  0.89772E-05  0.89955E-04
 -0.313639017E+02  0.10500E+02  0.42988E-04  0.83361E-05  0.90180E-04
 -0.312639017E+02  0.10500E+02  0.43114E-04  0.76901E-05  0.90394E-04
 -0.311639017E+02  0.10500E+02  0.43237E-04  0.70397E-05  0.90595E-04
 -0.310639017E+02  0.10500E+02  0.43355E-04  0.63851E-05  0.90784E-04
 -0.309639017E+02  0.10500E+02  0.43470E-04  0.57267E-05  0.90961E-04
 -0.308639017E+02  0.10500E+02  0.43581E-04  0.50647E-05  0.91125E-04
 -0.307639017E+02  0.10500E+02  0.43688E-04  0.43995E-05  0.91277E-04
 -0.306639017E+02  0.10500E+02  0.43791E-04  0.37311E-05  0.91416E-04
 -0.305639017E+02  0.10500E+02  0.43890E-04  0.30605E-05  0.91542E-04
 -0.304639017E+02  0.10500E+02  0.43985E-04  0.23876E-05  0.91655E-04
 -0.303639017E+02  0.10500E+02  0.44076E-04  0.17129E-05  0.91756E-04
 -0.302639017E+02  0.10500E+02  0.44162E-04  0.10367E-05  0.91843E-04
 -0.301639017E+02  0.10500E+02  0.44245E-04  0.35922E-06  0.91917E-04
 -0.300639017E+02  0.10500E+02  0.44323E-04 -0.31904E-06  0.91979E-04
 -0.299639017E+02  0.10500E+02  0.44397E-04 -0.99779E-06  0.92027E-04
 -0.298639017E+02  0.10500E+02  0.44467E-04 -0.16767E-05  0.92061E-04
 -0.297639017E+02  0.10500E+02  0.44532E-04 -0.23553E-05  0.92083E-04
 -0.296639017E+02  0.10500E+02  0.44593E-04 -0.30334E-05  0.92092E-04
 -0.295639017E+02  0.10500E+02  0.44650E-04 -0.37105E-05  0.92087E-04
 -0.294639017E+02  0.10500E+02  0.44702E-04 -0.43864E-05  0.92070E-04
 -0.293639017E+02  0.10500E+02  0.44750E-04 -0.50606E-05  0.92039E-04
 -0.292639017E+02  0.10500E+02  0.44794E-04 -0.57328E-05  0.91995E-04
 -0.291639017E+02  0.10500E+02  0.44833E-04 -0.64027E-05  0.91939E-04
 -0.290639017E+02  0.10500E+02  0.44868E-04 -0.70700E-05  0.91869E-04
 -0.289639017E+02  0.10500E+02  0.44898E-04 -0.77342E-05  0.91787E-04
 -0.288639017E+02  0.10500E+02  0.44924E-04 -0.83950E-05  0.91692E-04
 -0.287639017E+02  0.10500E+02  0.44946E-04 -0.90522E-05  0.91585E-04
 -0.286639017E+02  0.10500E+02  0.44963E-04 -0.97053E-05  0.91465E-04
 -0.285639017E+02  0.10500E+02  0.44975E-04 -0.10354E-04  0.91333E-04
 -0.284639017E+02  0.10500E+02  0.44984E-04 -0.10998E-04  0.91189E-04
 -0.283639017E+02  0.10500E+02  0.44988E-04 -0.11637E-04  0.91033E-04
 -0.282639017E+02  0.10500E+02  0.44987E-04 -0.12271E-04  0.90865E-04
 -0.281639017E+02  0.10500E+02  0.44983E-04 -0.12900E-04  0.90685E-04
 -0.280639017E+02  0.10500E+02  0.44974E-04 -0.13522E-04  0.90495E-04
 -0.279639017E+02  0.10500E+02  0.44961E-04 -0.14138E-04  0.90292E-04
 -0.278639017E+02  0.10500E+02  0.44943E-04 -0.14748E-04  0.90079E-04
 -0.277639017E+02  0.10500E+02  0.44922E-04 -0.15352E-04  0.89856E-04
 -0.276639017E+02  0.10500E+02  0.44896E-04 -0.15948E-04  0.89621E-04
 -0.275639017E+02  0.10500E+02  0.44866E-04 -0.16537E-04  0.89376E-04
 -0.274639017E+02  0.10500E+02  0.44832E-04 -0.17118E-04  0.89122E-04
 -0.273639017E+02  0.10500E+02  0.44794E-04 -0.17692E-04  0.88857E-04
 -0.272639017E+02  0.10500E+02  0.44753E-04 -0.18258E-04  0.88583E-04
 -0.271639017E+02  0.10500E+02  0.44707E-04 -0.18817E-04  0.88299E-04
 -0.270639017E+02  0.10500E+02  0.44657E-04 -0.19366E-04  0.88007E-04
 -0.269639017E+02  0.10500E+02  0.44604E-04 -0.19907E-04  0.87705E-04
 -0.268639017E+02  0.10500E+02  0.44547E-04 -0.20440E-04  0.87395E-04
 -0.267639017E+02  0.10500E+02  0.44486E-04 -0.20964E-04  0.87077E-04
 -0.266639017E+02  0.10500E+02  0.44422E-04 -0.21478E-04  0.86751E-04
 -0.265639017E+02  0.10500E+02  0.44354E-04 -0.21984E-04  0.86417E-04
 -0.264639017E+02  0.10500E+02  0.44282E-04 -0.22480E-04  0.86076E-04
 -0.263639017E+02  0.10500E+02  0.44208E-04 -0.22967E-04  0.85728E-04
 -0.262639017E+02  0.10500E+02  0.44130E-04 -0.23445E-04  0.85373E-04
 -0.261639017E+02  0.10500E+02  0.44048E-04 -0.23912E-04  0.85011E-04
 -0.260639017E+02  0.10500E+02  0.43964E-04 -0.24371E-04  0.84644E-04
 -0.259639017E+02  0.10500E+02  0.43876E-04 -0.24819E-04  0.84270E-04
 -0.258639017E+02  0.10500E+02  0.43786E-04 -0.25257E-04  0.83891E-04
 -0.257639017E+02  0.10500E+02  0.43692E-04 -0.25686E-04  0.83506E-04
 -0.256639017E+02  0.10500E+02  0.43596E-04 -0.26104E-04  0.83116E-04
 -0.255639017E+02  0.10500E+02  0.43497E-04 -0.26513E-04  0.82722E-04
 -0.254639017E+02  0.10500E+02  0.43395E-04 -0.26911E-04  0.82323E-04
 -0.253639017E+02  0.10500E+02  0.43291E-04 -0.27300E-04  0.81920E-04
 -0.252639017E+02  0.10500E+02  0.43184E-04 -0.27678E-04  0.81513E-04
 -0.251639017E+02  0.10500E+02  0.43075E-04 -0.28046E-04  0.81102E-04
 -0.250639017E+02  0.10500E+02  0.42964E-04 -0.28404E-04  0.80689E-04
 -0.249639017E+02  0.10500E+02  0.42850E-04 -0.28753E-04  0.80272E-04
 -0.248639017E+02  0.10500E+02  0.42735E-04 -0.29091E-04  0.79852E-04
 -0.247639017E+02  0.10500E+02  0.42617E-04 -0.29419E-04  0.79430E-04
 -0.246639017E+02  0.10500E+02  0.42497E-04 -0.29737E-04  0.79005E-04
 -0.245639017E+02  0.10500E+02  0.42376E-04 -0.30045E-04  0.78579E-04
 -0.244639017E+02  0.10500E+02  0.42253E-04 -0.30343E-04  0.78151E-04
 -0.243639017E+02  0.10500E+02  0.42128E-04 -0.30631E-04  0.77721E-04
 -0.242639017E+02  0.10500E+02  0.42002E-04 -0.30910E-04  0.77290E-04
 -0.241639017E+02  0.10500E+02  0.41874E-04 -0.31179E-04  0.76858E-04
 -0.240639017E+02  0.10500E+02  0.41745E-04 -0.31438E-04  0.76425E-04
 -0.239639017E+02  0.10500E+02  0.41614E-04 -0.31688E-04  0.75992E-04
 -0.238639017E+02  0.10500E+02  0.41483E-04 -0.31928E-04  0.75559E-04
 -0.237639017E+02  0.10500E+02  0.41350E-04 -0.32159E-04  0.75125E-04
 -0.236639017E+02  0.10500E+02  0.41217E-04 -0.32381E-04  0.74691E-04
 -0.235639017E+02  0.10500E+02  0.41083E-04 -0.32594E-04  0.74258E-04
 -0.234639017E+02  0.10500E+02  0.40947E-04 -0.32797E-04  0.73825E-04
 -0.233639017E+02  0.10500E+02  0.40812E-04 -0.32992E-04  0.73393E-04
 -0.232639017E+02  0.10500E+02  0.40675E-04 -0.33178E-04  0.72962E-04
 -0.231639017E+02  0.10500E+02  0.40539E-04 -0.33356E-04  0.72532E-04
 -0.230639017E+02  0.10500E+02  0.40402E-04 -0.33524E-04  0.72103E-04
 -0.229639017E+02  0.10500E+02  0.40264E-04 -0.33685E-04  0.71676E-04
 -0.228639017E+02  0.10500E+02  0.40127E-04 -0.33837E-04  0.71250E-04
 -0.227639017E+02  0.10500E+02  0.39989E-04 -0.33981E-04  0.70826E-04
 -0.226639017E+02  0.10500E+02  0.39851E-04 -0.34117E-04  0.70404E-04
 -0.225639017E+02  0.10500E+02  0.39714E-04 -0.34245E-04  0.69984E-04
 -0.224639017E+02  0.10500E+02  0.39576E-04 -0.34365E-04  0.69566E-04
 -0.223639017E+02  0.10500E+02  0.39439E-04 -0.34478E-04  0.69150E-04
 -0.222639017E+02  0.10500E+02  0.39303E-04 -0.34583E-04  0.68737E-04
 -0.221639017E+02  0.10500E+02  0.39166E-04 -0.34681E-04  0.68327E-04
 -0.220639017E+02  0.10500E+02  0.39031E-04 -0.34772E-04  0.67919E-04
 -0.219639017E+02  0.10500E+02  0.38895E-04 -0.34856E-04  0.67513E-04
 -0.218639017E+02  0.10500E+02  0.38761E-04 -0.34933E-04  0.67111E-04
 -0.217639017E+02  0.10500E+02  0.38627E-04 -0.35003E-04  0.66712E-04
 -0.216639017E+02  0.10500E+02  0.38494E-04 -0.35067E-04  0.66316E-04
 -0.215639017E+02  0.10500E+02  0.38362E-04 -0.35124E-04  0.65923E-04
 -0.214639017E+02  0.10500E+02  0.38232E-04 -0.35175E-04  0.65533E-04
 -0.213639017E+02  0.10500E+02  0.38102E-04 -0.35220E-04  0.65147E-04
 -0.212639017E+02  0.10500E+02  0.37973E-04 -0.35258E-04  0.64764E-04
 -0.211639017E+02  0.10500E+02  0.37846E-04 -0.35291E-04  0.64384E-04
 -0.210639017E+02  0.10500E+02  0.37719E-04 -0.35318E-04  0.64008E-04
 -0.209639017E+02  0.10500E+02  0.37594E-04 -0.35340E-04  0.63636E-04
 -0.208639017E+02  0.10500E+02  0.37471E-04 -0.35356E-04  0.63267E-04
 -0.207639017E+02  0.10500E+02  0.37349E-04 -0.35367E-04  0.62902E-04
 -0.206639017E+02  0.10500E+02  0.37229E-04 -0.35373E-04  0.62541E-04
 -0.205639017E+02  0.10500E+02  0.37110E-04 -0.35373E-04  0.62184E-04
 -0.204639017E+02  0.10500E+02  0.36993E-04 -0.35369E-04  0.61830E-04
 -0.203639017E+02  0.10500E+02  0.36877E-04 -0.35360E-04  0.61481E-04
 -0.202639017E+02  0.10500E+02  0.36763E-04 -0.35347E-04  0.61135E-04
 -0.201639017E+02  0.10500E+02  0.36651E-04 -0.35329E-04  0.60793E-04
 -0.200639017E+02  0.10500E+02  0.36541E-04 -0.35306E-04  0.60455E-04
 -0.199639017E+02  0.10500E+02  0.36433E-04 -0.35280E-04  0.60122E-04
 -0.198639017E+02  0.10500E+02  0.36326E-04 -0.35249E-04  0.59792E-04
 -0.197639017E+02  0.10500E+02  0.36222E-04 -0.35214E-04  0.59466E-04
 -0.196639017E+02  0.10500E+02  0.36119E-04 -0.35176E-04  0.59145E-04
 -0.195639017E+02  0.10500E+02  0.36019E-04 -0.35134E-04  0.58827E-04
 -0.194639017E+02  0.10500E+02  0.35921E-04 -0.35088E-04  0.58513E-04
 -0.193639017E+02  0.10500E+02  0.35824E-04 -0.35038E-04  0.58204E-04
 -0.192639017E+02  0.10500E+02  0.35730E-04 -0.34986E-04  0.57899E-04
 -0.191639017E+02  0.10500E+02  0.35638E-04 -0.34930E-04  0.57597E-04
 -0.190639017E+02  0.10500E+02  0.35548E-04 -0.34871E-04  0.57300E-04
 -0.189639017E+02  0.10500E+02  0.35461E-04 -0.34809E-04  0.57007E-04
 -0.188639017E+02  0.10500E+02  0.35375E-04 -0.34744E-04  0.56718E-04
 -0.187639017E+02  0.10500E+02  0.35292E-04 -0.34676E-04  0.56432E-04
 -0.186639017E+02  0.10500E+02  0.35211E-04 -0.34605E-04  0.56151E-04
 -0.185639017E+02  0.10500E+02  0.35132E-04 -0.34532E-04  0.55874E-04
 -0.184639017E+02  0.10500E+02  0.35056E-04 -0.34457E-04  0.55601E-04
 -0.183639017E+02  0.10500E+02  0.34982E-04 -0.34379E-04  0.55332E-04
 -0.182639017E+02  0.10500E+02  0.34910E-04 -0.34298E-04  0.55067E-04
 -0.181639017E+02  0.10500E+02  0.34840E-04 -0.34216E-04  0.54806E-04
 -0.180639017E+02  0.10500E+02  0.34773E-04 -0.34131E-04  0.54549E-04
 -0.179639017E+02  0.10500E+02  0.34708E-04 -0.34044E-04  0.54295E-04
 -0.178639017E+02  0.10500E+02  0.34645E-04 -0.33955E-04  0.54046E-04
 -0.177639017E+02  0.10500E+02  0.34585E-04 -0.33865E-04  0.53800E-04
 -0.176639017E+02  0.10500E+02  0.34526E-04 -0.33773E-04  0.53558E-04
 -0.175639017E+02  0.10500E+02  0.34470E-04 -0.33679E-04  0.53320E-04
 -0.174639017E+02  0.10500E+02  0.34417E-04 -0.33583E-04  0.53086E-04
 -0.173639017E+02  0.10500E+02  0.34365E-04 -0.33486E-04  0.52856E-04
 -0.172639017E+02  0.10500E+02  0.34316E-04 -0.33387E-04  0.52629E-04
 -0.171639017E+02  0.10500E+02  0.34269E-04 -0.33287E-04  0.52406E-04
 -0.170639017E+02  0.10500E+02  0.34224E-04 -0.33186E-04  0.52187E-04
 -0.169639017E+02  0.10500E+02  0.34182E-04 -0.33083E-04  0.51971E-04
 -0.168639017E+02  0.10500E+02  0.34142E-04 -0.32979E-04  0.51758E-04
 -0.167639017E+02  0.10500E+02  0.34103E-04 -0.32874E-04  0.51550E-04
 -0.166639017E+02  0.10500E+02  0.34068E-04 -0.32768E-04  0.51345E-04
 -0.165639017E+02  0.10500E+02  0.34034E-04 -0.32662E-04  0.51143E-04
 -0.164639017E+02  0.10500E+02  0.34002E-04 -0.32554E-04  0.50945E-04
 -0.163639017E+02  0.10500E+02  0.33973E-04 -0.32445E-04  0.50750E-04
 -0.162639017E+02  0.10500E+02  0.33945E-04 -0.32336E-04  0.50558E-04
 -0.161639017E+02  0.10500E+02  0.33920E-04 -0.32225E-04  0.50370E-04
 -0.160639017E+02  0.10500E+02  0.33896E-04 -0.32114E-04  0.50185E-04
 -0.159639017E+02  0.10500E+02  0.33875E-04 -0.32003E-04  0.50004E-04
 -0.158639017E+02  0.10500E+02  0.33856E-04 -0.31891E-04  0.49825E-04
 -0.157639017E+02  0.10500E+02  0.33838E-04 -0.31778E-04  0.49650E-04
 -0.156639017E+02  0.10500E+02  0.33823E-04 -0.31665E-04  0.49478E-04
 -0.155639017E+02  0.10500E+02  0.33809E-04 -0.31551E-04  0.49309E-04
 -0.154639017E+02  0.10500E+02  0.33798E-04 -0.31437E-04  0.49143E-04
 -0.153639017E+02  0.10500E+02  0.33788E-04 -0.31323E-04  0.48981E-04
 -0.152639017E+02  0.10500E+02  0.33780E-04 -0.31208E-04  0.48821E-04
 -0.151639017E+02  0.10500E+02  0.33774E-04 -0.31093E-04  0.48664E-04
 -0.150639017E+02  0.10500E+02  0.33770E-04 -0.30978E-04  0.48510E-04
 -0.149639017E+02  0.10500E+02  0.33767E-04 -0.30862E-04  0.48359E-04
 -0.148639017E+02  0.10500E+02  0.33767E-04 -0.30747E-04  0.48210E-04
 -0.147639017E+02  0.10500E+02  0.33768E-04 -0.30631E-04  0.48065E-04
 -0.146639017E+02  0.10500E+02  0.33770E-04 -0.30516E-04  0.47922E-04
 -0.145639017E+02  0.10500E+02  0.33774E-04 -0.30400E-04  0.47782E-04
 -0.144639017E+02  0.10500E+02  0.33780E-04 -0.30284E-04  0.47645E-04
 -0.143639017E+02  0.10500E+02  0.33788E-04 -0.30168E-04  0.47510E-04
 -0.142639017E+02  0.10500E+02  0.33797E-04 -0.30053E-04  0.47378E-04
 -0.141639017E+02  0.10500E+02  0.33808E-04 -0.29937E-04  0.47248E-04
 -0.140639017E+02  0.10500E+02  0.33820E-04 -0.29822E-04  0.47121E-04
 -0.139639017E+02  0.10500E+02  0.33833E-04 -0.29706E-04  0.46997E-04
 -0.138639017E+02  0.10500E+02  0.33848E-04 -0.29591E-04  0.46875E-04
 -0.137639017E+02  0.10500E+02  0.33865E-04 -0.29476E-04  0.46755E-04
 -0.136639017E+02  0.10500E+02  0.33883E-04 -0.29362E-04  0.46638E-04
 -0.135639017E+02  0.10500E+02  0.33902E-04 -0.29247E-04  0.46523E-04
 -0.134639017E+02  0.10500E+02  0.33923E-04 -0.29133E-04  0.46411E-04
 -0.133639017E+02  0.10500E+02  0.33944E-04 -0.29019E-04  0.46301E-04
 -0.132639017E+02  0.10500E+02  0.33968E-04 -0.28905E-04  0.46193E-04
 -0.131639017E+02  0.10500E+02  0.33992E-04 -0.28792E-04  0.46087E-04
 -0.130639017E+02  0.10500E+02  0.34018E-04 -0.28679E-04  0.45983E-04
 -0.129639017E+02  0.10500E+02  0.34045E-04 -0.28566E-04  0.45882E-04
 -0.128639017E+02  0.10500E+02  0.34073E-04 -0.28454E-04  0.45782E-04
 -0.127639017E+02  0.10500E+02  0.34102E-04 -0.28342E-04  0.45685E-04
 -0.126639017E+02  0.10500E+02  0.34132E-04 -0.28231E-04  0.45590E-04
 -0.125639017E+02  0.10500E+02  0.34164E-04 -0.28120E-04  0.45497E-04
 -0.124639017E+02  0.10500E+02  0.34196E-04 -0.28009E-04  0.45405E-04
 -0.123639017E+02  0.10500E+02  0.34230E-04 -0.27899E-04  0.45316E-04
 -0.122639017E+02  0.10500E+02  0.34264E-04 -0.27789E-04  0.45229E-04
 -0.121639017E+02  0.10500E+02  0.34300E-04 -0.27680E-04  0.45143E-04
 -0.120639017E+02  0.10500E+02  0.34336E-04 -0.27572E-04  0.45060E-04
 -0.119639017E+02  0.10500E+02  0.34374E-04 -0.27464E-04  0.44978E-04
 -0.118639017E+02  0.10500E+02  0.34412E-04 -0.27356E-04  0.44898E-04
 -0.117639017E+02  0.10500E+02  0.34452E-04 -0.27249E-04  0.44819E-04
 -0.116639017E+02  0.10500E+02  0.34492E-04 -0.27142E-04  0.44743E-04
 -0.115639017E+02  0.10500E+02  0.34533E-04 -0.27036E-04  0.44668E-04
 -0.114639017E+02  0.10500E+02  0.34575E-04 -0.26931E-04  0.44595E-04
 -0.113639017E+02  0.10500E+02  0.34617E-04 -0.26826E-04  0.44524E-04
 -0.112639017E+02  0.10500E+02  0.34661E-04 -0.26722E-04  0.44454E-04
 -0.111639017E+02  0.10500E+02  0.34705E-04 -0.26618E-04  0.44386E-04
 -0.110639017E+02  0.10500E+02  0.34750E-04 -0.26515E-04  0.44319E-04
 -0.109639017E+02  0.10500E+02  0.34796E-04 -0.26412E-04  0.44254E-04
 -0.108639017E+02  0.10500E+02  0.34842E-04 -0.26310E-04  0.44190E-04
 -0.107639017E+02  0.10500E+02  0.34889E-04 -0.26209E-04  0.44128E-04
 -0.106639017E+02  0.10500E+02  0.34937E-04 -0.26108E-04  0.44068E-04
 -0.105639017E+02  0.10500E+02  0.34985E-04 -0.26008E-04  0.44008E-04
 -0.104639017E+02  0.10500E+02  0.35034E-04 -0.25909E-04  0.43951E-04
 -0.103639017E+02  0.10500E+02  0.35084E-04 -0.25810E-04  0.43894E-04
 -0.102639017E+02  0.10500E+02  0.35134E-04 -0.25712E-04  0.43839E-04
 -0.101639017E+02  0.10500E+02  0.35185E-04 -0.25614E-04  0.43786E-04
 -0.100639017E+02  0.10500E+02  0.35236E-04 -0.25517E-04  0.43733E-04
 -0.996390171E+01  0.10500E+02  0.35288E-04 -0.25421E-04  0.43682E-04
 -0.986390171E+01  0.10500E+02  0.35341E-04 -0.25326E-04  0.43632E-04
 -0.976390171E+01  0.10500E+02  0.35393E-04 -0.25231E-04  0.43584E-04
 -0.966390171E+01  0.10500E+02  0.35447E-04 -0.25136E-04  0.43537E-04
 -0.956390171E+01  0.10500E+02  0.35500E-04 -0.25043E-04  0.43491E-04
 -0.946390171E+01  0.10500E+02  0.35555E-04 -0.24950E-04  0.43446E-04
 -0.936390171E+01  0.10500E+02  0.35609E-04 -0.24857E-04  0.43402E-04
 -0.926390171E+01  0.10500E+02  0.35664E-04 -0.24766E-04  0.43360E-04
 -0.916390171E+01  0.10500E+02  0.35720E-04 -0.24675E-04  0.43318E-04
 -0.906390171E+01  0.10500E+02  0.35776E-04 -0.24584E-04  0.43278E-04
 -0.896390171E+01  0.10500E+02  0.35832E-04 -0.24495E-04  0.43239E-04
 -0.886390171E+01  0.10500E+02  0.35889E-04 -0.24406E-04  0.43201E-04
 -0.876390171E+01  0.10500E+02  0.35946E-04 -0.24317E-04  0.43164E-04
 -0.866390171E+01  0.10500E+02  0.36003E-04 -0.24230E-04  0.43128E-04
 -0.856390171E+01  0.10500E+02  0.36060E-04 -0.24142E-04  0.43093E-04
 -0.846390171E+01  0.10500E+02  0.36118E-04 -0.24056E-04  0.43059E-04
 -0.836390171E+01  0.10500E+02  0.36176E-04 -0.23970E-04  0.43026E-04
 -0.826390171E+01  0.10500E+02  0.36235E-04 -0.23885E-04  0.42993E-04
 -0.816390171E+01  0.10500E+02  0.36293E-04 -0.23801E-04  0.42962E-04
 -0.806390171E+01  0.10500E+02  0.36352E-04 -0.23717E-04  0.42932E-04
 -0.796390171E+01  0.10500E+02  0.36411E-04 -0.23634E-04  0.42903E-04
 -0.786390171E+01  0.10500E+02  0.36471E-04 -0.23552E-04  0.42875E-04
 -0.776390171E+01  0.10500E+02  0.36530E-04 -0.23470E-04  0.42847E-04
 -0.766390171E+01  0.10500E+02  0.36590E-04 -0.23389E-04  0.42820E-04
 -0.756390171E+01  0.10500E+02  0.36650E-04 -0.23308E-04  0.42795E-04
 -0.746390171E+01  0.10500E+02  0.36710E-04 -0.23229E-04  0.42770E-04
 -0.736390171E+01  0.10500E+02  0.36770E-04 -0.23149E-04  0.42745E-04
 -0.726390171E+01  0.10500E+02  0.36831E-04 -0.23071E-04  0.42722E-04
 -0.716390171E+01  0.10500E+02  0.36892E-04 -0.22993E-04  0.42700E-04
 -0.706390171E+01  0.10500E+02  0.36952E-04 -0.22916E-04  0.42678E-04
 -0.696390171E+01  0.10500E+02  0.37013E-04 -0.22839E-04  0.42657E-04
 -0.686390171E+01  0.10500E+02  0.37074E-04 -0.22764E-04  0.42637E-04
 -0.676390171E+01  0.10500E+02  0.37135E-04 -0.22688E-04  0.42617E-04
 -0.666390171E+01  0.10500E+02  0.37196E-04 -0.22614E-04  0.42598E-04
 -0.656390171E+01  0.10500E+02  0.37257E-04 -0.22540E-04  0.42580E-04
 -0.646390171E+01  0.10500E+02  0.37319E-04 -0.22466E-04  0.42563E-04
 -0.636390171E+01  0.10500E+02  0.37380E-04 -0.22394E-04  0.42546E-04
 -0.626390171E+01  0.10500E+02  0.37441E-04 -0.22321E-04  0.42530E-04
 -0.616390171E+01  0.10500E+02  0.37503E-04 -0.22250E-04  0.42514E-04
 -0.606390171E+01  0.10500E+02  0.37564E-04 -0.22179E-04  0.42500E-04
 -0.596390171E+01  0.10500E+02  0.37626E-04 -0.22109E-04  0.42486E-04
 -0.109639017E+02  0.50000E-02  0.27198E-04 -0.24003E-04  0.27235E-04
 -0.109639017E+02  0.10000E-01  0.27198E-04 -0.24011E-04  0.27244E-04
 -0.109639017E+02  0.14003E-01  0.27198E-04 -0.24017E-04  0.27250E-04
 -0.109639017E+02  0.20890E-01  0.27198E-04 -0.24027E-04  0.27262E-04
 -0.109639017E+02  0.31164E-01  0.27198E-04 -0.24043E-04  0.27279E-04
 -0.109639017E+02  0.46491E-01  0.27198E-04 -0.24066E-04  0.27304E-04
 -0.109639017E+02  0.69357E-01  0.27198E-04 -0.24101E-04  0.27342E-04
 -0.109639017E+02  0.10347E+00  0.27199E-04 -0.24152E-04  0.27399E-04
 -0.109639017E+02  0.15436E+00  0.27201E-04 -0.24228E-04  0.27484E-04
 -0.109639017E+02  0.23027E+00  0.27204E-04 -0.24340E-04  0.27611E-04
 -0.109639017E+02  0.34353E+00  0.27212E-04 -0.24505E-04  0.27803E-04
 -0.109639017E+02  0.51248E+00  0.27230E-04 -0.24744E-04  0.28092E-04
 -0.109639017E+02  0.76453E+00  0.27269E-04 -0.25087E-04  0.28531E-04
 -0.109639017E+02  0.11405E+01  0.27356E-04 -0.25566E-04  0.29200E-04
 -0.109639017E+02  0.17015E+01  0.27545E-04 -0.26208E-04  0.30222E-04
 -0.109639017E+02  0.25383E+01  0.27952E-04 -0.26998E-04  0.31786E-04
 -0.109639017E+02  0.37867E+01  0.28788E-04 -0.27805E-04  0.34139E-04
 -0.109639017E+02  0.56492E+01  0.30372E-04 -0.28246E-04  0.37512E-04
 -0.109639017E+02  0.84276E+01  0.32966E-04 -0.27573E-04  0.41805E-04
 -0.109639017E+02  0.12572E+02  0.36448E-04 -0.24987E-04  0.46056E-04
 -0.109639017E+02  0.18756E+02  0.40653E-04 -0.20748E-04  0.48460E-04
 -0.109639017E+02  0.27980E+02  0.48455E-04 -0.16792E-04  0.47990E-04
 -0.109639017E+02  0.41742E+02  0.86976E-04 -0.15027E-04  0.45780E-04
