 Temperature (Hatree) = 0
 Electronic Temperature (eV) = 0
 xloss =    7.9574999999999996       eV
 efermi =   -7.0650813100000001       eV
 Number of poles = 0
 Omega(Hart)    Re CCHI     Im CCHI   1-Fermi   Re xmu0    Im xmu0
  -0.1362116126E+001   0.2058616565E-004   0.2414043990E-004   0.9174688318E+000   0.2243800000E-004   0.2631200000E-004
  -0.1358441195E+001   0.2079395617E-004   0.2432060967E-004   0.9172050712E+000   0.2267100000E-004   0.2651600000E-004
  -0.1354766264E+001   0.2100250286E-004   0.2450429542E-004   0.9169396579E+000   0.2290500000E-004   0.2672400000E-004
  -0.1351091333E+001   0.2121088675E-004   0.2468965918E-004   0.9166725766E+000   0.2313900000E-004   0.2693400000E-004
  -0.1347416402E+001   0.2142002270E-004   0.2487761428E-004   0.9164038119E+000   0.2337400000E-004   0.2714700000E-004
  -0.1343741471E+001   0.2162899222E-004   0.2506907294E-004   0.9161333484E+000   0.2360900000E-004   0.2736400000E-004
  -0.1340066541E+001   0.2183870960E-004   0.2526219865E-004   0.9158611701E+000   0.2384500000E-004   0.2758300000E-004
  -0.1336391610E+001   0.2204917242E-004   0.2545790380E-004   0.9155872612E+000   0.2408200000E-004   0.2780500000E-004
  -0.1332716679E+001   0.2225946293E-004   0.2565618430E-004   0.9153116054E+000   0.2431900000E-004   0.2803000000E-004
  -0.1329041748E+001   0.2246957949E-004   0.2585703604E-004   0.9150341866E+000   0.2455600000E-004   0.2825800000E-004
  -0.1325366817E+001   0.2268043517E-004   0.2606136961E-004   0.9147549880E+000   0.2479400000E-004   0.2849000000E-004
  -0.1321691886E+001   0.2289202747E-004   0.2626735098E-004   0.9144739930E+000   0.2503300000E-004   0.2872400000E-004
  -0.1318016955E+001   0.2310343962E-004   0.2647680509E-004   0.9141911846E+000   0.2527200000E-004   0.2896200000E-004
  -0.1314342024E+001   0.2331466989E-004   0.2668972676E-004   0.9139065457E+000   0.2551100000E-004   0.2920400000E-004
  -0.1310667093E+001   0.2352663013E-004   0.2690428349E-004   0.9136200588E+000   0.2575100000E-004   0.2944800000E-004
  -0.1306992162E+001   0.2373840438E-004   0.2712229835E-004   0.9133317064E+000   0.2599100000E-004   0.2969600000E-004
  -0.1303317232E+001   0.2395090386E-004   0.2734376596E-004   0.9130414707E+000   0.2623200000E-004   0.2994800000E-004
  -0.1299642301E+001   0.2416321311E-004   0.2756776812E-004   0.9127493337E+000   0.2647300000E-004   0.3020300000E-004
  -0.1295967370E+001   0.2437533027E-004   0.2779521265E-004   0.9124552770E+000   0.2671400000E-004   0.3046200000E-004
  -0.1292292439E+001   0.2458816562E-004   0.2802518179E-004   0.9121592824E+000   0.2695600000E-004   0.3072400000E-004
  -0.1288617508E+001   0.2479989262E-004   0.2825858265E-004   0.9118613309E+000   0.2719700000E-004   0.3099000000E-004
  -0.1284942577E+001   0.2501324492E-004   0.2849540948E-004   0.9115614038E+000   0.2744000000E-004   0.3126000000E-004
  -0.1281267646E+001   0.2522548497E-004   0.2873565650E-004   0.9112594817E+000   0.2768200000E-004   0.3153400000E-004
  -0.1277592715E+001   0.2543752265E-004   0.2897931781E-004   0.9109555454E+000   0.2792400000E-004   0.3181200000E-004
  -0.1273917784E+001   0.2565026658E-004   0.2922547681E-004   0.9106495751E+000   0.2816700000E-004   0.3209300000E-004
  -0.1270242853E+001   0.2586189312E-004   0.2947594908E-004   0.9103415509E+000   0.2840900000E-004   0.3237900000E-004
  -0.1266567922E+001   0.2607422118E-004   0.2972890750E-004   0.9100314526E+000   0.2865200000E-004   0.3266800000E-004
  -0.1262892992E+001   0.2628633802E-004   0.2998616625E-004   0.9097192599E+000   0.2889500000E-004   0.3296200000E-004
  -0.1259218061E+001   0.2649824149E-004   0.3024680870E-004   0.9094049520E+000   0.2913800000E-004   0.3326000000E-004
  -0.1255543130E+001   0.2670902037E-004   0.3051173760E-004   0.9090885080E+000   0.2938000000E-004   0.3356300000E-004
  -0.1251868199E+001   0.2692049095E-004   0.3078003674E-004   0.9087699067E+000   0.2962300000E-004   0.3387000000E-004
  -0.1248193268E+001   0.2713083316E-004   0.3105169959E-004   0.9084491265E+000   0.2986500000E-004   0.3418100000E-004
  -0.1244518337E+001   0.2734095387E-004   0.3132671953E-004   0.9081261458E+000   0.3010700000E-004   0.3449600000E-004
  -0.1240843406E+001   0.2755085080E-004   0.3160690541E-004   0.9078009424E+000   0.3034900000E-004   0.3481700000E-004
  -0.1237168475E+001   0.2776052166E-004   0.3189043353E-004   0.9074734940E+000   0.3059100000E-004   0.3514200000E-004
  -0.1233493544E+001   0.2796905697E-004   0.3217729695E-004   0.9071437781E+000   0.3083200000E-004   0.3547100000E-004
  -0.1229818613E+001   0.2817736218E-004   0.3246930229E-004   0.9068117716E+000   0.3107300000E-004   0.3580600000E-004
  -0.1226143683E+001   0.2838452843E-004   0.3276462748E-004   0.9064774513E+000   0.3131300000E-004   0.3614500000E-004
  -0.1222468752E+001   0.2859146047E-004   0.3306417142E-004   0.9061407938E+000   0.3155300000E-004   0.3648900000E-004
  -0.1218793821E+001   0.2879725004E-004   0.3336792579E-004   0.9058017751E+000   0.3179200000E-004   0.3683800000E-004
  -0.1215118890E+001   0.2900189569E-004   0.3367678759E-004   0.9054603712E+000   0.3203000000E-004   0.3719300000E-004
  -0.1211443959E+001   0.2920630108E-004   0.3398893697E-004   0.9051165576E+000   0.3226800000E-004   0.3755200000E-004
  -0.1207769028E+001   0.2940955891E-004   0.3430617582E-004   0.9047703095E+000   0.3250500000E-004   0.3791700000E-004
  -0.1204094097E+001   0.2961076324E-004   0.3462758986E-004   0.9044216017E+000   0.3274000000E-004   0.3828700000E-004
  -0.1200419166E+001   0.2981172173E-004   0.3495317015E-004   0.9040704088E+000   0.3297500000E-004   0.3866200000E-004
  -0.1196744235E+001   0.3001152806E-004   0.3528381131E-004   0.9037167050E+000   0.3320900000E-004   0.3904300000E-004
  -0.1193069304E+001   0.3021018064E-004   0.3561950310E-004   0.9033604642E+000   0.3344200000E-004   0.3943000000E-004
  -0.1189394374E+001   0.3040677489E-004   0.3595933210E-004   0.9030016599E+000   0.3367300000E-004   0.3982200000E-004
  -0.1185719443E+001   0.3060311555E-004   0.3630419146E-004   0.9026402652E+000   0.3390400000E-004   0.4022000000E-004
  -0.1182044512E+001   0.3079649306E-004   0.3665316822E-004   0.9022762529E+000   0.3413200000E-004   0.4062300000E-004
  -0.1178369581E+001   0.3098871179E-004   0.3700805643E-004   0.9019095954E+000   0.3435900000E-004   0.4103300000E-004
  -0.1174694650E+001   0.3117977006E-004   0.3736704089E-004   0.9015402648E+000   0.3458500000E-004   0.4144800000E-004
  -0.1171019719E+001   0.3136876501E-004   0.3773191390E-004   0.9011682327E+000   0.3480900000E-004   0.4187000000E-004
  -0.1167344788E+001   0.3155569606E-004   0.3810086142E-004   0.9007934705E+000   0.3503100000E-004   0.4229700000E-004
  -0.1163669857E+001   0.3174056262E-004   0.3847567392E-004   0.9004159490E+000   0.3525100000E-004   0.4273100000E-004
  -0.1159994926E+001   0.3192246403E-004   0.3885543856E-004   0.9000356386E+000   0.3546800000E-004   0.4317100000E-004
  -0.1156319995E+001   0.3210320015E-004   0.3924104316E-004   0.8996525096E+000   0.3568400000E-004   0.4361800000E-004
  -0.1152645065E+001   0.3228097068E-004   0.3963067604E-004   0.8992665315E+000   0.3589700000E-004   0.4407000000E-004
  -0.1148970134E+001   0.3245667504E-004   0.4002702280E-004   0.8988776736E+000   0.3610800000E-004   0.4453000000E-004
  -0.1145295203E+001   0.3262941411E-004   0.4042827177E-004   0.8984859047E+000   0.3631600000E-004   0.4499600000E-004
  -0.1141620272E+001   0.3280008656E-004   0.4083441037E-004   0.8980911932E+000   0.3652200000E-004   0.4546800000E-004
  -0.1137945341E+001   0.3296689635E-004   0.4124722126E-004   0.8976935071E+000   0.3672400000E-004   0.4594800000E-004
  -0.1134270410E+001   0.3313163986E-004   0.4166489452E-004   0.8972928138E+000   0.3692400000E-004   0.4643400000E-004
  -0.1130595479E+001   0.3329252267E-004   0.4208831388E-004   0.8968890805E+000   0.3712000000E-004   0.4692700000E-004
  -0.1126920548E+001   0.3345044308E-004   0.4251746479E-004   0.8964822736E+000   0.3731300000E-004   0.4742700000E-004
  -0.1123245617E+001   0.3360450562E-004   0.4295233248E-004   0.8960723594E+000   0.3750200000E-004   0.4793400000E-004
  -0.1119570686E+001   0.3375560783E-004   0.4339290193E-004   0.8956593034E+000   0.3768800000E-004   0.4844800000E-004
  -0.1115895756E+001   0.3390285509E-004   0.4384005318E-004   0.8952430708E+000   0.3787000000E-004   0.4897000000E-004
  -0.1112220825E+001   0.3404535451E-004   0.4429197985E-004   0.8948236262E+000   0.3804700000E-004   0.4949800000E-004
  -0.1108545894E+001   0.3418489809E-004   0.4475045632E-004   0.8944009338E+000   0.3822100000E-004   0.5003400000E-004
  -0.1104870963E+001   0.3431880463E-004   0.4521457141E-004   0.8939749573E+000   0.3838900000E-004   0.5057700000E-004
  -0.1101196032E+001   0.3444975936E-004   0.4568520249E-004   0.8935456597E+000   0.3855400000E-004   0.5112800000E-004
  -0.1097521101E+001   0.3457508371E-004   0.4616143871E-004   0.8931130036E+000   0.3871300000E-004   0.5168600000E-004
  -0.1093846170E+001   0.3469567506E-004   0.4664415605E-004   0.8926769512E+000   0.3886700000E-004   0.5225200000E-004
  -0.1090171239E+001   0.3481153689E-004   0.4713244403E-004   0.8922374639E+000   0.3901600000E-004   0.5282500000E-004
  -0.1086496308E+001   0.3492178093E-004   0.4762628541E-004   0.8917945026E+000   0.3915900000E-004   0.5340500000E-004
  -0.1082821377E+001   0.3502730344E-004   0.4812744541E-004   0.8913480277E+000   0.3929700000E-004   0.5399400000E-004
  -0.1079146447E+001   0.3512632631E-004   0.4863412177E-004   0.8908979991E+000   0.3942800000E-004   0.5459000000E-004
  -0.1075471516E+001   0.3521974640E-004   0.4914629644E-004   0.8904443759E+000   0.3955300000E-004   0.5519300000E-004
  -0.1071796585E+001   0.3530756890E-004   0.4966484107E-004   0.8899871168E+000   0.3967200000E-004   0.5580400000E-004
  -0.1068121654E+001   0.3538890954E-004   0.5018973565E-004   0.8895261799E+000   0.3978400000E-004   0.5642300000E-004
  -0.1064446723E+001   0.3546288601E-004   0.5072095985E-004   0.8890615224E+000   0.3988800000E-004   0.5705000000E-004
  -0.1060771792E+001   0.3553128375E-004   0.5125849304E-004   0.8885931012E+000   0.3998600000E-004   0.5768500000E-004
  -0.1057096861E+001   0.3559233209E-004   0.5180142613E-004   0.8881208725E+000   0.4007600000E-004   0.5832700000E-004
  -0.1053421930E+001   0.3564603954E-004   0.5234973923E-004   0.8876447917E+000   0.4015800000E-004   0.5897600000E-004
  -0.1049746999E+001   0.3569152762E-004   0.5290518649E-004   0.8871648136E+000   0.4023100000E-004   0.5963400000E-004
  -0.1046072068E+001   0.3573057992E-004   0.5346597113E-004   0.8866808924E+000   0.4029700000E-004   0.6029900000E-004
  -0.1042397138E+001   0.3576054539E-004   0.5403295847E-004   0.8861929816E+000   0.4035300000E-004   0.6097200000E-004
  -0.1038722207E+001   0.3578232177E-004   0.5460524015E-004   0.8857010340E+000   0.4040000000E-004   0.6165200000E-004
  -0.1035047276E+001   0.3579591985E-004   0.5518367980E-004   0.8852050016E+000   0.4043800000E-004   0.6234000000E-004
  -0.1031372345E+001   0.3580046588E-004   0.5576736932E-004   0.8847048357E+000   0.4046600000E-004   0.6303500000E-004
  -0.1027697414E+001   0.3579597252E-004   0.5635717065E-004   0.8842004871E+000   0.4048400000E-004   0.6373800000E-004
  -0.1024022483E+001   0.3578245264E-004   0.5695217593E-004   0.8836919055E+000   0.4049200000E-004   0.6444800000E-004
  -0.1020347552E+001   0.3575903616E-004   0.5755147897E-004   0.8831790402E+000   0.4048900000E-004   0.6516400000E-004
  -0.1016672621E+001   0.3572485529E-004   0.5815682327E-004   0.8826618393E+000   0.4047400000E-004   0.6588800000E-004
  -0.1012997690E+001   0.3568080886E-004   0.5876730135E-004   0.8821402506E+000   0.4044800000E-004   0.6661900000E-004
  -0.1009322759E+001   0.3562691227E-004   0.5938288906E-004   0.8816142207E+000   0.4041100000E-004   0.6735700000E-004
  -0.1005647829E+001   0.3556141904E-004   0.6000268076E-004   0.8810836956E+000   0.4036100000E-004   0.6810100000E-004
  -0.1001972898E+001   0.3548522886E-004   0.6062665307E-004   0.8805486204E+000   0.4029900000E-004   0.6885100000E-004
  -0.9982979668E+000   0.3539747958E-004   0.6125566226E-004   0.8800089395E+000   0.4022400000E-004   0.6960800000E-004
  -0.9946230359E+000   0.3529731156E-004   0.6188880309E-004   0.8794645961E+000   0.4013500000E-004   0.7037100000E-004
  -0.9909481050E+000   0.3518562553E-004   0.6252605101E-004   0.8789155328E+000   0.4003300000E-004   0.7114000000E-004
  -0.9872731741E+000   0.3506156364E-004   0.6316650268E-004   0.8783616914E+000   0.3991700000E-004   0.7191400000E-004
  -0.9835982432E+000   0.3492514846E-004   0.6381013439E-004   0.8778030126E+000   0.3978700000E-004   0.7269300000E-004
  -0.9799233123E+000   0.3477552573E-004   0.6445779928E-004   0.8772394361E+000   0.3964200000E-004   0.7347800000E-004
  -0.9762483814E+000   0.3461272051E-004   0.6510771780E-004   0.8766709009E+000   0.3948200000E-004   0.7426700000E-004
  -0.9725734505E+000   0.3443588224E-004   0.6576074281E-004   0.8760973449E+000   0.3930600000E-004   0.7506100000E-004
  -0.9688985196E+000   0.3424503863E-004   0.6641597346E-004   0.8755187052E+000   0.3911400000E-004   0.7585900000E-004
  -0.9652235887E+000   0.3404109284E-004   0.6707251078E-004   0.8749349176E+000   0.3890700000E-004   0.7666000000E-004
  -0.9615486578E+000   0.3382232311E-004   0.6773120648E-004   0.8743459172E+000   0.3868300000E-004   0.7746500000E-004
  -0.9578737269E+000   0.3358876046E-004   0.6839203570E-004   0.8737516379E+000   0.3844200000E-004   0.7827400000E-004
  -0.9541987960E+000   0.3333956330E-004   0.6905235377E-004   0.8731520126E+000   0.3818300000E-004   0.7908400000E-004
  -0.9505238651E+000   0.3307563811E-004   0.6971388552E-004   0.8725469732E+000   0.3790700000E-004   0.7989700000E-004
  -0.9468489342E+000   0.3279701765E-004   0.7037573479E-004   0.8719364505E+000   0.3761400000E-004   0.8071200000E-004
  -0.9431740033E+000   0.3250199259E-004   0.7103613613E-004   0.8713203740E+000   0.3730200000E-004   0.8152700000E-004
  -0.9394990724E+000   0.3219060062E-004   0.7169681149E-004   0.8706986725E+000   0.3697100000E-004   0.8234400000E-004
  -0.9358241415E+000   0.3186375017E-004   0.7235599715E-004   0.8700712732E+000   0.3662200000E-004   0.8316100000E-004
  -0.9321492106E+000   0.3152060897E-004   0.7301280353E-004   0.8694381025E+000   0.3625400000E-004   0.8397700000E-004
  -0.9284742797E+000   0.3116034800E-004   0.7366808085E-004   0.8687990854E+000   0.3586600000E-004   0.8479300000E-004
  -0.9247993488E+000   0.3078387786E-004   0.7432094011E-004   0.8681541458E+000   0.3545900000E-004   0.8560800000E-004
  -0.9211244179E+000   0.3039037232E-004   0.7496962709E-004   0.8675032063E+000   0.3503200000E-004   0.8642000000E-004
  -0.9174494870E+000   0.2997987543E-004   0.7561499302E-004   0.8668461884E+000   0.3458500000E-004   0.8723000000E-004
  -0.9137745561E+000   0.2955243201E-004   0.7625615384E-004   0.8661830122E+000   0.3411800000E-004   0.8803700000E-004
  -0.9100996252E+000   0.2910808776E-004   0.7689136240E-004   0.8655135965E+000   0.3363100000E-004   0.8883900000E-004
  -0.9064246943E+000   0.2864602440E-004   0.7752147116E-004   0.8648378589E+000   0.3312300000E-004   0.8963700000E-004
  -0.9027497634E+000   0.2816629139E-004   0.7814560135E-004   0.8641557155E+000   0.3259400000E-004   0.9043000000E-004
  -0.8990748325E+000   0.2766980262E-004   0.7876287675E-004   0.8634670813E+000   0.3204500000E-004   0.9121700000E-004
  -0.8953999016E+000   0.2715574459E-004   0.7937328645E-004   0.8627718695E+000   0.3147500000E-004   0.9199800000E-004
  -0.8917249707E+000   0.2662416965E-004   0.7997509527E-004   0.8620699924E+000   0.3088400000E-004   0.9277100000E-004
  -0.8880500398E+000   0.2607513111E-004   0.8056829622E-004   0.8613613605E+000   0.3027200000E-004   0.9353600000E-004
  -0.8843751089E+000   0.2550868332E-004   0.8115202159E-004   0.8606458829E+000   0.2963900000E-004   0.9429200000E-004
  -0.8807001780E+000   0.2492574162E-004   0.8172540649E-004   0.8599234673E+000   0.2898600000E-004   0.9503800000E-004
  -0.8770252471E+000   0.2432550109E-004   0.8228844806E-004   0.8591940199E+000   0.2831200000E-004   0.9577400000E-004
  -0.8733503162E+000   0.2370801926E-004   0.8284028500E-004   0.8584574452E+000   0.2761700000E-004   0.9649900000E-004
  -0.8696753853E+000   0.2307421251E-004   0.8338005898E-004   0.8577136463E+000   0.2690200000E-004   0.9721200000E-004
  -0.8660004544E+000   0.2242413838E-004   0.8390691470E-004   0.8569625245E+000   0.2616700000E-004   0.9791200000E-004
  -0.8623255235E+000   0.2175699933E-004   0.8442085621E-004   0.8562039799E+000   0.2541100000E-004   0.9859900000E-004
  -0.8586505926E+000   0.2107456836E-004   0.8492017680E-004   0.8554379104E+000   0.2463600000E-004   0.9927100000E-004
  -0.8549756617E+000   0.2037690416E-004   0.8540488543E-004   0.8546642125E+000   0.2384200000E-004   0.9992800000E-004
  -0.8513007308E+000   0.1966406657E-004   0.8587499130E-004   0.8538827811E+000   0.2302900000E-004   0.1005700000E-003
  -0.8476257999E+000   0.1893526353E-004   0.8632453220E-004   0.8530935092E+000   0.2219600000E-004   0.1011900000E-003
  -0.8439508690E+000   0.1819311656E-004   0.8676376212E-004   0.8522962880E+000   0.2134600000E-004   0.1018000000E-003
  -0.8402759381E+000   0.1743598135E-004   0.8718416420E-004   0.8514910070E+000   0.2047700000E-004   0.1023900000E-003
  -0.8366010072E+000   0.1666647463E-004   0.8758576093E-004   0.8506775537E+000   0.1959200000E-004   0.1029600000E-003
  -0.8329260763E+000   0.1588295531E-004   0.8796857531E-004   0.8498558140E+000   0.1868900000E-004   0.1035100000E-003
  -0.8292511454E+000   0.1508718619E-004   0.8833263089E-004   0.8490256717E+000   0.1777000000E-004   0.1040400000E-003
  -0.8255762145E+000   0.1428007648E-004   0.8867795176E-004   0.8481870087E+000   0.1683600000E-004   0.1045500000E-003
  -0.8219012836E+000   0.1346083855E-004   0.8900456262E-004   0.8473397051E+000   0.1588600000E-004   0.1050400000E-003
  -0.8182263527E+000   0.1263207534E-004   0.8930402388E-004   0.8464836386E+000   0.1492300000E-004   0.1055000000E-003
  -0.8145514218E+000   0.1179215257E-004   0.8958484353E-004   0.8456186854E+000   0.1394500000E-004   0.1059400000E-003
  -0.8108764909E+000   0.1094366784E-004   0.8984704834E-004   0.8447447192E+000   0.1295500000E-004   0.1063600000E-003
  -0.8072015600E+000   0.1008583399E-004   0.9008222707E-004   0.8438616119E+000   0.1195200000E-004   0.1067500000E-003
  -0.8035266291E+000   0.9220397471E-005   0.9029886424E-004   0.8429692330E+000   0.1093800000E-004   0.1071200000E-003
  -0.7998516982E+000   0.8348256700E-005   0.9049698886E-004   0.8420674501E+000   0.9914000000E-005   0.1074700000E-003
  -0.7961767673E+000   0.7469634651E-005   0.9066821908E-004   0.8411561284E+000   0.8880200000E-005   0.1077900000E-003
  -0.7925018364E+000   0.6585426862E-005   0.9081261295E-004   0.8402351309E+000   0.7837600000E-005   0.1080800000E-003
  -0.7888269055E+000   0.5696526270E-005   0.9093022986E-004   0.8393043185E+000   0.6787200000E-005   0.1083400000E-003
  -0.7851519746E+000   0.4803655465E-005   0.9102951420E-004   0.8383635494E+000   0.5729800000E-005   0.1085800000E-003
  -0.7814770437E+000   0.3907870012E-005   0.9110212545E-004   0.8374126799E+000   0.4666600000E-005   0.1087900000E-003
  -0.7778021128E+000   0.3009970952E-005   0.9115649140E-004   0.8364515636E+000   0.3598500000E-005   0.1089800000E-003
  -0.7741271819E+000   0.2110756803E-005   0.9117593806E-004   0.8354800518E+000   0.2526400000E-005   0.1091300000E-003
  -0.7704522510E+000   0.1211106938E-005   0.9117725076E-004   0.8344979934E+000   0.1451300000E-005   0.1092600000E-003
  -0.7667773201E+000   0.3118976588E-006   0.9115213246E-004   0.8335052346E+000   0.3742000000E-006   0.1093600000E-003
  -0.7631023892E+000  -0.5859562647E-006   0.9110065220E-004   0.8325016193E+000  -0.7038500000E-006   0.1094300000E-003
  -0.7594274583E+000  -0.1481626665E-005   0.9103119551E-004   0.8314869886E+000  -0.1781900000E-005   0.1094800000E-003
  -0.7557525274E+000  -0.2374122425E-005   0.9093549934E-004   0.8304611812E+000  -0.2858800000E-005   0.1095000000E-003
  -0.7520775965E+000  -0.3262622376E-005   0.9080534314E-004   0.8294240330E+000  -0.3933600000E-005   0.1094800000E-003
  -0.7484026656E+000  -0.4146350114E-005   0.9065740130E-004   0.8283753774E+000  -0.5005400000E-005   0.1094400000E-003
  -0.7447277347E+000  -0.5024366999E-005   0.9049171961E-004   0.8273150448E+000  -0.6073100000E-005   0.1093800000E-003
  -0.7410528038E+000  -0.5895738575E-005   0.9029182009E-004   0.8262428632E+000  -0.7135600000E-005   0.1092800000E-003
  -0.7373778729E+000  -0.6759782237E-005   0.9007431904E-004   0.8251586574E+000  -0.8192100000E-005   0.1091600000E-003
  -0.7337029420E+000  -0.7615488874E-005   0.8983102584E-004   0.8240622497E+000  -0.9241400000E-005   0.1090100000E-003
  -0.7300280111E+000  -0.8462430422E-005   0.8957025452E-004   0.8229534593E+000  -0.1028300000E-004   0.1088400000E-003
  -0.7263530802E+000  -0.9299030243E-005   0.8928383965E-004   0.8218321028E+000  -0.1131500000E-004   0.1086400000E-003
  -0.7226781493E+000  -0.1012577184E-004   0.8897186947E-004   0.8206979935E+000  -0.1233800000E-004   0.1084100000E-003
  -0.7190032184E+000  -0.1094100507E-004   0.8864262988E-004   0.8195509419E+000  -0.1335000000E-004   0.1081600000E-003
  -0.7153282875E+000  -0.1174390734E-004   0.8828799472E-004   0.8183907556E+000  -0.1435000000E-004   0.1078800000E-003
  -0.7116533566E+000  -0.1253447801E-004   0.8791623057E-004   0.8172172390E+000  -0.1533800000E-004   0.1075800000E-003
  -0.7079784257E+000  -0.1331190055E-004   0.8751923825E-004   0.8160301935E+000  -0.1631300000E-004   0.1072500000E-003
  -0.7043034948E+000  -0.1407454853E-004   0.8710526471E-004   0.8148294173E+000  -0.1727300000E-004   0.1069000000E-003
  -0.7006285639E+000  -0.1482324632E-004   0.8667437460E-004   0.8136147057E+000  -0.1821900000E-004   0.1065300000E-003
  -0.6969536330E+000  -0.1555718904E-004   0.8622663418E-004   0.8123858506E+000  -0.1915000000E-004   0.1061400000E-003
  -0.6932787021E+000  -0.1627476595E-004   0.8576211142E-004   0.8111426408E+000  -0.2006400000E-004   0.1057300000E-003
  -0.6896037712E+000  -0.1697680648E-004   0.8527277712E-004   0.8098848620E+000  -0.2096200000E-004   0.1052900000E-003
  -0.6859288403E+000  -0.1766251839E-004   0.8477491316E-004   0.8086122965E+000  -0.2184300000E-004   0.1048400000E-003
  -0.6822539094E+000  -0.1833030784E-004   0.8426048137E-004   0.8073247233E+000  -0.2270500000E-004   0.1043700000E-003
  -0.6785789785E+000  -0.1898101016E-004   0.8372955689E-004   0.8060219185E+000  -0.2354900000E-004   0.1038800000E-003
  -0.6749040476E+000  -0.1961465158E-004   0.8318221675E-004   0.8047036544E+000  -0.2437500000E-004   0.1033700000E-003
  -0.6712291167E+000  -0.2022965242E-004   0.8261853998E-004   0.8033697003E+000  -0.2518100000E-004   0.1028400000E-003
  -0.6675541858E+000  -0.2082685074E-004   0.8204662781E-004   0.8020198221E+000  -0.2596800000E-004   0.1023000000E-003
  -0.6638792549E+000  -0.2140467822E-004   0.8146652237E-004   0.8006537825E+000  -0.2673400000E-004   0.1017500000E-003
  -0.6602043240E+000  -0.2196477571E-004   0.8087027424E-004   0.7992713406E+000  -0.2748100000E-004   0.1011800000E-003
  -0.6565293931E+000  -0.2250478475E-004   0.8026594859E-004   0.7978722524E+000  -0.2820600000E-004   0.1006000000E-003
  -0.6528544622E+000  -0.2302634723E-004   0.7964562704E-004   0.7964562704E+000  -0.2891100000E-004   0.1000000000E-003
  -0.6491795313E+000  -0.2352950496E-004   0.7902371045E-004   0.7950231438E+000  -0.2959600000E-004   0.9939800000E-004
  -0.6455046004E+000  -0.2401271386E-004   0.7838989683E-004   0.7935726185E+000  -0.3025900000E-004   0.9878100000E-004
  -0.6418296695E+000  -0.2447602711E-004   0.7774901103E-004   0.7921044372E+000  -0.3090000000E-004   0.9815500000E-004
  -0.6381547386E+000  -0.2492108067E-004   0.7710030981E-004   0.7906183390E+000  -0.3152100000E-004   0.9751900000E-004
  -0.6344798077E+000  -0.2534634361E-004   0.7644621369E-004   0.7891140601E+000  -0.3212000000E-004   0.9687600000E-004
  -0.6308048768E+000  -0.2575266141E-004   0.7578597603E-004   0.7875913331E+000  -0.3269800000E-004   0.9622500000E-004
  -0.6271299459E+000  -0.2614008901E-004   0.7512042961E-004   0.7860498876E+000  -0.3325500000E-004   0.9556700000E-004
  -0.6234550150E+000  -0.2650789851E-004   0.7445040226E-004   0.7844894499E+000  -0.3379000000E-004   0.9490300000E-004
  -0.6197800841E+000  -0.2685693583E-004   0.7377671675E-004   0.7829097433E+000  -0.3430400000E-004   0.9423400000E-004
  -0.6161051531E+000  -0.2718726105E-004   0.7310019055E-004   0.7813104879E+000  -0.3479700000E-004   0.9356100000E-004
  -0.6124302222E+000  -0.2749971571E-004   0.7242085607E-004   0.7796914008E+000  -0.3527000000E-004   0.9288400000E-004
  -0.6087552913E+000  -0.2779358055E-004   0.7173874665E-004   0.7780521962E+000  -0.3572200000E-004   0.9220300000E-004
  -0.6050803604E+000  -0.2806892114E-004   0.7105622581E-004   0.7763925854E+000  -0.3615300000E-004   0.9152100000E-004
  -0.6014054295E+000  -0.2832657969E-004   0.7037253910E-004   0.7747122769E+000  -0.3656400000E-004   0.9083700000E-004
  -0.5977304986E+000  -0.2856584762E-004   0.6968848555E-004   0.7730109765E+000  -0.3695400000E-004   0.9015200000E-004
  -0.5940555677E+000  -0.2878911035E-004   0.6900408686E-004   0.7712883873E+000  -0.3732600000E-004   0.8946600000E-004
  -0.5903806368E+000  -0.2899411721E-004   0.6832090452E-004   0.7695442102E+000  -0.3767700000E-004   0.8878100000E-004
  -0.5867057059E+000  -0.2918324723E-004   0.6763818332E-004   0.7677781433E+000  -0.3801000000E-004   0.8809600000E-004
  -0.5830307750E+000  -0.2935503029E-004   0.6695670765E-004   0.7659898830E+000  -0.3832300000E-004   0.8741200000E-004
  -0.5793558441E+000  -0.2951106938E-004   0.6627801953E-004   0.7641791231E+000  -0.3861800000E-004   0.8673100000E-004
  -0.5756809132E+000  -0.2965143040E-004   0.6560135977E-004   0.7623455559E+000  -0.3889500000E-004   0.8605200000E-004
  -0.5720059823E+000  -0.2977618128E-004   0.6492673742E-004   0.7604888716E+000  -0.3915400000E-004   0.8537500000E-004
  -0.5683310514E+000  -0.2988539207E-004   0.6425567912E-004   0.7586087592E+000  -0.3939500000E-004   0.8470200000E-004
  -0.5646561205E+000  -0.2997989167E-004   0.6358742666E-004   0.7567049059E+000  -0.3961900000E-004   0.8403200000E-004
  -0.5609811896E+000  -0.3006050351E-004   0.6292349401E-004   0.7547769982E+000  -0.3982700000E-004   0.8336700000E-004
  -0.5573062587E+000  -0.3012653970E-004   0.6226312141E-004   0.7528247215E+000  -0.4001800000E-004   0.8270600000E-004
  -0.5536313278E+000  -0.3017882403E-004   0.6160705873E-004   0.7508477603E+000  -0.4019300000E-004   0.8205000000E-004
  -0.5499563969E+000  -0.3021817453E-004   0.6095529920E-004   0.7488457991E+000  -0.4035300000E-004   0.8139900000E-004
  -0.5462814660E+000  -0.3024390968E-004   0.6030858292E-004   0.7468185219E+000  -0.4049700000E-004   0.8075400000E-004
  -0.5426065351E+000  -0.3025759257E-004   0.5966689711E-004   0.7447656132E+000  -0.4062700000E-004   0.8011500000E-004
  -0.5389316042E+000  -0.3025854389E-004   0.5902948620E-004   0.7426867579E+000  -0.4074200000E-004   0.7948100000E-004
  -0.5352566733E+000  -0.3024757599E-004   0.5839856535E-004   0.7405816416E+000  -0.4084300000E-004   0.7885500000E-004
  -0.5315817424E+000  -0.3022549495E-004   0.5777263193E-004   0.7384499511E+000  -0.4093100000E-004   0.7823500000E-004
  -0.5279068115E+000  -0.3019162784E-004   0.5715240912E-004   0.7362913751E+000  -0.4100500000E-004   0.7762200000E-004
  -0.5242318806E+000  -0.3014751484E-004   0.5653787719E-004   0.7341056040E+000  -0.4106700000E-004   0.7701600000E-004
  -0.5205569497E+000  -0.3009321695E-004   0.5592901622E-004   0.7318923305E+000  -0.4111700000E-004   0.7641700000E-004
  -0.5168820188E+000  -0.3002806756E-004   0.5532653572E-004   0.7296512505E+000  -0.4115400000E-004   0.7582600000E-004
  -0.5132070879E+000  -0.2995359336E-004   0.5472968119E-004   0.7273820631E+000  -0.4118000000E-004   0.7524200000E-004
  -0.5095321570E+000  -0.2986985479E-004   0.5413988220E-004   0.7250844711E+000  -0.4119500000E-004   0.7466700000E-004
  -0.5058572261E+000  -0.2977691433E-004   0.5355565851E-004   0.7227581818E+000  -0.4119900000E-004   0.7409900000E-004
  -0.5021822952E+000  -0.2967483656E-004   0.5297770940E-004   0.7204029073E+000  -0.4119200000E-004   0.7353900000E-004
  -0.4985073643E+000  -0.2956512421E-004   0.5240672445E-004   0.7180183653E+000  -0.4117600000E-004   0.7298800000E-004
  -0.4948324334E+000  -0.2944711611E-004   0.5184195204E-004   0.7156042796E+000  -0.4115000000E-004   0.7244500000E-004
  -0.4911575025E+000  -0.2932087588E-004   0.5128336296E-004   0.7131603805E+000  -0.4111400000E-004   0.7191000000E-004
  -0.4874825716E+000  -0.2918789069E-004   0.5073163840E-004   0.7106864059E+000  -0.4107000000E-004   0.7138400000E-004
  -0.4838076407E+000  -0.2904750526E-004   0.5018603281E-004   0.7081821015E+000  -0.4101700000E-004   0.7086600000E-004
  -0.4801327098E+000  -0.2890048763E-004   0.4964651595E-004   0.7056472220E+000  -0.4095600000E-004   0.7035600000E-004
  -0.4764577789E+000  -0.2874689458E-004   0.4911446346E-004   0.7030815315E+000  -0.4088700000E-004   0.6985600000E-004
  -0.4727828480E+000  -0.2858678486E-004   0.4858772747E-004   0.7004848042E+000  -0.4081000000E-004   0.6936300000E-004
  -0.4691079171E+000  -0.2842091707E-004   0.4806837813E-004   0.6978568254E+000  -0.4072600000E-004   0.6888000000E-004
  -0.4654329862E+000  -0.2825004124E-004   0.4755497763E-004   0.6951973925E+000  -0.4063600000E-004   0.6840500000E-004
  -0.4617580553E+000  -0.2807282100E-004   0.4704749404E-004   0.6925063151E+000  -0.4053800000E-004   0.6793800000E-004
  -0.4580831244E+000  -0.2789139246E-004   0.4654658497E-004   0.6897834169E+000  -0.4043500000E-004   0.6748000000E-004
  -0.4544081935E+000  -0.2770442570E-004   0.4605220977E-004   0.6870285355E+000  -0.4032500000E-004   0.6703100000E-004
  -0.4507332626E+000  -0.2751335169E-004   0.4556364310E-004   0.6842415243E+000  -0.4021000000E-004   0.6659000000E-004
  -0.4470583317E+000  -0.2731753668E-004   0.4508085196E-004   0.6814222525E+000  -0.4008900000E-004   0.6615700000E-004
  -0.4433834008E+000  -0.2711771716E-004   0.4460448170E-004   0.6785706068E+000  -0.3996300000E-004   0.6573300000E-004
  -0.4397084699E+000  -0.2691394436E-004   0.4413449030E-004   0.6756864922E+000  -0.3983200000E-004   0.6531800000E-004
  -0.4360335390E+000  -0.2670694404E-004   0.4367016259E-004   0.6727698324E+000  -0.3969700000E-004   0.6491100000E-004
  -0.4323586081E+000  -0.2649609235E-004   0.4321146471E-004   0.6698205716E+000  -0.3955700000E-004   0.6451200000E-004
  -0.4286836772E+000  -0.2628211270E-004   0.4275836268E-004   0.6668386750E+000  -0.3941300000E-004   0.6412100000E-004
  -0.4250087463E+000  -0.2606505446E-004   0.4231082240E-004   0.6638241300E+000  -0.3926500000E-004   0.6373800000E-004
  -0.4213338154E+000  -0.2584562950E-004   0.4186947047E-004   0.6607769470E+000  -0.3911400000E-004   0.6336400000E-004
  -0.4176588845E+000  -0.2562322368E-004   0.4143294803E-004   0.6576971607E+000  -0.3895900000E-004   0.6299700000E-004
  -0.4139839536E+000  -0.2539854602E-004   0.4100253922E-004   0.6545848309E+000  -0.3880100000E-004   0.6263900000E-004
  -0.4103090227E+000  -0.2517164328E-004   0.4057689743E-004   0.6514400435E+000  -0.3864000000E-004   0.6228800000E-004
  -0.4066340918E+000  -0.2494321206E-004   0.4015664607E-004   0.6482629118E+000  -0.3847700000E-004   0.6194500000E-004
  -0.4029591609E+000  -0.2471200253E-004   0.3974110582E-004   0.6450535769E+000  -0.3831000000E-004   0.6160900000E-004
  -0.3992842300E+000  -0.2448000128E-004   0.3933089398E-004   0.6418122091E+000  -0.3814200000E-004   0.6128100000E-004
  -0.3956092991E+000  -0.2424596470E-004   0.3892597650E-004   0.6385390086E+000  -0.3797100000E-004   0.6096100000E-004
  -0.3919343682E+000  -0.2401058254E-004   0.3852568416E-004   0.6352342066E+000  -0.3779800000E-004   0.6064800000E-004
  -0.3882594373E+000  -0.2377390094E-004   0.3812999310E-004   0.6318980661E+000  -0.3762300000E-004   0.6034200000E-004
  -0.3845845064E+000  -0.2353659595E-004   0.3773887977E-004   0.6285308823E+000  -0.3744700000E-004   0.6004300000E-004
  -0.3809095755E+000  -0.2329808118E-004   0.3735294607E-004   0.6251329841E+000  -0.3726900000E-004   0.5975200000E-004
  -0.3772346446E+000  -0.2305840688E-004   0.3697091543E-004   0.6217047342E+000  -0.3708900000E-004   0.5946700000E-004
  -0.3735597137E+000  -0.2281886117E-004   0.3659339386E-004   0.6182465299E+000  -0.3690900000E-004   0.5918900000E-004
  -0.3698847828E+000  -0.2257824659E-004   0.3622035921E-004   0.6147588040E+000  -0.3672700000E-004   0.5891800000E-004
  -0.3662098523E+000  -0.2233722857E-004   0.3585178975E-004   0.6112420252E+000  -0.3654400000E-004   0.5865400000E-004
  -0.3625349214E+000  -0.2209645962E-004   0.3548705634E-004   0.6076966974E+000  -0.3636100000E-004   0.5839600000E-004
  -0.3588599905E+000  -0.2185537088E-004   0.3512675290E-004   0.6041233623E+000  -0.3617700000E-004   0.5814500000E-004
  -0.3551850596E+000  -0.2161400933E-004   0.3477025840E-004   0.6005225976E+000  -0.3599200000E-004   0.5790000000E-004
  -0.3515101287E+000  -0.2137301993E-004   0.3441756366E-004   0.5968950185E+000  -0.3580700000E-004   0.5766100000E-004
  -0.3478351978E+000  -0.2113184753E-004   0.3406866005E-004   0.5932412769E+000  -0.3562100000E-004   0.5742800000E-004
  -0.3441602669E+000  -0.2089172122E-004   0.3372353950E-004   0.5895620619E+000  -0.3543600000E-004   0.5720100000E-004
  -0.3404853360E+000  -0.2065149800E-004   0.3338219449E-004   0.5858580992E+000  -0.3525000000E-004   0.5698000000E-004
  -0.3368104051E+000  -0.2041181163E-004   0.3304461804E-004   0.5821301513E+000  -0.3506400000E-004   0.5676500000E-004
  -0.3331354742E+000  -0.2017270335E-004   0.3271080368E-004   0.5783790170E+000  -0.3487800000E-004   0.5655600000E-004
  -0.3294605433E+000  -0.1993421506E-004   0.3238017086E-004   0.5746055305E+000  -0.3469200000E-004   0.5635200000E-004
  -0.3257856124E+000  -0.1969696004E-004   0.3205329627E-004   0.5708105614E+000  -0.3450700000E-004   0.5615400000E-004
  -0.3221106815E+000  -0.1946040286E-004   0.3172960795E-004   0.5669950136E+000  -0.3432200000E-004   0.5596100000E-004
  -0.3184357506E+000  -0.1922458692E-004   0.3140911287E-004   0.5631598242E+000  -0.3413700000E-004   0.5577300000E-004
  -0.3147608197E+000  -0.1899011536E-004   0.3109237779E-004   0.5593059630E+000  -0.3395300000E-004   0.5559100000E-004
  -0.3110858888E+000  -0.1875646531E-004   0.3077828814E-004   0.5554344312E+000  -0.3376900000E-004   0.5541300000E-004
  -0.3074109579E+000  -0.1852423269E-004   0.3046796695E-004   0.5515462601E+000  -0.3358600000E-004   0.5524100000E-004
  -0.3037360270E+000  -0.1829290274E-004   0.3016031592E-004   0.5476425094E+000  -0.3340300000E-004   0.5507300000E-004
  -0.3000610961E+000  -0.1806360758E-004   0.2985589947E-004   0.5437242665E+000  -0.3322200000E-004   0.5491000000E-004
  -0.2963861652E+000  -0.1783528876E-004   0.2955472686E-004   0.5397926442E+000  -0.3304100000E-004   0.5475200000E-004
  -0.2927112343E+000  -0.1760852674E-004   0.2925627165E-004   0.5358487793E+000  -0.3286100000E-004   0.5459800000E-004
  -0.2890363034E+000  -0.1738282228E-004   0.2896108718E-004   0.5318938306E+000  -0.3268100000E-004   0.5444900000E-004
  -0.2853613725E+000  -0.1715927555E-004   0.2866865518E-004   0.5279289772E+000  -0.3250300000E-004   0.5430400000E-004
  -0.2816864416E+000  -0.1693738280E-004   0.2837952118E-004   0.5239554166E+000  -0.3232600000E-004   0.5416400000E-004
  -0.2780115107E+000  -0.1671665576E-004   0.2809317483E-004   0.5199743620E+000  -0.3214900000E-004   0.5402800000E-004
  -0.2743365798E+000  -0.1649816964E-004   0.2780912156E-004   0.5159870408E+000  -0.3197400000E-004   0.5389500000E-004
  -0.2706616489E+000  -0.1628143121E-004   0.2752841861E-004   0.5119946921E+000  -0.3180000000E-004   0.5376700000E-004
  -0.2669867180E+000  -0.1606647060E-004   0.2725056700E-004   0.5079985645E+000  -0.3162700000E-004   0.5364300000E-004
  -0.2633117871E+000  -0.1585331728E-004   0.2697558738E-004   0.5039999137E+000  -0.3145500000E-004   0.5352300000E-004
  -0.2596368562E+000  -0.1564250000E-004   0.2670300000E-004   0.5000000000E+000  -0.3128500000E-004   0.5340600000E-004
  -0.2559619253E+000  -0.1551736270E-004   0.2648938061E-004   0.4960000863E+000  -0.3128500000E-004   0.5340600000E-004
  -0.2522869944E+000  -0.1539226491E-004   0.2627582866E-004   0.4920014355E+000  -0.3128500000E-004   0.5340600000E-004
  -0.2486120635E+000  -0.1526724606E-004   0.2606241147E-004   0.4880053079E+000  -0.3128500000E-004   0.5340600000E-004
  -0.2449371326E+000  -0.1514234543E-004   0.2584919610E-004   0.4840129592E+000  -0.3128500000E-004   0.5340600000E-004
  -0.2412622017E+000  -0.1501760209E-004   0.2563624922E-004   0.4800256380E+000  -0.3128500000E-004   0.5340600000E-004
  -0.2375872708E+000  -0.1489305479E-004   0.2542363702E-004   0.4760445834E+000  -0.3128500000E-004   0.5340600000E-004
  -0.2339123399E+000  -0.1476874195E-004   0.2521142504E-004   0.4720710228E+000  -0.3128500000E-004   0.5340600000E-004
  -0.2302374090E+000  -0.1464470151E-004   0.2499967808E-004   0.4681061694E+000  -0.3128500000E-004   0.5340600000E-004
  -0.2265624781E+000  -0.1452097094E-004   0.2478846009E-004   0.4641512207E+000  -0.3128500000E-004   0.5340600000E-004
  -0.2228875472E+000  -0.1439758713E-004   0.2457783404E-004   0.4602073558E+000  -0.3128500000E-004   0.5340600000E-004
  -0.2192126163E+000  -0.1427458632E-004   0.2436786182E-004   0.4562757335E+000  -0.3128500000E-004   0.5340600000E-004
  -0.2155376854E+000  -0.1415200409E-004   0.2415860414E-004   0.4523574906E+000  -0.3128500000E-004   0.5340600000E-004
  -0.2118627545E+000  -0.1402987525E-004   0.2395012044E-004   0.4484537399E+000  -0.3128500000E-004   0.5340600000E-004
  -0.2081878236E+000  -0.1390823382E-004   0.2374246876E-004   0.4445655688E+000  -0.3128500000E-004   0.5340600000E-004
  -0.2045128927E+000  -0.1378711295E-004   0.2353570574E-004   0.4406940370E+000  -0.3128500000E-004   0.5340600000E-004
  -0.2008379618E+000  -0.1366654490E-004   0.2332988643E-004   0.4368401758E+000  -0.3128500000E-004   0.5340600000E-004
  -0.1971630309E+000  -0.1354656100E-004   0.2312506431E-004   0.4330049864E+000  -0.3128500000E-004   0.5340600000E-004
  -0.1934881000E+000  -0.1342719159E-004   0.2292129116E-004   0.4291894386E+000  -0.3128500000E-004   0.5340600000E-004
  -0.1898131691E+000  -0.1330846598E-004   0.2271861704E-004   0.4253944695E+000  -0.3128500000E-004   0.5340600000E-004
  -0.1861382382E+000  -0.1319041245E-004   0.2251709022E-004   0.4216209830E+000  -0.3128500000E-004   0.5340600000E-004
  -0.1824633073E+000  -0.1307305822E-004   0.2231675714E-004   0.4178698487E+000  -0.3128500000E-004   0.5340600000E-004
  -0.1787883764E+000  -0.1295642937E-004   0.2211766236E-004   0.4141419008E+000  -0.3128500000E-004   0.5340600000E-004
  -0.1751134455E+000  -0.1284055089E-004   0.2191984852E-004   0.4104379381E+000  -0.3128500000E-004   0.5340600000E-004
  -0.1714385146E+000  -0.1272544665E-004   0.2172335636E-004   0.4067587231E+000  -0.3128500000E-004   0.5340600000E-004
  -0.1677635837E+000  -0.1261113935E-004   0.2152822464E-004   0.4031049815E+000  -0.3128500000E-004   0.5340600000E-004
  -0.1640886528E+000  -0.1249765053E-004   0.2133449015E-004   0.3994774024E+000  -0.3128500000E-004   0.5340600000E-004
  -0.1604137219E+000  -0.1238500061E-004   0.2114218771E-004   0.3958766377E+000  -0.3128500000E-004   0.5340600000E-004
  -0.1567387910E+000  -0.1227320882E-004   0.2095135018E-004   0.3923033026E+000  -0.3128500000E-004   0.5340600000E-004
  -0.1530638601E+000  -0.1216229324E-004   0.2076200840E-004   0.3887579748E+000  -0.3128500000E-004   0.5340600000E-004
  -0.1493889292E+000  -0.1205227081E-004   0.2057419130E-004   0.3852411957E+000  -0.3128500000E-004   0.5340600000E-004
  -0.1457139983E+000  -0.1194315730E-004   0.2038792581E-004   0.3817534698E+000  -0.3128500000E-004   0.5340600000E-004
  -0.1420390674E+000  -0.1183496738E-004   0.2020323695E-004   0.3782952655E+000  -0.3128500000E-004   0.5340600000E-004
  -0.1383641365E+000  -0.1172771458E-004   0.2002014783E-004   0.3748670156E+000  -0.3128500000E-004   0.5340600000E-004
  -0.1346892056E+000  -0.1162141134E-004   0.1983867968E-004   0.3714691173E+000  -0.3128500000E-004   0.5340600000E-004
  -0.1310142747E+000  -0.1151606899E-004   0.1965885187E-004   0.3681019336E+000  -0.3128500000E-004   0.5340600000E-004
  -0.1273393438E+000  -0.1141169783E-004   0.1948068194E-004   0.3647657930E+000  -0.3128500000E-004   0.5340600000E-004
  -0.1236644129E+000  -0.1130830711E-004   0.1930418569E-004   0.3614609911E+000  -0.3128500000E-004   0.5340600000E-004
  -0.1199894820E+000  -0.1120590503E-004   0.1912937715E-004   0.3581877906E+000  -0.3128500000E-004   0.5340600000E-004
  -0.1163145511E+000  -0.1110449884E-004   0.1895626866E-004   0.3549464228E+000  -0.3128500000E-004   0.5340600000E-004
  -0.1126396202E+000  -0.1100409479E-004   0.1878487091E-004   0.3517370879E+000  -0.3128500000E-004   0.5340600000E-004
  -0.1089646893E+000  -0.1090469823E-004   0.1861519302E-004   0.3485599561E+000  -0.3128500000E-004   0.5340600000E-004
  -0.1052897584E+000  -0.1080631356E-004   0.1844724251E-004   0.3454151688E+000  -0.3128500000E-004   0.5340600000E-004
  -0.1016148275E+000  -0.1070894432E-004   0.1828102542E-004   0.3423028390E+000  -0.3128500000E-004   0.5340600000E-004
  -0.9793989658E-001  -0.1061259320E-004   0.1811654635E-004   0.3392230527E+000  -0.3128500000E-004   0.5340600000E-004
  -0.9426496568E-001  -0.1051726208E-004   0.1795380850E-004   0.3361758697E+000  -0.3128500000E-004   0.5340600000E-004
  -0.9059003478E-001  -0.1042295204E-004   0.1779281371E-004   0.3331613247E+000  -0.3128500000E-004   0.5340600000E-004
  -0.8691510388E-001  -0.1032966341E-004   0.1763356254E-004   0.3301794281E+000  -0.3128500000E-004   0.5340600000E-004
  -0.8324017298E-001  -0.1023739578E-004   0.1747605432E-004   0.3272301673E+000  -0.3128500000E-004   0.5340600000E-004
  -0.7956524208E-001  -0.1014614808E-004   0.1732028718E-004   0.3243135075E+000  -0.3128500000E-004   0.5340600000E-004
  -0.7589031118E-001  -0.1005591856E-004   0.1716625816E-004   0.3214293929E+000  -0.3128500000E-004   0.5340600000E-004
