    -1.485045     0.041975     0.006670     0.000969
    -1.481370     0.041975     0.006735     0.000984
    -1.477695     0.041975     0.006801     0.001000
    -1.474020     0.041975     0.006868     0.001016
    -1.470345     0.041975     0.006936     0.001033
    -1.466670     0.041975     0.007006     0.001050
    -1.462995     0.041975     0.007076     0.001068
    -1.459321     0.041975     0.007148     0.001087
    -1.455646     0.041975     0.007222     0.001106
    -1.451971     0.041975     0.007296     0.001125
    -1.448296     0.041975     0.007372     0.001145
    -1.444621     0.041975     0.007449     0.001166
    -1.440946     0.041975     0.007528     0.001188
    -1.437271     0.041975     0.007608     0.001211
    -1.433596     0.041975     0.007690     0.001234
    -1.429921     0.041975     0.007774     0.001258
    -1.426246     0.041975     0.007859     0.001283
    -1.422571     0.041975     0.007945     0.001310
    -1.418896     0.041975     0.008034     0.001337
    -1.415221     0.041975     0.008124     0.001365
    -1.411546     0.041975     0.008216     0.001395
    -1.407871     0.041975     0.008310     0.001426
    -1.404197     0.041975     0.008406     0.001459
    -1.400522     0.041975     0.008504     0.001493
    -1.396847     0.041975     0.008604     0.001529
    -1.393172     0.041975     0.008706     0.001566
    -1.389497     0.041975     0.008810     0.001606
    -1.385822     0.041975     0.008916     0.001648
    -1.382147     0.041975     0.009025     0.001693
    -1.378472     0.041975     0.009136     0.001740
    -1.374797     0.041975     0.009249     0.001790
    -1.371122     0.041975     0.009364     0.001844
    -1.367447     0.041975     0.009481     0.001900
    -1.363772     0.041975     0.009600     0.001961
    -1.360097     0.041975     0.009722     0.002027
    -1.356422     0.041975     0.009845     0.002097
    -1.352748     0.041975     0.009969     0.002172
    -1.349073     0.041975     0.010094     0.002253
    -1.345398     0.041975     0.010220     0.002340
    -1.341723     0.041975     0.010345     0.002434
    -1.338048     0.041975     0.010469     0.002535
    -1.334373     0.041975     0.010591     0.002644
    -1.330698     0.041975     0.010708     0.002759
    -1.327023     0.041975     0.010821     0.002883
    -1.323348     0.041975     0.010926     0.003012
    -1.319673     0.041975     0.011021     0.003147
    -1.315998     0.041975     0.011106     0.003285
    -1.312323     0.041975     0.011179     0.003423
    -1.308648     0.041975     0.011240     0.003558
    -1.304973     0.041975     0.011289     0.003685
    -1.301298     0.041975     0.011328     0.003801
    -1.297624     0.041975     0.011362     0.003903
    -1.293949     0.041975     0.011396     0.003988
    -1.290274     0.041975     0.011435     0.004057
    -1.286599     0.041975     0.011486     0.004111
    -1.282924     0.041975     0.011552     0.004155
    -1.279249     0.041975     0.011636     0.004194
    -1.275574     0.041975     0.011740     0.004232
    -1.271899     0.041975     0.011863     0.004276
    -1.268224     0.041975     0.012005     0.004330
    -1.264549     0.041975     0.012161     0.004398
    -1.260874     0.041975     0.012331     0.004482
    -1.257199     0.041975     0.012511     0.004587
    -1.253524     0.041975     0.012697     0.004713
    -1.249849     0.041975     0.012885     0.004863
    -1.246175     0.041975     0.013073     0.005039
    -1.242500     0.041975     0.013256     0.005241
    -1.238825     0.041975     0.013429     0.005471
    -1.235150     0.041975     0.013586     0.005729
    -1.231475     0.041975     0.013721     0.006014
    -1.227800     0.041975     0.013827     0.006326
    -1.224125     0.041975     0.013895     0.006660
    -1.220450     0.041975     0.013918     0.007011
    -1.216775     0.041975     0.013887     0.007370
    -1.213100     0.041975     0.013795     0.007724
    -1.209425     0.041975     0.013641     0.008058
    -1.205750     0.041975     0.013423     0.008354
    -1.202075     0.041975     0.013151     0.008593
    -1.198400     0.041975     0.012838     0.008758
    -1.194725     0.041975     0.012505     0.008838
    -1.191051     0.041975     0.012174     0.008827
    -1.187376     0.041975     0.011870     0.008730
    -1.183701     0.041975     0.011614     0.008558
    -1.180026     0.041975     0.011420     0.008327
    -1.176351     0.041975     0.011296     0.008055
    -1.172676     0.041975     0.011245     0.007762
    -1.169001     0.041975     0.011264     0.007463
    -1.165326     0.041975     0.011346     0.007171
    -1.161651     0.041975     0.011482     0.006895
    -1.157976     0.041975     0.011666     0.006641
    -1.154301     0.041975     0.011888     0.006411
    -1.150626     0.041975     0.012143     0.006208
    -1.146951     0.041975     0.012422     0.006031
    -1.143276     0.041975     0.012723     0.005880
    -1.139602     0.041975     0.013041     0.005752
    -1.135927     0.041975     0.013372     0.005648
    -1.132252     0.041975     0.013716     0.005564
    -1.128577     0.041975     0.014069     0.005499
    -1.124902     0.041975     0.014430     0.005452
    -1.121227     0.041975     0.014799     0.005420
    -1.117552     0.041975     0.015176     0.005404
    -1.113877     0.041975     0.015559     0.005402
    -1.110202     0.041975     0.015949     0.005412
    -1.106527     0.041975     0.016346     0.005434
    -1.102852     0.041975     0.016750     0.005467
    -1.099177     0.041975     0.017161     0.005511
    -1.095502     0.041975     0.017579     0.005565
    -1.091827     0.041975     0.018005     0.005628
    -1.088152     0.041975     0.018439     0.005701
    -1.084478     0.041975     0.018882     0.005782
    -1.080803     0.041975     0.019334     0.005873
    -1.077128     0.041975     0.019796     0.005972
    -1.073453     0.041975     0.020267     0.006079
    -1.069778     0.041975     0.020750     0.006195
    -1.066103     0.041975     0.021244     0.006320
    -1.062428     0.041975     0.021750     0.006453
    -1.058753     0.041975     0.022269     0.006595
    -1.055078     0.041975     0.022801     0.006746
    -1.051403     0.041975     0.023347     0.006906
    -1.047728     0.041975     0.023908     0.007076
    -1.044053     0.041975     0.024485     0.007255
    -1.040378     0.041975     0.025079     0.007444
    -1.036703     0.041975     0.025690     0.007644
    -1.033029     0.041975     0.026320     0.007855
    -1.029354     0.041975     0.026969     0.008077
    -1.025679     0.041975     0.027638     0.008312
    -1.022004     0.041975     0.028329     0.008558
    -1.018329     0.041975     0.029042     0.008818
    -1.014654     0.041975     0.029780     0.009092
    -1.010979     0.041975     0.030542     0.009381
    -1.007304     0.041975     0.031332     0.009686
    -1.003629     0.041975     0.032149     0.010006
    -0.999954     0.041975     0.032996     0.010345
    -0.996279     0.041975     0.033874     0.010702
    -0.992604     0.041975     0.034784     0.011079
    -0.988929     0.041975     0.035730     0.011477
    -0.985254     0.041975     0.036712     0.011897
    -0.981579     0.041975     0.037733     0.012342
    -0.977905     0.041975     0.038796     0.012813
    -0.974230     0.041975     0.039901     0.013312
    -0.970555     0.041975     0.041053     0.013840
    -0.966880     0.041975     0.042253     0.014401
    -0.963205     0.041975     0.043505     0.014996
    -0.959530     0.041975     0.044812     0.015629
    -0.955855     0.041975     0.046177     0.016302
    -0.952180     0.041975     0.047603     0.017019
    -0.948505     0.041975     0.049096     0.017782
    -0.944830     0.041975     0.050658     0.018598
    -0.941155     0.041975     0.052294     0.019468
    -0.937480     0.041975     0.054010     0.020400
    -0.933805     0.041975     0.055810     0.021398
    -0.930130     0.041975     0.057699     0.022468
    -0.926456     0.041975     0.059685     0.023618
    -0.922781     0.041975     0.061772     0.024854
    -0.919106     0.041975     0.063968     0.026184
    -0.915431     0.041975     0.066284     0.027621
    -0.911756     0.041975     0.068722     0.029173
    -0.908081     0.041975     0.071294     0.030852
    -0.904406     0.041975     0.074009     0.032673
    -0.900731     0.041975     0.076872     0.034650
    -0.897056     0.041975     0.079906     0.036799
    -0.893381     0.041975     0.083109     0.039144
    -0.889706     0.041975     0.086498     0.041704
    -0.886031     0.041975     0.090093     0.044508
    -0.882356     0.041975     0.093894     0.047583
    -0.878681     0.041975     0.097926     0.050963
    -0.875006     0.041975     0.102195     0.054685
    -0.871332     0.041975     0.106724     0.058799
    -0.867657     0.041975     0.111516     0.063350
    -0.863982     0.041975     0.116598     0.068399
    -0.860307     0.041975     0.121972     0.074016
    -0.856632     0.041975     0.127652     0.080277
    -0.852957     0.041975     0.133643     0.087275
    -0.849282     0.041975     0.139947     0.095115
    -0.845607     0.041975     0.146547     0.103918
    -0.841932     0.041975     0.153434     0.113830
    -0.838257     0.041975     0.160572     0.125008
    -0.834582     0.041975     0.167889     0.137637
    -0.830907     0.041975     0.175317     0.151931
    -0.827232     0.041975     0.182702     0.168125
    -0.823557     0.041975     0.189886     0.186472
    -0.819883     0.041975     0.196596     0.207246
    -0.816208     0.041975     0.202504     0.230724
    -0.812533     0.041975     0.207158     0.257181
    -0.808858     0.041975     0.209970     0.286853
    -0.805183     0.041975     0.210230     0.319857
    -0.801508     0.041975     0.207087     0.356199
    -0.797833     0.041975     0.199471     0.395623
    -0.794158     0.041975     0.186397     0.437601
    -0.790483     0.041975     0.166803     0.481199
    -0.786808     0.041975     0.139925     0.525099
    -0.783133     0.041975     0.105180     0.567496
    -0.779458     0.041975     0.062846     0.606514
    -0.775783     0.041975     0.013609     0.640034
    -0.772108     0.041975    -0.040801     0.666562
    -0.768433     0.041975    -0.098552     0.684779
    -0.764759     0.041975    -0.157349     0.694189
    -0.761084     0.041975    -0.214641     0.695584
    -0.757409     0.041975    -0.268713     0.689399
    -0.753734     0.041975    -0.317664     0.676960
    -0.750059     0.041975    -0.361415     0.659692
    -0.746384     0.041975    -0.398846     0.638395
    -0.742709     0.041975    -0.429812     0.614916
    -0.739034     0.041975    -0.453007     0.587638
    -0.735359     0.041975    -0.508868     0.556507
    -0.731684     0.041975    -0.520310     0.525398
    -0.728009     0.041975    -0.524069     0.492596
    -0.724334     0.041975    -0.520000     0.457905
    -0.720659     0.041975    -0.517490     0.418516
    -0.716984     0.041975    -0.497584     0.381229
    -0.713310     0.041975    -0.470515     0.343737
    -0.709635     0.041975    -0.437586     0.306888
    -0.705960     0.041975    -0.389942     0.276378
    -0.702285     0.041975    -0.350081     0.243363
    -0.698610     0.041975    -0.309132     0.213569
    -0.694935     0.041975    -0.268601     0.187260
    -0.691260     0.041975    -0.229467     0.164679
    -0.687585     0.041975    -0.158122     0.158127
    -0.683910     0.041975    -0.125801     0.144818
    -0.680235     0.041975    -0.096456     0.132906
    -0.676560     0.041975    -0.070041     0.124016
    -0.672885     0.041975    -0.046516     0.117935
    -0.669210     0.041975    -0.025786     0.114407
    -0.665535     0.041975    -0.007766     0.113177
    -0.661861     0.041975     0.007642     0.113987
    -0.658186     0.041975     0.020543     0.116568
    -0.654511     0.041975     0.031122     0.120677
    -0.650836     0.041975     0.039380     0.126089
    -0.647161     0.041975     0.045444     0.132583
    -0.643486     0.041975     0.049331     0.139922
    -0.639811     0.041975     0.051146     0.147901
    -0.636136     0.041975     0.050917     0.156279
    -0.632461     0.041975     0.048715     0.164832
    -0.628786     0.041975     0.044635     0.173339
    -0.625111     0.041975     0.038759     0.181568
    -0.621436     0.041975     0.031213     0.189312
    -0.617761     0.041975     0.022127     0.196357
    -0.614086     0.041975     0.011673     0.202522
    -0.610411     0.041975     0.000029     0.207653
    -0.606737     0.041975    -0.012603     0.211620
    -0.603062     0.041975    -0.026015     0.214335
    -0.599387     0.041975    -0.039997     0.215741
    -0.595712     0.041975    -0.054344     0.215812
    -0.592037     0.041975    -0.068865     0.214562
    -0.588362     0.041975    -0.083380     0.212035
    -0.584687     0.041975    -0.097740     0.208285
    -0.581012     0.041975    -0.111813     0.203389
    -0.577337     0.041975    -0.125495     0.197431
    -0.573662     0.041975    -0.138706     0.190495
    -0.569987     0.041975    -0.151374     0.182670
    -0.566312     0.041975    -0.163457     0.174028
    -0.562637     0.041975    -0.174917     0.164652
    -0.558962     0.041975    -0.185729     0.154599
    -0.555288     0.041975    -0.195870     0.143931
    -0.551613     0.041975    -0.205318     0.132695
    -0.547938     0.041975    -0.214056     0.120937
    -0.544263     0.041975    -0.222059     0.108700
    -0.540588     0.041975    -0.229301     0.096026
    -0.536913     0.041975    -0.235758     0.082960
    -0.533238     0.041975    -0.241397     0.069550
    -0.529563     0.041975    -0.246189     0.055852
    -0.525888     0.041975    -0.250107     0.041930
    -0.522213     0.041975    -0.253127     0.027858
    -0.518538     0.041975    -0.255239     0.013717
    -0.514863     0.041975    -0.256441    -0.000405
    -0.511188     0.041975    -0.256753    -0.014415
    -0.507513     0.041975    -0.256207    -0.028221
    -0.503838     0.041975    -0.254859    -0.041741
    -0.500164     0.041975    -0.252786    -0.054903
    -0.496489     0.041975    -0.250074    -0.067652
    -0.492814     0.041975    -0.246825    -0.079964
    -0.489139     0.041975    -0.243138    -0.091841
    -0.485464     0.041975    -0.239106    -0.103314
    -0.481789     0.041975    -0.234801    -0.114443
    -0.478114     0.041975    -0.230266    -0.125304
    -0.474439     0.041975    -0.225512    -0.135979
    -0.470764     0.041975    -0.220509    -0.146544
    -0.467089     0.041975    -0.215205    -0.157049
    -0.463414     0.041975    -0.209529    -0.167518
    -0.459739     0.041975    -0.203411    -0.177935
    -0.456064     0.041975    -0.196798    -0.188264
    -0.452389     0.041975    -0.189657    -0.198451
    -0.448715     0.041975    -0.181981    -0.208445
    -0.445040     0.041975    -0.173776    -0.218208
    -0.441365     0.041975    -0.165050    -0.227713
    -0.437690     0.041975    -0.155801    -0.236948
    -0.434015     0.041975    -0.146017    -0.245899
    -0.430340     0.041975    -0.135671    -0.254545
    -0.426665     0.041975    -0.124730    -0.262846
    -0.422990     0.041975    -0.113165    -0.270746
    -0.419315     0.041975    -0.100955    -0.278169
    -0.415640     0.041975    -0.088099    -0.285027
    -0.411965     0.041975    -0.074616    -0.291229
    -0.408290     0.041975    -0.060547    -0.296684
    -0.404615     0.041975    -0.045949    -0.301310
    -0.400940     0.041975    -0.030896    -0.305033
    -0.397265     0.041975    -0.015471    -0.307797
    -0.393591     0.041975     0.000239    -0.309560
    -0.389916     0.041975     0.016138    -0.310290
    -0.386241     0.041975     0.032138    -0.309973
    -0.382566     0.041975     0.048147    -0.308601
    -0.378891     0.041975     0.063513    -0.306318
    -0.375216     0.041975     0.078712    -0.303070
    -0.371541     0.041975     0.093685    -0.298869
    -0.367866     0.041975     0.108366    -0.293737
    -0.364191     0.041975     0.122688    -0.287701
    -0.360516     0.041975     0.136587    -0.280792
    -0.356841     0.041975     0.150006    -0.273045
    -0.353166     0.041975     0.162886    -0.264498
    -0.349491     0.041975     0.175174    -0.255194
    -0.345816     0.041975     0.186820    -0.245177
    -0.342142     0.041975     0.197777    -0.234497
    -0.338467     0.041975     0.208002    -0.223206
    -0.334792     0.041975     0.217454    -0.211360
    -0.331117     0.041975     0.226099    -0.199020
    -0.327442     0.041975     0.233907    -0.186247
    -0.323767     0.041975     0.240854    -0.173105
    -0.320092     0.041975     0.246920    -0.159662
    -0.316417     0.041975     0.252095    -0.145986
    -0.312742     0.041975     0.256371    -0.132146
    -0.309067     0.041975     0.259751    -0.118208
    -0.305392     0.041975     0.262240    -0.104239
    -0.301717     0.041975     0.263854    -0.090305
    -0.298042     0.041975     0.264611    -0.076465
    -0.294367     0.041975     0.264536    -0.062777
    -0.290692     0.041975     0.263657    -0.049294
    -0.287018     0.041975     0.262008    -0.036061
    -0.283343     0.041975     0.259621    -0.023121
    -0.279668     0.041975     0.256531    -0.010510
    -0.275993     0.041975     0.252774     0.001738
    -0.272318     0.041975     0.248385     0.013596
    -0.268643     0.041975     0.243395     0.025040
    -0.264968     0.041975     0.237837     0.036050
    -0.261293     0.041975     0.231740     0.046603
    -0.257618     0.041975     0.225131     0.056682
    -0.253943     0.041975     0.218036     0.066267
    -0.250268     0.041975     0.210478     0.075338
    -0.246593     0.041975     0.202484     0.083874
    -0.242918     0.041975     0.194077     0.091851
    -0.239243     0.041975     0.185283     0.099245
    -0.235569     0.041975     0.176132     0.106028
    -0.231894     0.041975     0.166657     0.112175
    -0.228219     0.041975     0.156892     0.117656
    -0.224544     0.041975     0.146880     0.122444
    -0.220869     0.041975     0.136666     0.126514
    -0.217194     0.041975     0.126303     0.129844
    -0.213519     0.041975     0.115847     0.132413
    -0.209844     0.041975     0.105360     0.134209
    -0.206169     0.041975     0.094905     0.135226
    -0.202494     0.041975     0.084553     0.135462
    -0.198819     0.041975     0.074370     0.134927
    -0.382566     0.000184     0.108365    -0.582643
    -0.382566     0.000367     0.107889    -0.580929
    -0.382566     0.000414     0.107770    -0.580500
    -0.382566     0.000617     0.107249    -0.578609
    -0.382566     0.000921     0.106478    -0.575800
    -0.382566     0.001373     0.105343    -0.571635
    -0.382566     0.002049     0.103687    -0.565479
    -0.382566     0.003056     0.101290    -0.556423
    -0.382566     0.004559     0.097874    -0.543199
    -0.382566     0.006802     0.093109    -0.524099
    -0.382566     0.010147     0.086663    -0.496989
    -0.382566     0.015138     0.078286    -0.459520
    -0.382566     0.022583     0.067909    -0.409774
    -0.382566     0.033690     0.055631    -0.347431
    -0.382566     0.050259     0.041693    -0.275120
    -0.382566     0.074978     0.026941    -0.199173
    -0.382566     0.111854     0.013612    -0.129178
    -0.382566     0.166867     0.004475    -0.075093
    -0.382566     0.248937     0.000266    -0.041288
    -0.382566     0.371370    -0.000617    -0.023094
    -0.382566     0.554019     0.000110    -0.012814
    -0.382566     0.826499     0.001042    -0.006320
