nat, nph =   565    3
    1   12    6    2
 iat     x       y        z       iph  
 -----------------------------------------------------------------------
   1      0.00000      0.00000      0.00000   0   1
   2     -1.68528     -1.90999      0.23836   3   1
   3      0.80787      0.91559      2.24813   3   1
   4     -2.03987      0.91559      1.24324   3   1
   5      1.16246     -1.90999      1.24324   3   1
   6      1.69012      1.91548     -0.25207   2   1
   7     -0.80303     -0.91010     -2.26185   2   1
   8      2.04471     -0.91010     -1.25696   2   1
   9     -1.15762      1.91548     -1.25696   2   1
  10     -0.80303     -0.91010      2.27569   2   1
  11      0.80787      0.91559     -2.28940   3   1
  12     -2.84774      0.00000     -1.00489   1   1
  13      0.35460     -2.82558     -1.00489   1   1
  14     -0.35460      2.82558      1.00489   1   1
  15      2.84774      0.00000      1.00489   1   1
  16     -3.65077     -0.91010      1.27080   2   1
  17     -0.44843     -3.73568      1.27080   2   1
  18      2.04471     -0.91010      3.28057   2   1
  19     -1.15762      1.91548      3.28057   2   1
  20      0.45327      3.74116     -1.28451   3   1
  21      3.65561      0.91559     -1.28451   3   1
  22     -2.03987      0.91559     -3.29429   3   1
  23      1.16246     -1.90999     -3.29429   3   1
  24     -2.49314     -2.82558     -2.00978   1   1
  25      2.49314      2.82558      2.00978   1   1
  26      3.20234     -2.82558      0.00000   1   1
  27     -3.20234      2.82558      0.00000   1   1
  28      2.49314      2.82558     -2.52776   1   1
  29     -2.49314     -2.82558      2.52776   1   1
  30     -0.35460      2.82558     -3.53264   1   1
  31     -2.84774      0.00000      3.53264   1   1
  32      0.35460     -2.82558      3.53264   1   1
  33      2.84774      0.00000     -3.53264   1   1
  34      0.00000      0.00000     -4.53753   1   1
  35      0.00000      0.00000      4.53753   1   1
  36     -1.33068     -4.73557     -0.76653   3   1
  37     -4.53302     -1.90999     -0.76653   3   1
  38      0.45327      3.74116      3.25302   3   1
  39      3.65561      0.91559      3.25302   3   1
  40     -4.88761      0.91559      0.23836   3   1
  41      1.51706     -4.73557      0.23836   3   1
  42      4.01020     -1.90999      2.24813   3   1
  43     -2.39447      3.74116      2.24813   3   1
  44      1.33552      4.74105      0.75282   2   1
  45      4.53786      1.91548      0.75282   2   1
  46     -3.65077     -0.91010     -3.26673   2   1
  47     -0.44843     -3.73568     -3.26673   2   1
  48     -1.51222      4.74105     -0.25207   2   1
  49      4.89245     -0.91010     -0.25207   2   1
  50     -4.00536      1.91548     -2.26185   2   1
  51      2.39931     -3.73568     -2.26185   2   1
  52     -3.29617     -3.73568      0.26591   2   1
  53      1.69012      1.91548      4.28546   2   1
  54     -4.00536      1.91548      2.27569   2   1
  55      2.39931     -3.73568      2.27569   2   1
  56      3.30101      3.74116     -0.27962   3   1
  57     -1.68528     -1.90999     -4.29918   3   1
  58      4.01020     -1.90999     -2.28940   3   1
  59     -2.39447      3.74116     -2.28940   3   1
  60     -1.68528     -1.90999      4.77589   3   1
  61      1.69012      1.91548     -4.78960   2   1
  62     -5.69548      0.00000     -2.00978   1   1
  63      0.70919     -5.65115     -2.00978   1   1
  64      5.69548      0.00000      2.00978   1   1
  65     -0.70919      5.65115      2.00978   1   1
  66     -4.53302     -1.90999      3.77100   3   1
  67     -1.33068     -4.73557      3.77100   3   1
  68     -2.03987      0.91559      5.78078   3   1
  69      1.16246     -1.90999      5.78078   3   1
  70      1.33552      4.74105     -3.78471   2   1
  71      4.53786      1.91548     -3.78471   2   1
  72     -1.15762      1.91548     -5.79449   2   1
  73      2.04471     -0.91010     -5.79449   2   1
  74     -5.34088     -2.82558      1.52287   1   1
  75      5.34088      2.82558     -1.52287   1   1
  76     -2.13855     -5.65115      1.52287   1   1
  77      2.13855      5.65115     -1.52287   1   1
  78      5.69548      0.00000     -2.52776   1   1
  79     -2.84774      0.00000     -5.54242   1   1
  80     -0.35460      2.82558      5.54242   1   1
  81     -5.69548      0.00000      2.52776   1   1
  82      0.35460     -2.82558     -5.54242   1   1
  83      0.70919     -5.65115      2.52776   1   1
  84     -0.70919      5.65115     -2.52776   1   1
  85      2.84774      0.00000      5.54242   1   1
  86      3.20234     -2.82558     -4.53753   1   1
  87     -3.20234      2.82558     -4.53753   1   1
  88     -3.20234      2.82558      4.53753   1   1
  89      3.20234     -2.82558      4.53753   1   1
  90     -4.17842     -4.73557     -1.77142   3   1
  91      3.30101      3.74116      4.25791   3   1
  92      4.36480     -4.73557      1.24324   3   1
  93     -5.24221      3.74116      1.24324   3   1
  94      4.18326      4.74105      1.75771   2   1
  95     -3.29617     -3.73568     -4.27162   2   1
  96     -4.35996      4.74105     -1.25696   2   1
  97      5.24705     -3.73568     -1.25696   2   1
  98     -0.09383     -6.56125      0.26591   2   1
  99     -6.49851     -0.91010      0.26591   2   1
 100     -1.51222      4.74105      4.28546   2   1
 101      4.89245     -0.91010      4.28546   2   1
 102      0.09867      6.56674     -0.27962   3   1
 103      6.50335      0.91559     -0.27962   3   1
 104     -4.88761      0.91559     -4.29918   3   1
 105      1.51706     -4.73557     -4.29918   3   1
 106     -5.34088     -2.82558     -3.01466   1   1
 107      5.34088      2.82558      3.01466   1   1
 108     -2.13855     -5.65115     -3.01466   1   1
 109      2.13855      5.65115      3.01466   1   1
 110     -3.55693      5.65115      1.00489   1   1
 111     -6.05008      2.82558     -1.00489   1   1
 112      3.55693     -5.65115     -1.00489   1   1
 113      6.05008     -2.82558      1.00489   1   1
 114     -4.17842     -4.73557      2.76611   3   1
 115      0.80787      0.91559      6.78566   3   1
 116     -4.88761      0.91559      4.77589   3   1
 117      1.51706     -4.73557      4.77589   3   1
 118      4.18326      4.74105     -2.77983   2   1
 119     -0.80303     -0.91010     -6.79938   2   1
 120      4.89245     -0.91010     -4.78960   2   1
 121     -1.51222      4.74105     -4.78960   2   1
 122     -3.29617     -3.73568      4.80344   2   1
 123     -3.65077     -0.91010      5.80833   2   1
 124     -0.44843     -3.73568      5.80833   2   1
 125     -0.80303     -0.91010      6.81322   2   1
 126      3.30101      3.74116     -4.81716   3   1
 127      0.45327      3.74116     -5.82204   3   1
 128      3.65561      0.91559     -5.82204   3   1
 129      0.80787      0.91559     -6.82693   3   1
 130     -2.94157     -6.56125     -0.73898   2   1
 131     -6.14391     -3.73568     -0.73898   2   1
 132      1.33552      4.74105      5.29035   2   1
 133      4.53786      1.91548      5.29035   2   1
 134      2.75391     -6.56125      1.27080   2   1
 135     -6.85310      1.91548      1.27080   2   1
 136     -4.35996      4.74105      3.28057   2   1
 137      5.24705     -3.73568      3.28057   2   1
 138      6.14875      3.74116      0.72526   3   1
 139      2.94641      6.56674      0.72526   3   1
 140     -1.33068     -4.73557     -5.30406   3   1
 141     -4.53302     -1.90999     -5.30406   3   1
 142     -2.74907      6.56674     -1.28451   3   1
 143      6.85794     -1.90999     -1.28451   3   1
 144      4.36480     -4.73557     -3.29429   3   1
 145     -5.24221      3.74116     -3.29429   3   1
 146     -4.98629     -5.65115      0.51798   1   1
 147      4.98629      5.65115     -0.51798   1   1
 148     -2.49314     -2.82558     -6.54731   1   1
 149      2.49314      2.82558      6.54731   1   1
 150     -3.55693      5.65115     -3.53264   1   1
 151     -6.05008      2.82558      3.53264   1   1
 152      6.05008     -2.82558     -3.53264   1   1
 153      3.55693     -5.65115      3.53264   1   1
 154     -0.97608     -7.56114     -1.77142   3   1
 155     -7.38076     -1.90999     -1.77142   3   1
 156      0.09867      6.56674      4.25791   3   1
 157      6.50335      0.91559      4.25791   3   1
 158     -7.73535      0.91559     -0.76653   3   1
 159      1.87166     -7.56114     -0.76653   3   1
 160     -2.74907      6.56674      3.25302   3   1
 161      6.85794     -1.90999      3.25302   3   1
 162      7.38560      1.91548      1.75771   2   1
 163      0.98092      7.56663      1.75771   2   1
 164     -0.09383     -6.56125     -4.27162   2   1
 165     -6.49851     -0.91010     -4.27162   2   1
 166      7.74019     -0.91010      0.75282   2   1
 167     -1.86682      7.56663      0.75282   2   1
 168      2.75391     -6.56125     -3.26673   2   1
 169     -6.85310      1.91548     -3.26673   2   1
 170      2.49314      2.82558     -7.06529   1   1
 171     -2.49314     -2.82558      7.06529   1   1
 172     -0.97608     -7.56114      2.76611   3   1
 173     -7.38076     -1.90999      2.76611   3   1
 174     -2.39447      3.74116      6.78566   3   1
 175      4.01020     -1.90999      6.78566   3   1
 176      7.38560      1.91548     -2.77983   2   1
 177      0.98092      7.56663     -2.77983   2   1
 178     -4.00536      1.91548     -6.79938   2   1
 179      2.39931     -3.73568     -6.79938   2   1
 180     -2.94157     -6.56125      3.79856   2   1
 181     -6.14391     -3.73568      3.79856   2   1
 182     -6.49851     -0.91010      4.80344   2   1
 183     -0.09383     -6.56125      4.80344   2   1
 184     -1.15762      1.91548      7.81811   2   1
 185      2.04471     -0.91010      7.81811   2   1
 186     -4.00536      1.91548      6.81322   2   1
 187      2.39931     -3.73568      6.81322   2   1
 188      6.14875      3.74116     -3.81227   3   1
 189      2.94641      6.56674     -3.81227   3   1
 190      6.50335      0.91559     -4.81716   3   1
 191      0.09867      6.56674     -4.81716   3   1
 192     -2.03987      0.91559     -7.83182   3   1
 193      1.16246     -1.90999     -7.83182   3   1
 194     -2.39447      3.74116     -6.82693   3   1
 195      4.01020     -1.90999     -6.82693   3   1
 196     -4.98629     -5.65115     -4.01955   1   1
 197      4.98629      5.65115      4.01955   1   1
 198     -6.40467      5.65115      0.00000   1   1
 199      6.40467     -5.65115      0.00000   1   1
 200     -2.13855     -5.65115      6.06040   1   1
 201     -5.34088     -2.82558      6.06040   1   1
 202      5.34088      2.82558     -6.06040   1   1
 203      2.13855      5.65115     -6.06040   1   1
 204     -2.84774      0.00000      8.07018   1   1
 205      0.35460     -2.82558      8.07018   1   1
 206     -0.35460      2.82558     -8.07018   1   1
 207      2.84774      0.00000     -8.07018   1   1
 208     -3.82382     -7.56114      1.76122   3   1
 209     -7.02616     -4.73557      1.76122   3   1
 210      3.65561      0.91559      7.79055   3   1
 211      0.45327      3.74116      7.79055   3   1
 212     -7.73535      0.91559      3.77100   3   1
 213      1.87166     -7.56114      3.77100   3   1
 214     -5.24221      3.74116      5.78078   3   1
 215      4.36480     -4.73557      5.78078   3   1
 216      7.03100      4.74105     -1.77494   2   1
 217      3.82866      7.56663     -1.77494   2   1
 218     -0.44843     -3.73568     -7.80426   2   1
 219     -3.65077     -0.91010     -7.80426   2   1
 220      7.74019     -0.91010     -3.78471   2   1
 221     -1.86682      7.56663     -3.78471   2   1
 222     -4.35996      4.74105     -5.79449   2   1
 223      5.24705     -3.73568     -5.79449   2   1
 224     -1.78395     -8.47673      0.51798   1   1
 225     -8.18862     -2.82558      0.51798   1   1
 226      8.18862      2.82558     -0.51798   1   1
 227      1.78395      8.47673     -0.51798   1   1
 228      8.54322      0.00000     -1.52287   1   1
 229      0.70919     -5.65115     -6.54731   1   1
 230      1.06379     -8.47673      1.52287   1   1
 231     -5.69548      0.00000     -6.54731   1   1
 232     -8.54322      0.00000      1.52287   1   1
 233     -1.06379      8.47673     -1.52287   1   1
 234     -0.70919      5.65115      6.54731   1   1
 235      5.69548      0.00000      6.54731   1   1
 236     -6.05008      2.82558     -5.54242   1   1
 237     -3.55693      5.65115      5.54242   1   1
 238      3.55693     -5.65115     -5.54242   1   1
 239      6.05008     -2.82558      5.54242   1   1
 240     -3.82382     -7.56114     -2.77631   3   1
 241     -7.02616     -4.73557     -2.77631   3   1
 242      6.14875      3.74116      5.26279   3   1
 243      2.94641      6.56674      5.26279   3   1
 244     -8.08995      3.74116      0.23836   3   1
 245      4.71940     -7.56114      0.23836   3   1
 246      7.21254     -4.73557      2.24813   3   1
 247     -5.59681      6.56674      2.24813   3   1
 248      7.03100      4.74105      2.76259   2   1
 249      3.82866      7.56663      2.76259   2   1
 250     -2.94157     -6.56125     -5.27651   2   1
 251     -6.14391     -3.73568     -5.27651   2   1
 252      8.09479     -3.73568     -0.25207   2   1
 253     -4.71456      7.56663     -0.25207   2   1
 254     -7.20770      4.74105     -2.26185   2   1
 255      5.60165     -6.56125     -2.26185   2   1
 256     -5.78931     -6.56125     -1.74386   2   1
 257      4.18326      4.74105      6.29524   2   1
 258     -7.20770      4.74105      2.27569   2   1
 259      5.60165     -6.56125      2.27569   2   1
 260      5.79415      6.56674      1.73015   3   1
 261     -4.17842     -4.73557     -6.30895   3   1
 262      7.21254     -4.73557     -2.28940   3   1
 263     -5.59681      6.56674     -2.28940   3   1
 264      8.54322      0.00000      3.01466   1   1
 265      1.06379     -8.47673     -3.01466   1   1
 266     -8.54322      0.00000     -3.01466   1   1
 267     -1.06379      8.47673      3.01466   1   1
 268     -4.98629     -5.65115      5.05551   1   1
 269      4.98629      5.65115     -5.05551   1   1
 270      5.69548      0.00000     -7.06529   1   1
 271     -0.70919      5.65115     -7.06529   1   1
 272     -5.69548      0.00000      7.06529   1   1
 273      0.70919     -5.65115      7.06529   1   1
 274      0.00000      0.00000     -9.07506   1   1
 275      0.00000      0.00000      9.07506   1   1
 276     -5.78931     -6.56125      2.79367   2   1
 277      1.69012      1.91548      8.82299   2   1
 278      2.75391     -6.56125      5.80833   2   1
 279     -6.85310      1.91548      5.80833   2   1
 280      5.79415      6.56674     -2.80738   3   1
 281     -1.68528     -1.90999     -8.83671   3   1
 282      6.85794     -1.90999     -5.82204   3   1
 283     -2.74907      6.56674     -5.82204   3   1
 284      0.26076     -9.38683     -0.73898   2   1
 285     -9.34625     -0.91010     -0.73898   2   1
 286     -1.86682      7.56663      5.29035   2   1
 287      7.74019     -0.91010      5.29035   2   1
 288      9.35108      0.91559      0.72526   3   1
 289     -0.25593      9.39232      0.72526   3   1
 290     -7.73535      0.91559     -5.30406   3   1
 291      1.87166     -7.56114     -5.30406   3   1
 292     -1.78395     -8.47673     -4.01955   1   1
 293     -8.18862     -2.82558     -4.01955   1   1
 294      8.18862      2.82558      4.01955   1   1
 295      1.78395      8.47673      4.01955   1   1
 296      8.89782     -2.82558      2.00978   1   1
 297      3.91153     -8.47673     -2.00978   1   1
 298     -8.89782      2.82558     -2.00978   1   1
 299     -3.91153      8.47673      2.00978   1   1
 300     -4.17842     -4.73557      7.30364   3   1
 301     -1.33068     -4.73557      8.30853   3   1
 302     -4.53302     -1.90999      8.30853   3   1
 303     -1.68528     -1.90999      9.31342   3   1
 304      4.18326      4.74105     -7.31736   2   1
 305      4.53786      1.91548     -8.32225   2   1
 306      1.33552      4.74105     -8.32225   2   1
 307      1.69012      1.91548     -9.32713   2   1
 308     -4.63169     -8.47673     -0.48691   1   1
 309     -7.83403     -5.65115     -0.48691   1   1
 310      7.83403      5.65115      0.48691   1   1
 311      4.63169      8.47673      0.48691   1   1
 312     -5.34088     -2.82558     -7.55220   1   1
 313     -2.13855     -5.65115     -7.55220   1   1
 314      5.34088      2.82558      7.55220   1   1
 315      2.13855      5.65115      7.55220   1   1
 316      8.89782     -2.82558     -2.52776   1   1
 317      3.91153     -8.47673      2.52776   1   1
 318     -8.89782      2.82558      2.52776   1   1
 319     -3.91153      8.47673     -2.52776   1   1
 320     -6.40467      5.65115     -4.53753   1   1
 321     -6.40467      5.65115      4.53753   1   1
 322      6.40467     -5.65115     -4.53753   1   1
 323      6.40467     -5.65115      4.53753   1   1
 324     -2.58698     -9.38683     -1.74386   2   1
 325     -8.99165     -3.73568     -1.74386   2   1
 326      7.38560      1.91548      6.29524   2   1
 327      0.98092      7.56663      6.29524   2   1
 328     -9.70084      1.91548      0.26591   2   1
 329      3.10850     -9.38683      0.26591   2   1
 330      8.09479     -3.73568      4.28546   2   1
 331     -4.71456      7.56663      4.28546   2   1
 332      8.99649      3.74116      1.73015   3   1
 333      2.59181      9.39232      1.73015   3   1
 334     -0.97608     -7.56114     -6.30895   3   1
 335     -7.38076     -1.90999     -6.30895   3   1
 336      9.70568     -1.90999     -0.27962   3   1
 337     -3.10366      9.39232     -0.27962   3   1
 338     -8.08995      3.74116     -4.29918   3   1
 339      4.71940     -7.56114     -4.29918   3   1
 340     -1.78395     -8.47673      5.05551   1   1
 341     -8.18862     -2.82558      5.05551   1   1
 342      8.18862      2.82558     -5.05551   1   1
 343      1.78395      8.47673     -5.05551   1   1
 344      3.20234     -2.82558     -9.07506   1   1
 345      3.20234     -2.82558      9.07506   1   1
 346     -3.20234      2.82558     -9.07506   1   1
 347     -3.20234      2.82558      9.07506   1   1
 348     -6.67156     -7.56114      0.75634   3   1
 349      3.30101      3.74116      8.79544   3   1
 350     -8.08995      3.74116      4.77589   3   1
 351      4.71940     -7.56114      4.77589   3   1
 352      6.67640      7.56663     -0.77005   2   1
 353     -3.29617     -3.73568     -8.80915   2   1
 354     -4.71456      7.56663     -4.78960   2   1
 355      8.09479     -3.73568     -4.78960   2   1
 356     -2.58698     -9.38683      2.79367   2   1
 357     -8.99165     -3.73568      2.79367   2   1
 358      0.26076     -9.38683      3.79856   2   1
 359     -9.34625     -0.91010      3.79856   2   1
 360     -1.51222      4.74105      8.82299   2   1
 361      4.89245     -0.91010      8.82299   2   1
 362     -4.35996      4.74105      7.81811   2   1
 363      5.24705     -3.73568      7.81811   2   1
 364      8.99649      3.74116     -2.80738   3   1
 365      2.59181      9.39232     -2.80738   3   1
 366      9.35108      0.91559     -3.81227   3   1
 367     -0.25593      9.39232     -3.81227   3   1
 368     -4.88761      0.91559     -8.83671   3   1
 369      1.51706     -4.73557     -8.83671   3   1
 370     -5.24221      3.74116     -7.83182   3   1
 371      4.36480     -4.73557     -7.83182   3   1
 372      7.83403      5.65115     -4.05062   1   1
 373     -7.83403     -5.65115      4.05062   1   1
 374     -4.63169     -8.47673      4.05062   1   1
 375      4.63169      8.47673     -4.05062   1   1
 376      1.06379     -8.47673      6.06040   1   1
 377      8.54322      0.00000     -6.06040   1   1
 378     -8.54322      0.00000      6.06040   1   1
 379     -1.06379      8.47673     -6.06040   1   1
 380     -2.84774      0.00000    -10.07995   1   1
 381     -0.35460      2.82558     10.07995   1   1
 382      0.35460     -2.82558    -10.07995   1   1
 383      2.84774      0.00000     10.07995   1   1
 384     -3.55693      5.65115     -8.07018   1   1
 385     -6.05008      2.82558      8.07018   1   1
 386      6.05008     -2.82558     -8.07018   1   1
 387      3.55693     -5.65115      8.07018   1   1
 388    -10.22850     -1.90999      1.76122   3   1
 389     -0.62149    -10.38672      1.76122   3   1
 390     -2.74907      6.56674      7.79055   3   1
 391      6.85794     -1.90999      7.79055   3   1
 392     -3.82382     -7.56114      6.29876   3   1
 393     -7.02616     -4.73557      6.29876   3   1
 394     -0.97608     -7.56114      7.30364   3   1
 395     -7.38076     -1.90999      7.30364   3   1
 396     -2.03987      0.91559     10.31831   3   1
 397      1.16246     -1.90999     10.31831   3   1
 398     -4.88761      0.91559      9.31342   3   1
 399      1.51706     -4.73557      9.31342   3   1
 400     10.23334      1.91548     -1.77494   2   1
 401      0.62633     10.39221     -1.77494   2   1
 402      2.75391     -6.56125     -7.80426   2   1
 403     -6.85310      1.91548     -7.80426   2   1
 404      3.82866      7.56663     -6.31247   2   1
 405      7.03100      4.74105     -6.31247   2   1
 406      7.38560      1.91548     -7.31736   2   1
 407      0.98092      7.56663     -7.31736   2   1
 408     -1.15762      1.91548    -10.33202   2   1
 409      2.04471     -0.91010    -10.33202   2   1
 410      4.89245     -0.91010     -9.32713   2   1
 411     -1.51222      4.74105     -9.32713   2   1
 412     -3.29617     -3.73568      9.34098   2   1
 413      3.30101      3.74116     -9.35469   3   1
 414     -6.67156     -7.56114     -3.78120   3   1
 415      5.79415      6.56674      6.26768   3   1
 416    -10.22850     -1.90999     -2.77631   3   1
 417     -0.62149    -10.38672     -2.77631   3   1
 418      9.35108      0.91559      5.26279   3   1
 419     -0.25593      9.39232      5.26279   3   1
 420    -10.58309      0.91559     -1.77142   3   1
 421      2.22625    -10.38672     -1.77142   3   1
 422      9.70568     -1.90999      4.25791   3   1
 423     -3.10366      9.39232      4.25791   3   1
 424     -8.44455      6.56674      1.24324   3   1
 425      7.56714     -7.56114      1.24324   3   1
 426      6.67640      7.56663      3.76748   2   1
 427     -5.78931     -6.56125     -6.28140   2   1
 428     10.23334      1.91548      2.76259   2   1
 429      0.62633     10.39221      2.76259   2   1
 430     -9.34625     -0.91010     -5.27651   2   1
 431      0.26076     -9.38683     -5.27651   2   1
 432     10.58793     -0.91010      1.75771   2   1
 433     -2.22141     10.39221      1.75771   2   1
 434     -9.70084      1.91548     -4.27162   2   1
 435      3.10850     -9.38683     -4.27162   2   1
 436     -7.56230      7.56663     -1.25696   2   1
 437      8.44939     -6.56125     -1.25696   2   1
 438     -4.63169     -8.47673     -5.02444   1   1
 439     -7.83403     -5.65115     -5.02444   1   1
 440      7.83403      5.65115      5.02444   1   1
 441      4.63169      8.47673      5.02444   1   1
 442      9.25241     -5.65115      1.00489   1   1
 443     -9.25241      5.65115     -1.00489   1   1
 444      6.75927     -8.47673     -1.00489   1   1
 445     -6.75927      8.47673      1.00489   1   1
 446     -3.46923    -10.38672      0.75634   3   1
 447     -9.87390     -4.73557      0.75634   3   1
 448      0.09867      6.56674      8.79544   3   1
 449      6.50335      0.91559      8.79544   3   1
 450    -10.58309      0.91559      2.76611   3   1
 451      2.22625    -10.38672      2.76611   3   1
 452     -5.59681      6.56674      6.78566   3   1
 453      7.21254     -4.73557      6.78566   3   1
 454      9.87874      4.74105     -0.77005   2   1
 455      3.47407     10.39221     -0.77005   2   1
 456     -0.09383     -6.56125     -8.80915   2   1
 457     -6.49851     -0.91010     -8.80915   2   1
 458     10.58793     -0.91010     -2.77983   2   1
 459     -2.22141     10.39221     -2.77983   2   1
 460     -7.20770      4.74105     -6.79938   2   1
 461      5.60165     -6.56125     -6.79938   2   1
 462     -5.43472     -9.38683      1.78878   2   1
 463     -8.63705     -6.56125      1.78878   2   1
 464      4.53786      1.91548      9.82788   2   1
 465      1.33552      4.74105      9.82788   2   1
 466      3.10850     -9.38683      4.80344   2   1
 467     -9.70084      1.91548      4.80344   2   1
 468     -7.20770      4.74105      6.81322   2   1
 469      5.60165     -6.56125      6.81322   2   1
 470      8.64189      6.56674     -1.80249   3   1
 471      5.43955      9.39232     -1.80249   3   1
 472     -1.33068     -4.73557     -9.84160   3   1
 473     -4.53302     -1.90999     -9.84160   3   1
 474      9.70568     -1.90999     -4.81716   3   1
 475     -3.10366      9.39232     -4.81716   3   1
 476      7.21254     -4.73557     -6.82693   3   1
 477     -5.59681      6.56674     -6.82693   3   1
 478     -2.94157     -6.56125      8.33609   2   1
 479     -6.14391     -3.73568      8.33609   2   1
 480     -0.44843     -3.73568     10.34586   2   1
 481     -3.65077     -0.91010     10.34586   2   1
 482      6.14875      3.74116     -8.34980   3   1
 483      2.94641      6.56674     -8.34980   3   1
 484      0.45327      3.74116    -10.35958   3   1
 485      3.65561      0.91559    -10.35958   3   1
 486     -5.43472     -9.38683     -2.74875   2   1
 487     -8.63705     -6.56125     -2.74875   2   1
 488      7.03100      4.74105      7.30013   2   1
 489      3.82866      7.56663      7.30013   2   1
 490      5.95624     -9.38683      1.27080   2   1
 491    -10.05544      4.74105      1.27080   2   1
 492     -7.56230      7.56663      3.28057   2   1
 493      8.44939     -6.56125      3.28057   2   1
 494      8.64189      6.56674      2.73504   3   1
 495      5.43955      9.39232      2.73504   3   1
 496     -3.82382     -7.56114     -7.31384   3   1
 497     -7.02616     -4.73557     -7.31384   3   1
 498     10.06028     -4.73557     -1.28451   3   1
 499     -5.95140      9.39232     -1.28451   3   1
 500     -8.44455      6.56674     -3.29429   3   1
 501      7.56714     -7.56114     -3.29429   3   1
 502     -6.67156     -7.56114      5.29387   3   1
 503      0.80787      0.91559     11.32320   3   1
 504     -7.73535      0.91559      8.30853   3   1
 505      1.87166     -7.56114      8.30853   3   1
 506      6.67640      7.56663     -5.30758   2   1
 507     -0.80303     -0.91010    -11.33691   2   1
 508     -1.86682      7.56663     -8.32225   2   1
 509      7.74019     -0.91010     -8.32225   2   1
 510     -7.47943     -8.47673     -1.49180   1   1
 511      7.47943      8.47673      1.49180   1   1
 512     11.03636      2.82558      0.48691   1   1
 513     -1.42935    -11.30231     -0.48691   1   1
 514     -4.98629     -5.65115     -8.55708   1   1
 515    -11.03636     -2.82558     -0.48691   1   1
 516      1.42935     11.30231      0.48691   1   1
 517      4.98629      5.65115      8.55708   1   1
 518     11.39096      0.00000     -0.51798   1   1
 519      1.06379     -8.47673     -7.55220   1   1
 520      1.41839    -11.30231      0.51798   1   1
 521      8.54322      0.00000      7.55220   1   1
 522     -8.54322      0.00000     -7.55220   1   1
 523     -1.41839     11.30231     -0.51798   1   1
 524     -1.06379      8.47673      7.55220   1   1
 525    -11.39096      0.00000      0.51798   1   1
 526      8.89782     -2.82558      6.54731   1   1
 527      3.91153     -8.47673     -6.54731   1   1
 528     -8.89782      2.82558     -6.54731   1   1
 529     -3.91153      8.47673      6.54731   1   1
 530     -9.25241      5.65115      3.53264   1   1
 531      6.75927     -8.47673      3.53264   1   1
 532      9.25241     -5.65115     -3.53264   1   1
 533     -6.75927      8.47673     -3.53264   1   1
 534     -5.78931     -6.56125      7.33120   2   1
 535     -6.49851     -0.91010      9.34098   2   1
 536     -0.09383     -6.56125      9.34098   2   1
 537     -0.80303     -0.91010     11.35075   2   1
 538      5.79415      6.56674     -7.34491   3   1
 539      0.09867      6.56674     -9.35469   3   1
 540      6.50335      0.91559     -9.35469   3   1
 541      0.80787      0.91559    -11.36446   3   1
 542     -3.46923    -10.38672     -3.78120   3   1
 543     -9.87390     -4.73557     -3.78120   3   1
 544      8.99649      3.74116      6.26768   3   1
 545      2.59181      9.39232      6.26768   3   1
 546    -10.93769      3.74116     -0.76653   3   1
 547      5.07399    -10.38672     -0.76653   3   1
 548     10.06028     -4.73557      3.25302   3   1
 549     -5.95140      9.39232      3.25302   3   1
 550      9.87874      4.74105      3.76748   2   1
 551      3.47407     10.39221      3.76748   2   1
 552     -2.58698     -9.38683     -6.28140   2   1
 553     -8.99165     -3.73568     -6.28140   2   1
 554     10.94253     -3.73568      0.75282   2   1
 555     -5.06915     10.39221      0.75282   2   1
 556      5.95624     -9.38683     -3.26673   2   1
 557    -10.05544      4.74105     -3.26673   2   1
 558     -7.47943     -8.47673      3.04574   1   1
 559      7.47943      8.47673     -3.04574   1   1
 560     -2.49314     -2.82558    -11.08484   1   1
 561      2.49314      2.82558     11.08484   1   1
 562      8.89782     -2.82558     -7.06529   1   1
 563      3.91153     -8.47673      7.06529   1   1
 564     -3.91153      8.47673     -7.06529   1   1
 565     -8.89782      2.82558      7.06529   1   1
