# # Once                                                         FEFF 10.0.0 
# # POT  SCF  30  0.0000   0, NO core-hole, AFOLP (folp(0)= 1.150)
# # Abs   Z=65 Rmt= 1.776 Rnm= 1.808 K  shell
# # Pot 1 Z=65 Rmt= 1.776 Rnm= 1.808
# # Pot 2 Z=27 Rmt= 1.302 Rnm= 1.405
# # Pot 3 Z=32 Rmt= 1.391 Rnm= 1.464
# # Pot 4 Z=32 Rmt= 1.444 Rnm= 1.523
# # Gam_ch=2.730E+01 H-L exch Vi= 0.000E+00 Vr= 0.000E+00
# # Mu=-9.659E+00eV kf=1.925E+00 Vint=-1.887E+01eV Rs_int= 1.884
# FMS rfms= 4.0000
# # PATH  Rmax= 0.100,  Keep_limit= 0.00, Heap_limit 0.00  Pwcrit= 2.50%
#  S02=1.000  Temp=   0.00  Debye_temp=   0.00  Global_sig2= 0.00000
#  Energy zero shift, vr, vi    0.00000E+00   0.00000E+00
#  Curved wave amplitude ratio filter   4.000%
#     file         sig2 tot  cw amp ratio   deg  nlegs   reff  inp sig2
#     0/   0 paths used
#  xsedge+ 50, used to normalize mu           1.0000E+00
#  -----------------------------------------------------------------------
#  omega    e    k    mu    mu0     chi     @#
     52047.6594698101      -39.6592865000       -2.8060734827    5.8664223141E-05    5.8605846234E-05    5.8376906831E-08
     52047.7594698101      -39.5592865000       -2.8013927219    5.8931955118E-05    5.8873439992E-05    5.8515126173E-08
     52047.8594698101      -39.4592865000       -2.7967044314    5.9199126415E-05    5.9140471652E-05    5.8654763528E-08
     52047.9594698100      -39.3592865000       -2.7920079635    5.9464569948E-05    5.9405772893E-05    5.8797054852E-08
     52048.0594698101      -39.2592865000       -2.7873035823    5.9728387018E-05    5.9669446033E-05    5.8940984935E-08
     52048.1594698101      -39.1592865000       -2.7825912477    5.9990788512E-05    5.9931701103E-05    5.9087409519E-08
     52048.2594698101      -39.0592865000       -2.7778710724    6.0251387980E-05    6.0192150674E-05    5.9237305513E-08
     52048.3594698100      -38.9592865000       -2.7731428629    6.0510291461E-05    6.0450901773E-05    5.9389688274E-08
     52048.4594698101      -38.8592865000       -2.7684065780    6.0767526146E-05    6.0707980019E-05    5.9546126484E-08
     52048.5594698101      -38.7592865000       -2.7636620222    6.1023206841E-05    6.0963500485E-05    5.9706355568E-08
     52048.6594698101      -38.6592865000       -2.7589093071    6.1275726389E-05    6.1215855684E-05    5.9870705280E-08
     52048.7594698101      -38.5592865000       -2.7541485450    6.1527775005E-05    6.1467734822E-05    6.0040183084E-08
     52048.8594698101      -38.4592865000       -2.7493792296    6.1776967585E-05    6.1716753694E-05    6.0213890757E-08
     52048.9594698100      -38.3592865000       -2.7446019368    6.2023606469E-05    6.1963213012E-05    6.0393457727E-08
     52049.0594698101      -38.2592865000       -2.7398161586    6.2267735163E-05    6.2207156477E-05    6.0578686063E-08
     52049.1594698101      -38.1592865000       -2.7350221619    6.2510452410E-05    6.2449682443E-05    6.0769966721E-08
     52049.2594698101      -38.0592865000       -2.7302195915    6.2750211853E-05    6.2689244057E-05    6.0967796576E-08
     52049.3594698100      -37.9592865000       -2.7254087145    6.2987149284E-05    6.2925976094E-05    6.1173190521E-08
     52049.4594698101      -37.8592865000       -2.7205891738    6.3221380477E-05    6.3159994431E-05    6.1386046080E-08
     52049.5594698101      -37.7592865000       -2.7157610802    6.3452936891E-05    6.3391330091E-05    6.1606799517E-08
     52049.6594698101      -37.6592865000       -2.7109245448    6.3681945151E-05    6.3620108528E-05    6.1836623150E-08
     52049.7594698101      -37.5592865000       -2.7060793652    6.3908495975E-05    6.3846420576E-05    6.2075398568E-08
     52049.8594698101      -37.4592865000       -2.7012253372    6.4130558319E-05    6.4068234696E-05    6.2323623482E-08
     52049.9594698100      -37.3592865000       -2.6963627289    6.4350459661E-05    6.4287877138E-05    6.2582523647E-08
     52050.0594698101      -37.2592865000       -2.6914911773    6.4566728793E-05    6.4503876804E-05    6.2851989150E-08
     52050.1594698101      -37.1592865000       -2.6866107923    6.4780089026E-05    6.4716956362E-05    6.3132663784E-08
     52050.2594698101      -37.0592865000       -2.6817216844    6.4989784396E-05    6.4926358670E-05    6.3425726402E-08
     52050.3594698100      -36.9592865000       -2.6768236467    6.5196523731E-05    6.5132792493E-05    6.3731237645E-08
     52050.4594698101      -36.8592865000       -2.6719164709    6.5398809278E-05    6.5334758851E-05    6.4050427595E-08
     52050.5594698101      -36.7592865000       -2.6670003458    6.5598074927E-05    6.5533691641E-05    6.4383285752E-08
     52050.6594698101      -36.6592865000       -2.6620749822    6.5794280739E-05    6.5729549618E-05    6.4731120922E-08
     52050.7594698101      -36.5592865000       -2.6571408892    6.5985913438E-05    6.5920819443E-05    6.5093995663E-08
     52050.8594698101      -36.4592865000       -2.6521972158    6.6173643087E-05    6.6108169841E-05    6.5473246374E-08
     52050.9594698100      -36.3592865000       -2.6472443905    6.6356569863E-05    6.6290700915E-05    6.5868947719E-08
     52051.0594698101      -36.2592865000       -2.6422825231    6.6536762248E-05    6.6470479797E-05    6.6282451006E-08
     52051.1594698101      -36.1592865000       -2.6373109976    6.6711874554E-05    6.6645160664E-05    6.6713889751E-08
     52051.2594698101      -36.0592865000       -2.6323304061    6.6882970355E-05    6.6815805634E-05    6.7164721162E-08
     52051.3594698100      -35.9592865000       -2.6273402110    6.7049791483E-05    6.6982155858E-05    6.7635624568E-08
     52051.4594698101      -35.8592865000       -2.6223404386    6.7212748423E-05    6.7144621664E-05    6.8126758578E-08
     52051.5594698101      -35.7592865000       -2.6173310341    6.7370743274E-05    6.7302103648E-05    6.8639626233E-08
     52051.6594698101      -35.6592865000       -2.6123121864    6.7524166001E-05    6.7454991061E-05    6.9174939380E-08
     52051.7594698101      -35.5592865000       -2.6072836779    6.7673402880E-05    6.7603669925E-05    6.9732954858E-08
     52051.8594698101      -35.4592865000       -2.6022454524    6.7817243957E-05    6.7746928760E-05    7.0315196374E-08
     52051.9594698100      -35.3592865000       -2.5971975353    6.7955930658E-05    6.7885008291E-05    7.0922366618E-08
     52052.0594698101      -35.2592865000       -2.5921397059    6.8090936584E-05    6.8019381745E-05    7.1554839161E-08
     52052.1594698101      -35.1592865000       -2.5870719882    6.8220342547E-05    6.8148128385E-05    7.2214161344E-08
     52052.2594698101      -35.0592865000       -2.5819943241    6.8344881129E-05    6.8271979980E-05    7.2901149015E-08
     52052.3594698100      -34.9592865000       -2.5769064895    6.8464568613E-05    6.8390952090E-05    7.3616522600E-08
     52052.4594698101      -34.8592865000       -2.5718088379    6.8578689955E-05    6.8504329201E-05    7.4360754152E-08
     52052.5594698101      -34.7592865000       -2.5667009792    6.8687953218E-05    6.8612817612E-05    7.5135606376E-08
     52052.6594698101      -34.6592865000       -2.5615830183    6.8791630372E-05    6.8715688207E-05    7.5942164894E-08
     52052.7594698101      -34.5592865000       -2.5564546449    6.8889658720E-05    6.8812878724E-05    7.6779995879E-08
     52052.8594698101      -34.4592865000       -2.5513159630    6.8982841160E-05    6.8905190499E-05    7.7650661303E-08
     52052.9594698100      -34.3592865000       -2.5461671610    6.9071094212E-05    6.8992538107E-05    7.8556104419E-08
     52053.0594698101      -34.2592865000       -2.5410077586    6.9152997391E-05    6.9073501150E-05    7.9496241482E-08
     52053.1594698101      -34.1592865000       -2.5358376910    6.9229990263E-05    6.9149518429E-05    8.0471834146E-08
     52053.2594698101      -34.0592865000       -2.5306573135    6.9300632228E-05    6.9219147450E-05    8.1484777840E-08
     52053.3594698100      -33.9592865000       -2.5254661412    6.9366294589E-05    6.9283759614E-05    8.2534974865E-08
     52053.4594698101      -33.8592865000       -2.5202643607    6.9425595545E-05    6.9341971223E-05    8.3624321976E-08
     52053.5594698101      -33.7592865000       -2.5150517369    6.9479992466E-05    6.9395239660E-05    8.4752805299E-08
     52053.6594698101      -33.6592865000       -2.5098283720    6.9527998692E-05    6.9442076421E-05    8.5922271174E-08
     52053.7594698101      -33.5592865000       -2.5045941987    6.9571059561E-05    6.9483926871E-05    8.7132690147E-08
     52053.8594698101      -33.4592865000       -2.4993488936    6.9607703235E-05    6.9519317367E-05    8.8385868269E-08
     52053.9594698100      -33.3592865000       -2.4940928131    6.9637997187E-05    6.9548315297E-05    8.9681890266E-08
     52054.0594698101      -33.2592865000       -2.4888252905    6.9663340201E-05    6.9572317720E-05    9.1022481731E-08
     52054.1594698101      -33.1592865000       -2.4835469384    6.9682298580E-05    6.9589890920E-05    9.2407660378E-08
     52054.2594698101      -33.0592865000       -2.4782570866    6.9694890406E-05    6.9601051046E-05    9.3839360261E-08
     52054.3594698100      -32.9592865000       -2.4729559193    6.9702545070E-05    6.9607227540E-05    9.5317529241E-08
     52054.4594698101      -32.8592865000       -2.4676435363    6.9703131047E-05    6.9606287867E-05    9.6843179672E-08
     52054.5594698101      -32.7592865000       -2.4623194326    6.9698784855E-05    6.9600367689E-05    9.8417165943E-08
     52054.6594698101      -32.6592865000       -2.4569840519    6.9688077203E-05    6.9588036846E-05    1.0004035688E-07
     52054.7594698101      -32.5592865000       -2.4516369733    6.9671037636E-05    6.9569323878E-05    1.0171375831E-07
     52054.8594698101      -32.4592865000       -2.4462782070    6.9648382011E-05    6.9544943976E-05    1.0343803536E-07
     52054.9594698100      -32.3592865000       -2.4409076762    6.9619409261E-05    6.9514196156E-05    1.0521310580E-07
     52055.0594698101      -32.2592865000       -2.4355253029    6.9584129384E-05    6.9477089058E-05    1.0704032601E-07
     52055.1594698101      -32.1592865000       -2.4301309209    6.9543272788E-05    6.9434351716E-05    1.0892107143E-07
     52055.2594698101      -32.0592865000       -2.4247248012    6.9496822607E-05    6.9385967822E-05    1.1085478490E-07
     52055.3594698100      -31.9592865000       -2.4193062492    6.9443382839E-05    6.9330540699E-05    1.1284214012E-07
     52055.4594698101      -31.8592865000       -2.4138756222    6.9384444682E-05    6.9269560531E-05    1.1488415178E-07
     52055.5594698101      -31.7592865000       -2.4084330151    6.9319955699E-05    6.9202974475E-05    1.1698122429E-07
     52055.6594698101      -31.6592865000       -2.4029778151    6.9249230102E-05    6.9130095553E-05    1.1913454909E-07
     52055.7594698101      -31.5592865000       -2.3975102026    6.9172315677E-05    6.9050972392E-05    1.2134328446E-07
     52055.8594698101      -31.4592865000       -2.3920302705    6.9089951753E-05    6.8966343488E-05    1.2360826450E-07
     52055.9594698100      -31.3592865000       -2.3865376662    6.9001398998E-05    6.8875468689E-05    1.2593030934E-07
     52056.0594698101      -31.2592865000       -2.3810323916    6.8906713957E-05    6.8778404826E-05    1.2830913142E-07
     52056.1594698101      -31.1592865000       -2.3755143584    6.8806628998E-05    6.8675883456E-05    1.3074554264E-07
     52056.2594698101      -31.0592865000       -2.3699834777    6.8701123304E-05    6.8567884272E-05    1.3323903228E-07
     52056.3594698100      -30.9592865000       -2.3644394792    6.8588902563E-05    6.8453112074E-05    1.3579048896E-07
     52056.4594698101      -30.8592865000       -2.3588827215    6.8472034475E-05    6.8333634193E-05    1.3840028230E-07
     52056.5594698101      -30.7592865000       -2.3533128430    6.8349125864E-05    6.8208058840E-05    1.4106702425E-07
     52056.6594698101      -30.6592865000       -2.3477296596    6.8220230969E-05    6.8076439179E-05    1.4379178998E-07
     52056.7594698101      -30.5592865000       -2.3421329852    6.8086081631E-05    6.7939507194E-05    1.4657443731E-07
     52056.8594698101      -30.4592865000       -2.3365232696    6.7946715510E-05    6.7797300990E-05    1.4941451947E-07
     52056.9594698100      -30.3592865000       -2.3308997793    6.7802105630E-05    6.7649793091E-05    1.5231253877E-07
     52057.0594698101      -30.2592865000       -2.3252627805    6.7651615693E-05    6.7496348199E-05    1.5526749380E-07
     52057.1594698101      -30.1592865000       -2.3196119913    6.7495985629E-05    6.7337706730E-05    1.5827889817E-07
     52057.2594698101      -30.0592865000       -2.3139474946    6.7335218927E-05    6.7173872028E-05    1.6134689884E-07
     52057.3594698100      -29.9592865000       -2.3082690972    6.7168686393E-05    6.7004214758E-05    1.6447163498E-07
     52057.4594698101      -29.8592865000       -2.3025766039    6.6997810391E-05    6.6830159081E-05    1.6765130920E-07
     52057.5594698101      -29.7592865000       -2.2968702805    6.6821902453E-05    6.6651016238E-05    1.7088621528E-07
     52057.6594698101      -29.6592865000       -2.2911494664    6.6640373044E-05    6.6466197084E-05    1.7417596008E-07
     52057.7594698101      -29.5592865000       -2.2854144252    6.6454376016E-05    6.6276857890E-05    1.7751812603E-07
     52057.8594698101      -29.4592865000       -2.2796650495    6.6263712514E-05    6.6082798446E-05    1.8091406775E-07
     52057.9594698100      -29.3592865000       -2.2739009498    6.6068329835E-05    6.5883968032E-05    1.8436180270E-07
     52058.0594698101      -29.2592865000       -2.2681222954    6.5868340349E-05    6.5680479778E-05    1.8786057022E-07
     52058.1594698101      -29.1592865000       -2.2623289748    6.5663553711E-05    6.5472143623E-05    1.9141008829E-07
     52058.2594698101      -29.0592865000       -2.2565204976    6.5454226502E-05    6.5259218699E-05    1.9500780368E-07
     52058.3594698100      -28.9592865000       -2.2506972195    6.5241072879E-05    6.5042420152E-05    1.9865272689E-07
     52058.4594698101      -28.8592865000       -2.2448588355    6.5023559281E-05    6.4821212770E-05    2.0234651109E-07
     52058.5594698101      -28.7592865000       -2.2390053225    6.4801191589E-05    6.4595107821E-05    2.0608376821E-07
     52058.6594698101      -28.6592865000       -2.2331362757    6.4575336229E-05    6.4365470662E-05    2.0986556745E-07
     52058.7594698101      -28.5592865000       -2.2272519546    6.4345400194E-05    6.4131708995E-05    2.1369119937E-07
     52058.8594698101      -28.4592865000       -2.2213517586    6.4111385424E-05    6.3893828443E-05    2.1755698077E-07
     52058.9594698100      -28.3592865000       -2.2154361373    6.3873100744E-05    6.3651639036E-05    2.2146170841E-07
     52059.0594698101      -28.2592865000       -2.2095044852    6.3631695090E-05    6.3406288433E-05    2.2540665691E-07
     52059.1594698101      -28.1592865000       -2.2035570592    6.3386615180E-05    6.3157227450E-05    2.2938772973E-07
     52059.2594698101      -28.0592865000       -2.1975933439    6.3138271322E-05    6.2904870169E-05    2.3340115233E-07
     52059.3594698100      -27.9592865000       -2.1916134975    6.2885827563E-05    6.2648379139E-05    2.3744842414E-07
     52059.4594698101      -27.8592865000       -2.1856171930    6.2631346846E-05    6.2389819531E-05    2.4152731522E-07
     52059.5594698101      -27.7592865000       -2.1796046850    6.2372138177E-05    6.2126502192E-05    2.4563598416E-07
     52059.6594698101      -27.6592865000       -2.1735752517    6.2110712518E-05    6.1860942787E-05    2.4976973131E-07
     52059.7594698101      -27.5592865000       -2.1675291445    6.1845986670E-05    6.1592056555E-05    2.5393011531E-07
     52059.8594698101      -27.4592865000       -2.1614661250    6.1578680475E-05    6.1320568764E-05    2.5811171107E-07
     52059.9594698100      -27.3592865000       -2.1553860506    6.1308311841E-05    6.1045996055E-05    2.6231578575E-07
     52060.0594698101      -27.2592865000       -2.1492887764    6.1035177406E-05    6.0768640923E-05    2.6653648294E-07
     52060.1594698101      -27.1592865000       -2.1431739571    6.0759505268E-05    6.0488730287E-05    2.7077498050E-07
     52060.2594698101      -27.0592865000       -2.1370418405    6.0481178328E-05    6.0206150066E-05    2.7502826123E-07
     52060.3594698100      -26.9592865000       -2.1308920774    6.0200739285E-05    5.9921448677E-05    2.7929060740E-07
     52060.4594698101      -26.8592865000       -2.1247246148    5.9917875939E-05    5.9634312464E-05    2.8356347526E-07
     52060.5594698101      -26.7592865000       -2.1185389966    5.9632675658E-05    5.9344832322E-05    2.8784333596E-07
     52060.6594698101      -26.6592865000       -2.1123354666    5.9345678452E-05    5.9053551196E-05    2.9212725572E-07
     52060.7594698101      -26.5592865000       -2.1061134621    5.9056832755E-05    5.8760420194E-05    2.9641256132E-07
     52060.8594698101      -26.4592865000       -2.0998731230    5.8765986286E-05    5.8465290068E-05    3.0069621790E-07
     52060.9594698100      -26.3592865000       -2.0936141837    5.8472789282E-05    5.8167810835E-05    3.0497844638E-07
     52061.0594698101      -26.2592865000       -2.0873364768    5.8178547126E-05    5.7869292269E-05    3.0925485726E-07
     52061.1594698101      -26.1592865000       -2.0810399349    5.7882788739E-05    5.7569266565E-05    3.1352217374E-07
     52061.2594698101      -26.0592865000       -2.0747241812    5.7584875716E-05    5.7267098190E-05    3.1777752538E-07
     52061.3594698100      -25.9592865000       -2.0683890398    5.7285876416E-05    5.6963858671E-05    3.2201774423E-07
     52061.4594698101      -25.8592865000       -2.0620345383    5.6986099562E-05    5.6659856480E-05    3.2624308195E-07
     52061.5594698101      -25.7592865000       -2.0556603938    5.6684919188E-05    5.6354470615E-05    3.3044857251E-07
     52061.6594698101      -25.6592865000       -2.0492663191    5.6382053362E-05    5.6047422704E-05    3.3463065757E-07
     52061.7594698101      -25.5592865000       -2.0428523353    5.6078485279E-05    5.5739695562E-05    3.3878971664E-07
     52061.8594698101      -25.4592865000       -2.0364182544    5.5774267538E-05    5.5431347151E-05    3.4292038768E-07
     52061.9594698100      -25.3592865000       -2.0299635708    5.5469118381E-05    5.5122099011E-05    3.4701936964E-07
     52062.0594698101      -25.2592865000       -2.0234882976    5.5163344285E-05    5.4812257585E-05    3.5108670020E-07
     52062.1594698101      -25.1592865000       -2.0169923421    5.4856330704E-05    5.4501213760E-05    3.5511694428E-07
     52062.2594698101      -25.0592865000       -2.0104753979    5.4549148065E-05    5.4190037869E-05    3.5911019650E-07
     52062.3594698100      -24.9592865000       -2.0039373664    5.4241427652E-05    5.3878366856E-05    3.6306079649E-07
     52062.4594698101      -24.8592865000       -1.9973778275    5.3933245254E-05    5.3566276551E-05    3.6696870262E-07
     52062.5594698101      -24.7592865000       -1.9907966756    5.3625012915E-05    5.3254184581E-05    3.7082833435E-07
     52062.6594698101      -24.6592865000       -1.9841936954    5.3316485597E-05    5.2941845841E-05    3.7463975581E-07
     52062.7594698101      -24.5592865000       -1.9775686684    5.3007288968E-05    5.2628888168E-05    3.7840080029E-07
     52062.8594698101      -24.4592865000       -1.9709213723    5.2698185459E-05    5.2316080222E-05    3.8210523753E-07
     52062.9594698100      -24.3592865000       -1.9642514726    5.2389393147E-05    5.2003639488E-05    3.8575365825E-07
     52063.0594698101      -24.2592865000       -1.9575590644    5.2080781963E-05    5.1691441857E-05    3.8934010590E-07
     52063.1594698101      -24.1592865000       -1.9508434797    5.1771567504E-05    5.1378702370E-05    3.9286513412E-07
     52063.2594698101      -24.0592865000       -1.9441048068    5.1462888190E-05    5.1066561982E-05    3.9632620848E-07
     52063.3594698100      -23.9592865000       -1.9373425850    5.1154514077E-05    5.0754796492E-05    3.9971758480E-07
     52063.4594698101      -23.8592865000       -1.9305568976    5.0846781616E-05    5.0443738037E-05    4.0304357892E-07
     52063.5594698101      -23.7592865000       -1.9237471643    5.0538946776E-05    5.0132651895E-05    4.0629488148E-07
     52063.6594698101      -23.6592865000       -1.9169132400    5.0232166265E-05    4.9822693949E-05    4.0947231697E-07
     52063.7594698101      -23.5592865000       -1.9100548649    4.9924892674E-05    4.9512322569E-05    4.1257010538E-07
     52063.8594698101      -23.4592865000       -1.9031716630    4.9619277652E-05    4.9203684358E-05    4.1559329426E-07
     52063.9594698100      -23.3592865000       -1.8962635883    4.9313389501E-05    4.8894857150E-05    4.1853235140E-07
     52064.0594698101      -23.2592865000       -1.8893303116    4.9008729140E-05    4.8587337509E-05    4.2139163085E-07
     52064.1594698101      -23.1592865000       -1.8823713850    4.8704240967E-05    4.8280078482E-05    4.2416248572E-07
     52064.2594698101      -23.0592865000       -1.8753866931    4.8401008002E-05    4.7974161391E-05    4.2684661098E-07
     52064.3594698100      -22.9592865000       -1.8683758899    4.8099143413E-05    4.7669698112E-05    4.2944530118E-07
     52064.4594698101      -22.8592865000       -1.8613385661    4.7797486320E-05    4.7365536975E-05    4.3194934542E-07
     52064.5594698101      -22.7592865000       -1.8542747067    4.7496790741E-05    4.7062429868E-05    4.3436087240E-07
     52064.6594698101      -22.6592865000       -1.8471837768    4.7197431864E-05    4.6760750576E-05    4.3668128850E-07
     52064.7594698101      -22.5592865000       -1.8400654635    4.6899313027E-05    4.6460411270E-05    4.3890175749E-07
     52064.8594698101      -22.4592865000       -1.8329196219    4.6601433552E-05    4.6160405489E-05    4.4102806231E-07
     52064.9594698100      -22.3592865000       -1.8257456956    4.6305251628E-05    4.5862197016E-05    4.4305461237E-07
     52065.0594698101      -22.2592865000       -1.8185434692    4.6009961334E-05    4.5564981294E-05    4.4498004028E-07
     52065.1594698101      -22.1592865000       -1.8113126640    4.5716385613E-05    4.5269582669E-05    4.4680294340E-07
     52065.2594698101      -22.0592865000       -1.8040528774    4.5423868683E-05    4.4975346189E-05    4.4852249347E-07
     52065.3594698100      -21.9592865000       -1.7967637579    4.5131855399E-05    4.4681715271E-05    4.5014012768E-07
     52065.4594698101      -21.8592865000       -1.7894449472    4.4841974554E-05    4.4390326046E-05    4.5164850713E-07
     52065.5594698101      -21.7592865000       -1.7820960198    4.4553341934E-05    4.4100285298E-05    4.5305663556E-07
     52065.6594698101      -21.6592865000       -1.7747167214    4.4265565047E-05    4.3811212594E-05    4.5435245269E-07
     52065.7594698101      -21.5592865000       -1.7673066114    4.3979856723E-05    4.3524313806E-05    4.5554291734E-07
     52065.8594698101      -21.4592865000       -1.7598653006    4.3695282949E-05    4.3238660108E-05    4.5662284117E-07
     52065.9594698100      -21.3592865000       -1.7523924522    4.3412056692E-05    4.2954464022E-05    4.5759266954E-07
     52066.0594698101      -21.2592865000       -1.7448874780    4.3130133503E-05    4.2671678365E-05    4.5845513782E-07
     52066.1594698101      -21.1592865000       -1.7373500231    4.2849967970E-05    4.2390760250E-05    4.5920771940E-07
     52066.2594698101      -21.0592865000       -1.7297798473    4.2571831739E-05    4.2111986787E-05    4.5984495155E-07
     52066.3594698100      -20.9592865000       -1.7221764574    4.2294165835E-05    4.1833789917E-05    4.6037591818E-07
     52066.4594698101      -20.8592865000       -1.7145392874    4.2018851707E-05    4.1558061148E-05    4.6079055896E-07
     52066.5594698101      -20.7592865000       -1.7068679461    4.1744812726E-05    4.1283714585E-05    4.6109814088E-07
     52066.6594698101      -20.6592865000       -1.6991619081    4.1472367588E-05    4.1011078437E-05    4.6128915048E-07
     52066.7594698101      -20.5592865000       -1.6914208250    4.1201517051E-05    4.0740143721E-05    4.6137332989E-07
     52066.8594698101      -20.4592865000       -1.6836440871    4.0931866676E-05    4.0470524167E-05    4.6134250937E-07
     52066.9594698100      -20.3592865000       -1.6758313884    4.0664373570E-05    4.0203174373E-05    4.6119919619E-07
     52067.0594698101      -20.2592865000       -1.6679819684    4.0398622626E-05    3.9937675998E-05    4.6094662822E-07
     52067.1594698101      -20.1592865000       -1.6600954986    4.0134283911E-05    3.9673700498E-05    4.6058341308E-07
     52067.2594698101      -20.0592865000       -1.6521713195    3.9872194246E-05    3.9412086202E-05    4.6010804386E-07
     52067.3594698100      -19.9592865000       -1.6442090801    3.9610846996E-05    3.9151322571E-05    4.5952442447E-07
     52067.4594698101      -19.8592865000       -1.6362080298    3.9352225059E-05    3.8893392857E-05    4.5883220219E-07
     52067.5594698101      -19.7592865000       -1.6281675962    3.9094493977E-05    3.8636463354E-05    4.5803062248E-07
     52067.6594698101      -19.6592865000       -1.6200872587    3.8838058142E-05    3.8380939201E-05    4.5711894096E-07
     52067.7594698101      -19.5592865000       -1.6119665493    3.8584477408E-05    3.8128375984E-05    4.5610142399E-07
     52067.8594698101      -19.4592865000       -1.6038045893    3.8331897745E-05    3.7876920798E-05    4.5497694733E-07
     52067.9594698100      -19.3592865000       -1.5956009458    3.8081230382E-05    3.7627484989E-05    4.5374539332E-07
     52068.0594698101      -19.2592865000       -1.5873549054    3.7832337867E-05    3.7379926871E-05    4.5241099590E-07
     52068.1594698101      -19.1592865000       -1.5790658039    3.7585419551E-05    3.7134445404E-05    4.5097414671E-07
     52068.2594698101      -19.0592865000       -1.5707329596    3.7339806008E-05    3.6890370911E-05    4.4943509663E-07
     52068.3594698100      -18.9592865000       -1.5623556045    3.7095932700E-05    3.6648138430E-05    4.4779427006E-07
     52068.4594698101      -18.8592865000       -1.5539332242    3.6854075893E-05    3.6408022894E-05    4.4605299947E-07
     52068.5594698101      -18.7592865000       -1.5454648759    3.6613991166E-05    3.6169775807E-05    4.4421535910E-07
     52068.6594698101      -18.6592865000       -1.5369497306    3.6375597147E-05    3.5933318685E-05    4.4227846145E-07
     52068.7594698101      -18.5592865000       -1.5283873543    3.6138567735E-05    3.5698320529E-05    4.4024720543E-07
     52068.8594698101      -18.4592865000       -1.5197766685    3.5903340601E-05    3.5465218235E-05    4.3812236657E-07
     52068.9594698100      -18.3592865000       -1.5111168475    3.5669967597E-05    3.5234062393E-05    4.3590520411E-07
     52069.0594698101      -18.2592865000       -1.5024071833    3.5438362248E-05    3.5004765071E-05    4.3359717725E-07
     52069.1594698101      -18.1592865000       -1.4936466613    3.5208602942E-05    3.4777403106E-05    4.3119983607E-07
     52069.2594698101      -18.0592865000       -1.4848345966    3.4979980349E-05    3.4551266502E-05    4.2871384643E-07
     52069.3594698100      -17.9592865000       -1.4759697774    3.4753246629E-05    3.4327104069E-05    4.2614256075E-07
     52069.4594698101      -17.8592865000       -1.4670513925    3.4528464594E-05    3.4104974855E-05    4.2348973846E-07
     52069.5594698101      -17.7592865000       -1.4580786051    3.4305331721E-05    3.3884579191E-05    4.2075252978E-07
     52069.6594698101      -17.6592865000       -1.4490501841    3.4084195128E-05    3.3666259649E-05    4.1793547971E-07
     52069.7594698101      -17.5592865000       -1.4399650831    3.3864088058E-05    3.3449046547E-05    4.1504151031E-07
     52069.8594698101      -17.4592865000       -1.4308223713    3.3646263793E-05    3.3234192623E-05    4.1207117037E-07
     52069.9594698100      -17.3592865000       -1.4216208621    3.3429568715E-05    3.3020540705E-05    4.0902801015E-07
     52070.0594698101      -17.2592865000       -1.4123593311    3.3214933482E-05    3.2809023592E-05    4.0590988999E-07
     52070.1594698101      -17.1592865000       -1.4030367413    3.3001538273E-05    3.2598815449E-05    4.0272282360E-07
     52070.2594698101      -17.0592865000       -1.3936517912    3.2790346079E-05    3.2390877739E-05    3.9946834037E-07
     52070.3594698100      -16.9592865000       -1.3842032890    3.2580066863E-05    3.2183918505E-05    3.9614835747E-07
     52070.4594698101      -16.8592865000       -1.3746896148    3.2371781289E-05    3.1979015489E-05    3.9276579979E-07
     52070.5594698101      -16.7592865000       -1.3651097958    3.2165349398E-05    3.1776030109E-05    3.8931928906E-07
     52070.6594698101      -16.6592865000       -1.3554622724    3.1960495920E-05    3.1574680572E-05    3.8581534760E-07
     52070.7594698101      -16.5592865000       -1.3457455886    3.1756701647E-05    3.1374446273E-05    3.8225537493E-07
     52070.8594698101      -16.4592865000       -1.3359582354    3.1554637162E-05    3.1175999143E-05    3.7863801868E-07
     52070.9594698100      -16.3592865000       -1.3260986079    3.1354352243E-05    3.0979381258E-05    3.7497098504E-07
     52071.0594698101      -16.2592865000       -1.3161652030    3.1155361987E-05    3.0784107444E-05    3.7125454344E-07
     52071.1594698101      -16.1592865000       -1.3061560932    3.0958037432E-05    3.0590548215E-05    3.6748921712E-07
     52071.2594698101      -16.0592865000       -1.2960698529    3.0762267016E-05    3.0398589274E-05    3.6367774183E-07
     52071.3594698100      -15.9592865000       -1.2859044190    3.0568334415E-05    3.0208511136E-05    3.5982327871E-07
     52071.4594698101      -15.8592865000       -1.2756579815    3.0375276579E-05    3.0019348603E-05    3.5592797569E-07
     52071.5594698101      -15.7592865000       -1.2653286568    3.0184158403E-05    2.9832164467E-05    3.5199393569E-07
     52071.6594698101      -15.6592865000       -1.2549141860    2.9994628229E-05    2.9646604057E-05    3.4802417169E-07
     52071.7594698101      -15.5592865000       -1.2444126452    2.9806114437E-05    2.9462093617E-05    3.4402081969E-07
     52071.8594698101      -15.4592865000       -1.2338217681    2.9619549210E-05    2.9279562922E-05    3.3998628839E-07
     52071.9594698100      -15.3592865000       -1.2231391035    2.9434451141E-05    2.9098527022E-05    3.3592411948E-07
     52072.0594698101      -15.2592865000       -1.2123624006    2.9250225700E-05    2.8918394647E-05    3.3183105251E-07
     52072.1594698101      -15.1592865000       -1.2014889076    2.9067875833E-05    2.8740161497E-05    3.2771433567E-07
     52072.2594698101      -15.0592865000       -1.1905161958    2.8887340355E-05    2.8563762215E-05    3.2357814043E-07
     52072.3594698100      -14.9592865000       -1.1794413607    2.8707624249E-05    2.8388206254E-05    3.1941799516E-07
     52072.4594698101      -14.8592865000       -1.1682616348    2.8529543093E-05    2.8214301438E-05    3.1524165504E-07
     52072.5594698101      -14.7592865000       -1.1569737473    2.8352426513E-05    2.8041373820E-05    3.1105269316E-07
     52072.6594698101      -14.6592865000       -1.1455747332    2.8176984640E-05    2.7870138526E-05    3.0684611400E-07
     52072.7594698101      -14.5592865000       -1.1340611477    2.8002564666E-05    2.7699934092E-05    3.0263057401E-07
     52072.8594698101      -14.4592865000       -1.1224294177    2.7830004525E-05    2.7531595563E-05    2.9840896275E-07
     52072.9594698100      -14.3592865000       -1.1106758793    2.7658323035E-05    2.7364146621E-05    2.9417641477E-07
     52073.0594698101      -14.2592865000       -1.0987966719    2.7487983105E-05    2.7198041645E-05    2.8994145997E-07
     52073.1594698101      -14.1592865000       -1.0867876258    2.7318979771E-05    2.7033272727E-05    2.8570704387E-07
     52073.2594698101      -14.0592865000       -1.0746443882    2.7151523940E-05    2.6870056581E-05    2.8146735866E-07
     52073.3594698100      -13.9592865000       -1.0623623074    2.6985544023E-05    2.6708311993E-05    2.7723202961E-07
     52073.4594698101      -13.8592865000       -1.0499365615    2.6819902487E-05    2.6546900144E-05    2.7300234247E-07
     52073.5594698101      -13.7592865000       -1.0373620906    2.6656739454E-05    2.6387959554E-05    2.6877990031E-07
     52073.6594698101      -13.6592865000       -1.0246331595    2.6493877140E-05    2.6229317380E-05    2.6455976010E-07
     52073.7594698101      -13.5592865000       -1.0117441488    2.6332641778E-05    2.6072289769E-05    2.6035200882E-07
     52073.8594698101      -13.4592865000       -0.9986889138    2.6172850618E-05    2.5916693534E-05    2.5615708368E-07
     52073.9594698100      -13.3592865000       -0.9854606861    2.6013745648E-05    2.5761769931E-05    2.5197571723E-07
     52074.0594698101      -13.2592865000       -0.9720524034    2.5856003112E-05    2.5608194266E-05    2.4780884558E-07
     52074.1594698101      -13.1592865000       -0.9584566200    2.5699378385E-05    2.5455712990E-05    2.4366539462E-07
     52074.2594698101      -13.0592865000       -0.9446651558    2.5544140634E-05    2.5304603318E-05    2.3953731538E-07
     52074.3594698100      -12.9592865000       -0.9306692831    2.5390265971E-05    2.5154838836E-05    2.3542713511E-07
     52074.4594698101      -12.8592865000       -0.9164598109    2.5236909268E-05    2.5005564033E-05    2.3134523491E-07
     52074.5594698101      -12.7592865000       -0.9020264387    2.5085080530E-05    2.4857798918E-05    2.2728161216E-07
     52074.6594698101      -12.6592865000       -0.8873583607    2.4934253360E-05    2.4711005984E-05    2.2324737605E-07
     52074.7594698101      -12.5592865000       -0.8724437390    2.4784927616E-05    2.4565686573E-05    2.1924104296E-07
     52074.8594698101      -12.4592865000       -0.8572696437    2.4636581847E-05    2.4421319234E-05    2.1526261259E-07
     52074.9594698100      -12.3592865000       -0.8418220435    2.4489101498E-05    2.4277788573E-05    2.1131292552E-07
     52075.0594698101      -12.2592865000       -0.8260856597    2.4342603743E-05    2.4135203328E-05    2.0740041544E-07
     52075.1594698101      -12.1592865000       -0.8100436294    2.4196968196E-05    2.3993453894E-05    2.0351430259E-07
     52075.2594698101      -12.0592865000       -0.7936774527    2.4052943458E-05    2.3853277254E-05    1.9966620469E-07
     52075.3594698100      -11.9592865000       -0.7769666121    2.3909801517E-05    2.3713948178E-05    1.9585333885E-07
     52075.4594698101      -11.8592865000       -0.7598883343    2.3767671124E-05    2.3575595868E-05    1.9207525636E-07
     52075.5594698101      -11.7592865000       -0.7424172983    2.3626571644E-05    2.3438231371E-05    1.8834027291E-07
     52075.6594698101      -11.6592865000       -0.7245250921    2.3486210666E-05    2.3301574187E-05    1.8463647862E-07
     52075.7594698101      -11.5592865000       -0.7061796655    2.3347345462E-05    2.3166369136E-05    1.8097632612E-07
     52075.8594698101      -11.4592865000       -0.6873448074    2.3209376480E-05    2.3032021286E-05    1.7735519386E-07
     52075.9594698100      -11.3592865000       -0.6679791177    2.3071711440E-05    2.2897931043E-05    1.7378039725E-07
     52076.0594698101      -11.2592865000       -0.6480349265    2.2935615819E-05    2.2765376320E-05    1.7023949933E-07
     52076.1594698101      -11.1592865000       -0.6274570930    2.2800616821E-05    2.2633872188E-05    1.6674463376E-07
     52076.2594698101      -11.0592865000       -0.6061812003    2.2666434489E-05    2.2503137029E-05    1.6329746008E-07
     52076.3594698100      -10.9592865000       -0.5841308174    2.2533407684E-05    2.2373522266E-05    1.5988541801E-07
     52076.4594698101      -10.8592865000       -0.5612147089    2.2400862170E-05    2.2244342566E-05    1.5651960393E-07
     52076.5594698101      -10.7592865000       -0.5373221941    2.2269361880E-05    2.2116168037E-05    1.5319384299E-07
     52076.6594698101      -10.6592865000       -0.5123165798    2.2138738291E-05    2.1988824898E-05    1.4991339295E-07
     52076.7594698101      -10.5592865000       -0.4860262017    2.2009336450E-05    2.1862665665E-05    1.4667078429E-07
     52076.8594698101      -10.4592865000       -0.4582299055    2.1880172085E-05    2.1736702193E-05    1.4346989253E-07
     52076.9594698101      -10.3592865000       -0.4286348218    2.1751885703E-05    2.1611592015E-05    1.4029368760E-07
     52077.0594698101      -10.2592865000       -0.3968387263    2.1624826305E-05    2.1487670054E-05    1.3715625038E-07
     52077.1594698101      -10.1592865000       -0.3622625460    2.1497846752E-05    2.1363815996E-05    1.3403075677E-07
     52077.2594698101      -10.0592865000       -0.3240174632    2.1371673732E-05    2.1240757009E-05    1.3091672309E-07
     52077.3594697601       -9.9592865500       -0.2806073544    2.1245942463E-05    2.1118147345E-05    1.2779511845E-07
     52077.4594697600       -9.8592865500       -0.2291149527    2.1120287550E-05    2.0995664519E-05    1.2462303112E-07
     52077.5594697601       -9.7592865500       -0.1620087316    2.0994426580E-05    2.0873105218E-05    1.2132136241E-07
     52077.6594697601       -9.6592865500        0.0000000000    2.0866348113E-05    2.0748836245E-05    1.1751186870E-07
     52077.7594697601       -9.5592865500        0.1620087316    2.0743112058E-05    2.0629904251E-05    1.1320780624E-07
     52077.8594697600       -9.4592865500        0.2291149527    2.0623631883E-05    2.0514084267E-05    1.0954761533E-07
     52077.9594697601       -9.3592865500        0.2806073544    2.0505853767E-05    2.0399716791E-05    1.0613697608E-07
     52078.0594697601       -9.2592865500        0.3240174632    2.0389352027E-05    2.0286459961E-05    1.0289206559E-07
     52078.1594697601       -9.1592865500        0.3622625460    2.0273930799E-05    2.0174157268E-05    9.9773530872E-08
     52078.2594697601       -9.0592865500        0.3968387263    2.0159479060E-05    2.0062720364E-05    9.6758695819E-08
     52078.3594697601       -8.9592865500        0.4286348218    2.0045926579E-05    1.9952093532E-05    9.3833046954E-08
     52078.4594697600       -8.8592865500        0.4582299055    1.9933225750E-05    1.9842239065E-05    9.0986685459E-08
     52078.5594697601       -8.7592865500        0.4860262017    1.9821342690E-05    1.9733130122E-05    8.8212568251E-08
     52078.6594697601       -8.6592865500        0.5123165798    1.9710252363E-05    1.9624746833E-05    8.5505530070E-08
     52078.7594697601       -8.5592865500        0.5373221941    1.9599935686E-05    1.9517073993E-05    8.2861693476E-08
     52078.8594697600       -8.4592865500        0.5612147089    1.9490377710E-05    1.9410099620E-05    8.0278090548E-08
     52078.9594697601       -8.3592865500        0.5841308174    1.9381566422E-05    1.9303814013E-05    7.7752408843E-08
     52079.0594697601       -8.2592865500        0.6061812003    1.9273491931E-05    1.9198209116E-05    7.5282814633E-08
     52079.1594697601       -8.1592865500        0.6274570930    1.9166145902E-05    1.9093278075E-05    7.2867826533E-08
     52079.2594697601       -8.0592865500        0.6480349265    1.9059521149E-05    1.8989014926E-05    7.0506223285E-08
     52079.3594697601       -7.9592865500        0.6679791177    1.8953611346E-05    1.8885414370E-05    6.8196975444E-08
     52079.4594697600       -7.8592865500        0.6873448074    1.8848410809E-05    1.8782471615E-05    6.5939194235E-08
     52079.5594697601       -7.7592865500        0.7061796655    1.8743914343E-05    1.8680182250E-05    6.3732092986E-08
     52079.6594697601       -7.6592865500        0.7245250921    1.8640117122E-05    1.8578542164E-05    6.1574957957E-08
     52079.7594697601       -7.5592865500        0.7424172983    1.8537014602E-05    1.8477547476E-05    5.9467126248E-08
     52079.8594697600       -7.4592865500        0.7598883343    1.8434602459E-05    1.8377194489E-05    5.7407969103E-08
     52079.9594697601       -7.3592865500        0.7769666121    1.8332876535E-05    1.8277479656E-05    5.5396879362E-08
     52080.0594697601       -7.2592865500        0.7936774527    1.8231832808E-05    1.8178399546E-05    5.3433262100E-08
     52080.1594697601       -7.1592865500        0.8100436294    1.8131467358E-05    1.8079950830E-05    5.1516527732E-08
     52080.2594697601       -7.0592865500        0.8260856597    1.8031776350E-05    1.7982130263E-05    4.9646087023E-08
     52080.3594697601       -6.9592865500        0.8418220435    1.7932756020E-05    1.7884934672E-05    4.7821347567E-08
     52080.4594697600       -6.8592865500        0.8572696437    1.7834402658E-05    1.7788360947E-05    4.6041711392E-08
     52080.5594697601       -6.7592865500        0.8724437390    1.7736712603E-05    1.7692406030E-05    4.4306573439E-08
     52080.6594697601       -6.6592865500        0.8873583607    1.7639682237E-05    1.7597066916E-05    4.2615320693E-08
     52080.7594697601       -6.5592865500        0.9020264387    1.7543307975E-05    1.7502340644E-05    4.0967331818E-08
     52080.8594697600       -6.4592865500        0.9164598109    1.7447586267E-05    1.7408224290E-05    3.9361977159E-08
     52080.9594697601       -6.3592865500        0.9306692831    1.7352513587E-05    1.7314714968E-05    3.7798619019E-08
     52081.0594697601       -6.2592865500        0.9446651558    1.7258086440E-05    1.7221809828E-05    3.6276612137E-08
     52081.1594697601       -6.1592865500        0.9584566200    1.7164301349E-05    1.7129506045E-05    3.4795304298E-08
     52081.2594697601       -6.0592865500        0.9720524034    1.7071154862E-05    1.7037800825E-05    3.3354037043E-08
     52081.3594697601       -5.9592865500        0.9854606861    1.6978643545E-05    1.6946691399E-05    3.1952146431E-08
     52081.4594697600       -5.8592865500        0.9986889138    1.6886763982E-05    1.6856175018E-05    3.0588963839E-08
     52081.5594697601       -5.7592865500        1.0117441488    1.6795512773E-05    1.6766248957E-05    2.9263816769E-08
     52081.6594697601       -5.6592865500        1.0246331595    1.6704886534E-05    1.6676910504E-05    2.7976029660E-08
     52081.7594697601       -5.5592865500        1.0373620906    1.6614881893E-05    1.6588156969E-05    2.6724924679E-08
     52081.8594697600       -5.4592865500        1.0499365615    1.6525495492E-05    1.6499985670E-05    2.5509822499E-08
     52081.9594697601       -5.3592865500        1.0623623074    1.6436723983E-05    1.6412393940E-05    2.4330043046E-08
     52082.0594697601       -5.2592865500        1.0746443882    1.6348564029E-05    1.6325379122E-05    2.3184906222E-08
     52082.1594697601       -5.1592865500        1.0867876258    1.6261012299E-05    1.6238938567E-05    2.2073732587E-08
     52082.2594697601       -5.0592865500        1.0987966719    1.6174065474E-05    1.6153069630E-05    2.0995844026E-08
     52082.3594697601       -4.9592865500        1.1106758793    1.6087720238E-05    1.6067769674E-05    1.9950564361E-08
     52082.4594697600       -4.8592865500        1.1224294177    1.6001973283E-05    1.5983036063E-05    1.8937219948E-08
     52082.5594697601       -4.7592865500        1.1340611477    1.5916821304E-05    1.5898866164E-05    1.7955140236E-08
     52082.6594697601       -4.6592865500        1.1455747332    1.5832261002E-05    1.5815257344E-05    1.7003658288E-08
