# # Once                                                         FEFF 10.0.0 
# # POT  SCF  30  3.0000   0, NO core-hole, AFOLP (folp(0)= 1.150)
# # Abs   Z=27 Rmt= 1.316 Rnm= 1.384 K  shell
# # Pot 1 Z=41 Rmt= 1.486 Rnm= 1.530
# # Pot 2 Z=27 Rmt= 1.316 Rnm= 1.384
# # Pot 3 Z=14 Rmt= 1.343 Rnm= 1.406
# # Gam_ch=1.436E+00 H-L exch Vi= 0.000E+00 Vr= 0.000E+00
# # Mu=-1.216E+01eV kf=2.165E+00 Vint=-2.320E+01eV Rs_int= 1.675
# FMS rfms= 4.0000
# # PATH  Rmax= 0.100,  Keep_limit= 0.00, Heap_limit 0.00  Pwcrit= 2.50%
#  S02=1.000  Temp=   0.00  Debye_temp=   0.00  Global_sig2= 0.00000
#  Energy zero shift, vr, vi    0.00000E+00   0.00000E+00
#  Curved wave amplitude ratio filter   4.000%
#     file         sig2 tot  cw amp ratio   deg  nlegs   reff  inp sig2
#     0/   0 paths used
#  xsedge+ 50, used to normalize mu           1.0000E+00
#  -----------------------------------------------------------------------
#  omega    e    k    mu    mu0     chi     @#
      7686.1369210634      -42.1592485000       -2.8060734827    1.2073306812E-05    1.1264104645E-05    8.0920216788E-07
      7686.2369210634      -42.0592485000       -2.8013927219    1.1443044460E-05    1.0723308898E-05    7.1973556222E-07
      7686.3369210634      -41.9592485000       -2.7967044314    1.0842628170E-05    1.0197408605E-05    6.4521956466E-07
      7686.4369210634      -41.8592485000       -2.7920079635    1.0270036072E-05    9.6867363474E-06    5.8329972493E-07
      7686.5369210634      -41.7592485000       -2.7873035823    9.7260168757E-06    9.1942092256E-06    5.3180765012E-07
      7686.6369210634      -41.6592485000       -2.7825912477    9.2091159740E-06    8.7201968584E-06    4.8891911554E-07
      7686.7369210634      -41.5592485000       -2.7778710724    8.7237990758E-06    8.2706634684E-06    4.5313560737E-07
      7686.8369210634      -41.4592485000       -2.7731428629    8.2680325243E-06    7.8448391314E-06    4.2319339291E-07
      7686.9369210634      -41.3592485000       -2.7684065780    7.8431023218E-06    7.4450347120E-06    3.9806760982E-07
      7687.0369210634      -41.2592485000       -2.7636620222    7.4488299148E-06    7.0718595213E-06    3.7697039350E-07
      7687.1369210634      -41.1592485000       -2.7589093071    7.0800922443E-06    6.7208716256E-06    3.5922061868E-07
      7687.2369210634      -41.0592485000       -2.7541485450    6.7371610395E-06    6.3929282110E-06    3.4423282849E-07
      7687.3369210634      -40.9592485000       -2.7493792296    6.4208487852E-06    6.0892829854E-06    3.3156579977E-07
      7687.4369210634      -40.8592485000       -2.7446019368    6.1301701433E-06    5.8093128160E-06    3.2085732730E-07
      7687.5369210634      -40.7592485000       -2.7398161586    5.8600444118E-06    5.5482225225E-06    3.1182188928E-07
      7687.6369210634      -40.6592485000       -2.7350221619    5.6098763668E-06    5.3056819996E-06    3.0419436722E-07
      7687.7369210634      -40.5592485000       -2.7302195915    5.3770299467E-06    5.0792777789E-06    2.9775216780E-07
      7687.8369210634      -40.4592485000       -2.7254087145    5.1623036675E-06    4.8699921897E-06    2.9231147780E-07
      7687.9369210634      -40.3592485000       -2.7205891738    4.9618177040E-06    4.6740581334E-06    2.8775957059E-07
      7688.0369210634      -40.2592485000       -2.7157610802    4.7746943689E-06    4.4907019929E-06    2.8399237605E-07
      7688.1369210634      -40.1592485000       -2.7109245448    4.6022867512E-06    4.3214286028E-06    2.8085814836E-07
      7688.2369210634      -40.0592485000       -2.7060793652    4.4417662844E-06    4.1634561466E-06    2.7831013780E-07
      7688.3369210634      -39.9592485000       -2.7012253372    4.2909875685E-06    4.0147193651E-06    2.7626820343E-07
      7688.4369210634      -39.8592485000       -2.6963627289    4.1521597058E-06    3.8774997537E-06    2.7465995213E-07
      7688.5369210634      -39.7592485000       -2.6914911773    4.0233881980E-06    3.7499224587E-06    2.7346573937E-07
      7688.6369210634      -39.6592485000       -2.6866107923    3.9029819037E-06    3.6303490917E-06    2.7263281201E-07
      7688.7369210634      -39.5592485000       -2.6817216844    3.7878495804E-06    3.5157636251E-06    2.7208595532E-07
      7688.8369210634      -39.4592485000       -2.6768236467    3.6810845533E-06    3.4092662596E-06    2.7181829378E-07
      7688.9369210634      -39.3592485000       -2.6719164709    3.5845999341E-06    3.3128006906E-06    2.7179924350E-07
      7689.0369210634      -39.2592485000       -2.6670003458    3.4904313548E-06    3.2184254490E-06    2.7200590575E-07
      7689.1369210634      -39.1592485000       -2.6620749822    3.4018797274E-06    3.1294448949E-06    2.7243483248E-07
      7689.2369210634      -39.0592485000       -2.6571408892    3.3200205103E-06    3.0469575860E-06    2.7306292423E-07
      7689.3369210634      -38.9592485000       -2.6521972158    3.2423586986E-06    2.9684971190E-06    2.7386157969E-07
      7689.4369210634      -38.8592485000       -2.6472443905    3.1700179790E-06    2.8951864791E-06    2.7483149992E-07
      7689.5369210634      -38.7592485000       -2.6422825231    3.1007457125E-06    2.8247901886E-06    2.7595552390E-07
      7689.6369210634      -38.6592485000       -2.6373109976    3.0349706591E-06    2.7577537851E-06    2.7721687404E-07
      7689.7369210634      -38.5592485000       -2.6323304061    2.9748498213E-06    2.6962196309E-06    2.7863019039E-07
      7689.8369210634      -38.4592485000       -2.6273402110    2.9164896135E-06    2.6363563751E-06    2.8013323839E-07
      7689.9369210634      -38.3592485000       -2.6223404386    2.8604867264E-06    2.5787219869E-06    2.8176473946E-07
      7690.0369210634      -38.2592485000       -2.6173310341    2.8081042879E-06    2.5245808405E-06    2.8352344747E-07
      7690.1369210634      -38.1592485000       -2.6123121864    2.7588265228E-06    2.4734382665E-06    2.8538825629E-07
      7690.2369210634      -38.0592485000       -2.6072836779    2.7121996004E-06    2.4248753076E-06    2.8732429281E-07
      7690.3369210634      -37.9592485000       -2.6022454524    2.6704723162E-06    2.3810798077E-06    2.8939250854E-07
      7690.4369210634      -37.8592485000       -2.5971975353    2.6289471614E-06    2.3373755344E-06    2.9157162696E-07
      7690.5369210634      -37.7592485000       -2.5921397059    2.5898883215E-06    2.2960723153E-06    2.9381600623E-07
      7690.6369210634      -37.6592485000       -2.5870719882    2.5520424898E-06    2.2558900734E-06    2.9615241639E-07
      7690.7369210634      -37.5592485000       -2.5819943241    2.5156817114E-06    2.2170996591E-06    2.9858205223E-07
      7690.8369210634      -37.4592485000       -2.5769064895    2.4841084909E-06    2.1830047968E-06    3.0110369409E-07
      7690.9369210634      -37.3592485000       -2.5718088379    2.4531534558E-06    2.1494417853E-06    3.0371167043E-07
      7691.0369210634      -37.2592485000       -2.5667009792    2.4237816217E-06    2.1173806181E-06    3.0640100354E-07
      7691.1369210634      -37.1592485000       -2.5615830183    2.3957463725E-06    2.0865705291E-06    3.0917584337E-07
      7691.2369210634      -37.0592485000       -2.5564546449    2.3681020329E-06    2.0560679040E-06    3.1203412896E-07
      7691.3369210634      -36.9592485000       -2.5513159630    2.3451529766E-06    2.0301785957E-06    3.1497438090E-07
      7691.4369210634      -36.8592485000       -2.5461671610    2.3219839978E-06    2.0039854869E-06    3.1799851082E-07
      7691.5369210634      -36.7592485000       -2.5410077586    2.2983652074E-06    1.9772617688E-06    3.2110343866E-07
      7691.6369210634      -36.6592485000       -2.5358376910    2.2770058140E-06    1.9527119422E-06    3.2429387178E-07
      7691.7369210634      -36.5592485000       -2.5306573135    2.2575401484E-06    1.9299732397E-06    3.2756690875E-07
      7691.8369210634      -36.4592485000       -2.5254661412    2.2374091020E-06    1.9064838630E-06    3.3092523904E-07
      7691.9369210634      -36.3592485000       -2.5202643607    2.2203463364E-06    1.8859817133E-06    3.3436462311E-07
      7692.0369210634      -36.2592485000       -2.5150517369    2.2048611464E-06    1.8669723847E-06    3.3788876175E-07
      7692.1369210634      -36.1592485000       -2.5098283720    2.1905712477E-06    1.8490665965E-06    3.4150465116E-07
      7692.2369210634      -36.0592485000       -2.5045941987    2.1768480194E-06    1.8316465454E-06    3.4520147403E-07
      7692.3369210634      -35.9592485000       -2.4993488936    2.1616614068E-06    1.8126769166E-06    3.4898449024E-07
      7692.4369210634      -35.8592485000       -2.4940928131    2.1480312632E-06    1.7951673838E-06    3.5286387943E-07
      7692.5369210634      -35.7592485000       -2.4888252905    2.1368394569E-06    1.7800156706E-06    3.5682378633E-07
      7692.6369210634      -35.6592485000       -2.4835469384    2.1267620530E-06    1.7658847968E-06    3.6087725615E-07
      7692.7369210634      -35.5592485000       -2.4782570866    2.1161326745E-06    1.7511073012E-06    3.6502537338E-07
      7692.8369210634      -35.4592485000       -2.4729559193    2.1071749582E-06    1.7378989598E-06    3.6927599840E-07
      7692.9369210634      -35.3592485000       -2.4676435363    2.0981381575E-06    1.7245206475E-06    3.7361750995E-07
      7693.0369210634      -35.2592485000       -2.4623194326    2.0897199228E-06    1.7116681804E-06    3.7805174246E-07
      7693.1369210634      -35.1592485000       -2.4569840519    2.0842140747E-06    1.7016242218E-06    3.8258985288E-07
      7693.2369210634      -35.0592485000       -2.4516369733    2.0797019850E-06    1.6924634626E-06    3.8723852239E-07
      7693.3369210634      -34.9592485000       -2.4462782070    2.0742300807E-06    1.6822436902E-06    3.9198639054E-07
      7693.4369210634      -34.8592485000       -2.4409076762    2.0695661365E-06    1.6727244366E-06    3.9684169996E-07
      7693.5369210634      -34.7592485000       -2.4355253029    2.0667623603E-06    1.6649578133E-06    4.0180454695E-07
      7693.6369210634      -34.6592485000       -2.4301309209    2.0632978555E-06    1.6564182991E-06    4.0687955639E-07
      7693.7369210634      -34.5592485000       -2.4247248012    2.0607586675E-06    1.6486795427E-06    4.1207912482E-07
      7693.8369210634      -34.4592485000       -2.4193062492    2.0606314258E-06    1.6432390292E-06    4.1739239659E-07
      7693.9369210634      -34.3592485000       -2.4138756222    2.0592728945E-06    1.6364491483E-06    4.2282374623E-07
      7694.0369210634      -34.2592485000       -2.4084330151    2.0592548181E-06    1.6308821860E-06    4.2837263210E-07
      7694.1369210634      -34.1592485000       -2.4029778151    2.0609670485E-06    1.6269119881E-06    4.3405506037E-07
      7694.2369210634      -34.0592485000       -2.3975102026    2.0617198495E-06    1.6218462282E-06    4.3987362137E-07
      7694.3369210634      -33.9592485000       -2.3920302705    2.0628068737E-06    1.6169835088E-06    4.4582336495E-07
      7694.4369210634      -33.8592485000       -2.3865376662    2.0639662955E-06    1.6120522868E-06    4.5191400865E-07
      7694.5369210634      -33.7592485000       -2.3810323916    2.0659030276E-06    1.6077554806E-06    4.5814754702E-07
      7694.6369210634      -33.6592485000       -2.3755143584    2.0686953046E-06    1.6041756213E-06    4.6451968329E-07
      7694.7369210634      -33.5592485000       -2.3699834777    2.0724804270E-06    1.6014261876E-06    4.7105423934E-07
      7694.8369210634      -33.4592485000       -2.3644394792    2.0773246526E-06    1.5995887639E-06    4.7773588871E-07
      7694.9369210634      -33.3592485000       -2.3588827215    2.0829236323E-06    1.5983491458E-06    4.8457448648E-07
      7695.0369210634      -33.2592485000       -2.3533128430    2.0909034944E-06    1.5993258232E-06    4.9157767121E-07
      7695.1369210634      -33.1592485000       -2.3477296596    2.0977238501E-06    1.5989739098E-06    4.9874994037E-07
      7695.2369210634      -33.0592485000       -2.3421329852    2.1034742915E-06    1.5973684270E-06    5.0610586450E-07
      7695.3369210634      -32.9592485000       -2.3365232696    2.1118741506E-06    1.5982308805E-06    5.1364327010E-07
      7695.4369210634      -32.8592485000       -2.3308997793    2.1223463052E-06    1.6009969033E-06    5.2134940191E-07
      7695.5369210634      -32.7592485000       -2.3252627805    2.1316831813E-06    1.6024272002E-06    5.2925598115E-07
      7695.6369210634      -32.6592485000       -2.3196119913    2.1398207326E-06    1.6024382067E-06    5.3738252589E-07
      7695.7369210634      -32.5592485000       -2.3139474946    2.1502196488E-06    1.6045180617E-06    5.4570158702E-07
      7695.8369210634      -32.4592485000       -2.3082690972    2.1616703024E-06    1.6074599895E-06    5.5421031293E-07
      7695.9369210634      -32.3592485000       -2.3025766039    2.1734104087E-06    1.6104515110E-06    5.6295889768E-07
      7696.0369210634      -32.2592485000       -2.2968702805    2.1855903192E-06    1.6136598419E-06    5.7193047731E-07
      7696.1369210634      -32.1592485000       -2.2911494664    2.1969364161E-06    1.6157987243E-06    5.8113769181E-07
      7696.2369210634      -32.0592485000       -2.2854144252    2.2106656560E-06    1.6200743515E-06    5.9059130455E-07
      7696.3369210634      -31.9592485000       -2.2796650495    2.2253065768E-06    1.6250069159E-06    6.0029966093E-07
      7696.4369210634      -31.8592485000       -2.2739009498    2.2388916670E-06    1.6286081453E-06    6.1028352170E-07
      7696.5369210634      -31.7592485000       -2.2681222954    2.2555786881E-06    1.6350689777E-06    6.2050971043E-07
      7696.6369210634      -31.6592485000       -2.2623289748    2.2729126780E-06    1.6419061858E-06    6.3100649223E-07
      7696.7369210634      -31.5592485000       -2.2565204976    2.2908677264E-06    1.6490589424E-06    6.4180878399E-07
      7696.8369210634      -31.4592485000       -2.2506972195    2.3078939119E-06    1.6549582855E-06    6.5293562635E-07
      7696.9369210634      -31.3592485000       -2.2448588355    2.3260983265E-06    1.6617467593E-06    6.6435156715E-07
      7697.0369210634      -31.2592485000       -2.2390053225    2.3479112579E-06    1.6718066519E-06    6.7610460598E-07
      7697.1369210634      -31.1592485000       -2.2331362757    2.3681031676E-06    1.6798890023E-06    6.8821416534E-07
      7697.2369210634      -31.0592485000       -2.2272519546    2.3885149666E-06    1.6878628235E-06    7.0065214307E-07
      7697.3369210634      -30.9592485000       -2.2213517586    2.4116801492E-06    1.6982214016E-06    7.1345874766E-07
      7697.4369210634      -30.8592485000       -2.2154361373    2.4363081941E-06    1.7096845937E-06    7.2662360040E-07
      7697.5369210634      -30.7592485000       -2.2095044852    2.4595361881E-06    1.7193373374E-06    7.4019885072E-07
      7697.6369210634      -30.6592485000       -2.2035570592    2.4837195820E-06    1.7295258924E-06    7.5419368968E-07
      7697.7369210634      -30.5592485000       -2.1975933439    2.5105403335E-06    1.7419219929E-06    7.6861834062E-07
      7697.8369210634      -30.4592485000       -2.1916134975    2.5371505108E-06    1.7536308551E-06    7.8351965576E-07
      7697.9369210634      -30.3592485000       -2.1856171930    2.5655474289E-06    1.7666738089E-06    7.9887361999E-07
      7698.0369210634      -30.2592485000       -2.1796046850    2.5937715886E-06    1.7790743120E-06    8.1469727656E-07
      7698.1369210634      -30.1592485000       -2.1735752517    2.6227995672E-06    1.7917587039E-06    8.3104086331E-07
      7698.2369210634      -30.0592485000       -2.1675291445    2.6530645728E-06    1.8051430251E-06    8.4792154767E-07
      7698.3369210634      -29.9592485000       -2.1614661250    2.6850140735E-06    1.8196600452E-06    8.6535402827E-07
      7698.4369210634      -29.8592485000       -2.1553860506    2.7200051935E-06    1.8366115226E-06    8.8339367092E-07
      7698.5369210634      -29.7592485000       -2.1492887764    2.7547805543E-06    1.8527645033E-06    9.0201605107E-07
      7698.6369210634      -29.6592485000       -2.1431739571    2.7907637745E-06    1.8694307008E-06    9.2133307370E-07
      7698.7369210634      -29.5592485000       -2.1370418405    2.8283559447E-06    1.8870369570E-06    9.4131898777E-07
      7698.8369210634      -29.4592485000       -2.1308920774    2.8687793152E-06    1.9068159219E-06    9.6196339321E-07
      7698.9369210634      -29.3592485000       -2.1247246148    2.9092399356E-06    1.9258069089E-06    9.8343302678E-07
      7699.0369210634      -29.2592485000       -2.1185389966    2.9487679148E-06    1.9431048172E-06    1.0056630976E-06
      7699.1369210634      -29.1592485000       -2.1123354666    2.9921067186E-06    1.9634994388E-06    1.0286072797E-06
      7699.2369210634      -29.0592485000       -2.1061134621    3.0389663005E-06    1.9864844771E-06    1.0524818234E-06
      7699.3369210634      -28.9592485000       -2.0998731230    3.0856606319E-06    2.0083084776E-06    1.0773521543E-06
      7699.4369210634      -28.8592485000       -2.0936141837    3.1324907508E-06    2.0294174184E-06    1.1030733324E-06
      7699.5369210634      -28.7592485000       -2.0873364768    3.1821072250E-06    2.0522530132E-06    1.1298542118E-06
      7699.6369210634      -28.6592485000       -2.0810399349    3.2343160935E-06    2.0766280244E-06    1.1576880691E-06
      7699.7369210634      -28.5592485000       -2.0747241812    3.2887999103E-06    2.1021168086E-06    1.1866831018E-06
      7699.8369210634      -28.4592485000       -2.0683890398    3.3436892617E-06    2.1268745792E-06    1.2168146825E-06
      7699.9369210634      -28.3592485000       -2.0620345383    3.4023316855E-06    2.1541003566E-06    1.2482313289E-06
      7700.0369210634      -28.2592485000       -2.0556603938    3.4637989144E-06    2.1828065368E-06    1.2809923776E-06
      7700.1369210634      -28.1592485000       -2.0492663191    3.5262057884E-06    2.2109698642E-06    1.3152359242E-06
      7700.2369210634      -28.0592485000       -2.0428523353    3.5929971951E-06    2.2421626547E-06    1.3508345404E-06
      7700.3369210634      -27.9592485000       -2.0364182544    3.6623922850E-06    2.2742477745E-06    1.3881445105E-06
      7700.4369210634      -27.8592485000       -2.0299635708    3.7337288997E-06    2.3065047155E-06    1.4272241842E-06
      7700.5369210634      -27.7592485000       -2.0234882976    3.8078553655E-06    2.3398052071E-06    1.4680501584E-06
      7700.6369210634      -27.6592485000       -2.0169923421    3.8868244650E-06    2.3759835536E-06    1.5108409114E-06
      7700.7369210634      -27.5592485000       -2.0104753979    3.9698412692E-06    2.4141304931E-06    1.5557107762E-06
      7700.8369210634      -27.4592485000       -2.0039373664    4.0541070567E-06    2.4511251538E-06    1.6029819029E-06
      7700.9369210634      -27.3592485000       -1.9973778275    4.1405361037E-06    2.4881007534E-06    1.6524353503E-06
      7701.0369210634      -27.2592485000       -1.9907966756    4.2350725536E-06    2.5306563615E-06    1.7044161921E-06
      7701.1369210634      -27.1592485000       -1.9841936954    4.3335190058E-06    2.5744080519E-06    1.7591109539E-06
      7701.2369210634      -27.0592485000       -1.9775686684    4.4338579669E-06    2.6169803480E-06    1.8168776189E-06
      7701.3369210634      -26.9592485000       -1.9709213723    4.5406000618E-06    2.6626254395E-06    1.8779746223E-06
      7701.4369210634      -26.8592485000       -1.9642514726    4.6534492864E-06    2.7109847866E-06    1.9424644998E-06
      7701.5369210634      -26.7592485000       -1.9575590644    4.7718806371E-06    2.7614707671E-06    2.0104098700E-06
      7701.6369210634      -26.6592485000       -1.9508434797    4.8966850168E-06    2.8140071084E-06    2.0826779085E-06
      7701.7369210634      -26.5592485000       -1.9441048068    5.0279384880E-06    2.8689740124E-06    2.1589644756E-06
      7701.8369210634      -26.4592485000       -1.9373425850    5.1671340800E-06    2.9265508655E-06    2.2405832145E-06
      7701.9369210634      -26.3592485000       -1.9305568976    5.3113085626E-06    2.9842523929E-06    2.3270561698E-06
      7702.0369210634      -26.2592485000       -1.9237471643    5.4637314828E-06    3.0446200777E-06    2.4191114051E-06
      7702.1369210634      -26.1592485000       -1.9169132400    5.6278594250E-06    3.1099964630E-06    2.5178629621E-06
      7702.2369210634      -26.0592485000       -1.9100548649    5.7998870849E-06    3.1769607017E-06    2.6229263832E-06
      7702.3369210634      -25.9592485000       -1.9031716630    5.9831954110E-06    3.2476889531E-06    2.7355064579E-06
      7702.4369210634      -25.8592485000       -1.8962635883    6.1805446451E-06    3.3237331241E-06    2.8568115210E-06
      7702.5369210634      -25.7592485000       -1.8893303116    6.3893344683E-06    3.4024231363E-06    2.9869113320E-06
      7702.6369210634      -25.6592485000       -1.8823713850    6.6114870542E-06    3.4838814473E-06    3.1276056069E-06
      7702.7369210634      -25.5592485000       -1.8753866931    6.8485514261E-06    3.5687836316E-06    3.2797677945E-06
      7702.8369210634      -25.4592485000       -1.8683758899    7.1042650416E-06    3.6595711540E-06    3.4446938876E-06
      7702.9369210634      -25.3592485000       -1.8613385661    7.3802905059E-06    3.7559401134E-06    3.6243503925E-06
      7703.0369210634      -25.2592485000       -1.8542747067    7.6764460942E-06    3.8564359045E-06    3.8200101897E-06
      7703.1369210634      -25.1592485000       -1.8471837768    7.9981075021E-06    3.9639718151E-06    4.0341356871E-06
      7703.2369210634      -25.0592485000       -1.8400654635    8.3453980038E-06    4.0761504834E-06    4.2692475203E-06
      7703.3369210634      -24.9592485000       -1.8329196219    8.7218465860E-06    4.1934120009E-06    4.5284345851E-06
      7703.4369210634      -24.8592485000       -1.8257456956    9.1352608529E-06    4.3201236958E-06    4.8151371571E-06
      7703.5369210634      -24.7592485000       -1.8185434692    9.5916629140E-06    4.4557629429E-06    5.1358999712E-06
      7703.6369210634      -24.6592485000       -1.8113126640    1.0099585279E-05    4.5991229965E-06    5.5004622822E-06
      7703.7369210634      -24.5592485000       -1.8040528774    1.0682976777E-05    4.7543847131E-06    5.9285920640E-06
      7703.8369210634      -24.4592485000       -1.7967637579    1.1352950274E-05    4.9188504019E-06    6.4340998719E-06
      7703.9369210634      -24.3592485000       -1.7894449472    1.1955232872E-05    5.0941753787E-06    6.8610574937E-06
      7704.0369210634      -24.2592485000       -1.7820960198    1.2561768498E-05    5.2847958935E-06    7.2769726046E-06
      7704.1369210634      -24.1592485000       -1.7747167214    1.3350192108E-05    5.4903186465E-06    7.8598734617E-06
      7704.2369210634      -24.0592485000       -1.7673066114    1.4161630082E-05    5.7131085040E-06    8.4485215775E-06
      7704.3369210634      -23.9592485000       -1.7598653006    1.5076274898E-05    5.9559630946E-06    9.1203118038E-06
      7704.4369210634      -23.8592485000       -1.7523924522    1.6155350755E-05    6.2214226439E-06    9.9339281116E-06
      7704.5369210634      -23.7592485000       -1.7448874780    1.7394451567E-05    6.5109548567E-06    1.0883496710E-05
      7704.6369210634      -23.6592485000       -1.7373500231    1.8818590331E-05    6.8302712663E-06    1.1988319065E-05
      7704.7369210634      -23.5592485000       -1.7297798473    2.0456881496E-05    7.1855288700E-06    1.3271352626E-05
      7704.8369210634      -23.4592485000       -1.7221764574    2.2337847016E-05    7.5755534283E-06    1.4762293588E-05
      7704.9369210634      -23.3592485000       -1.7145392874    2.4496122843E-05    8.0082366030E-06    1.6487886240E-05
      7705.0369210634      -23.2592485000       -1.7068679461    2.6962428038E-05    8.4892000299E-06    1.8473228008E-05
      7705.1369210634      -23.1592485000       -1.6991619081    2.9759338391E-05    9.0226622646E-06    2.0736676126E-05
      7705.2369210634      -23.0592485000       -1.6914208250    3.2884559383E-05    9.6106505094E-06    2.3273908874E-05
      7705.3369210634      -22.9592485000       -1.6836440871    3.6315244922E-05    1.0254368480E-05    2.6060876442E-05
      7705.4369210634      -22.8592485000       -1.6758313884    3.9998923199E-05    1.0958701934E-05    2.9040221265E-05
      7705.5369210634      -22.7592485000       -1.6679819684    4.3838763597E-05    1.1722148503E-05    3.2116615093E-05
      7705.6369210634      -22.6592485000       -1.6600954986    4.7706603006E-05    1.2544871718E-05    3.5161731288E-05
      7705.7369210634      -22.5592485000       -1.6521713195    5.1449462152E-05    1.3424742555E-05    3.8024719598E-05
      7705.8369210634      -22.4592485000       -1.6442090801    5.4905868660E-05    1.4360187531E-05    4.0545681129E-05
      7705.9369210634      -22.3592485000       -1.6362080298    5.7923172922E-05    1.5347101715E-05    4.2576071207E-05
      7706.0369210634      -22.2592485000       -1.6281675962    6.0603764215E-05    1.6384754991E-05    4.4219009224E-05
      7706.1369210634      -22.1592485000       -1.6200872587    6.2566326568E-05    1.7469117161E-05    4.5097209407E-05
      7706.2369210634      -22.0592485000       -1.6119665493    6.3923499925E-05    1.8598952605E-05    4.5324547320E-05
      7706.3369210634      -21.9592485000       -1.6038045893    6.4692315588E-05    1.9774033338E-05    4.4918282251E-05
      7706.4369210634      -21.8592485000       -1.5956009458    6.5223840581E-05    2.0987521486E-05    4.4236319095E-05
      7706.5369210634      -21.7592485000       -1.5873549054    6.5397686357E-05    2.2238647014E-05    4.3159039343E-05
      7706.6369210634      -21.6592485000       -1.5790658039    6.5266620780E-05    2.3526617350E-05    4.1740003429E-05
      7706.7369210634      -21.5592485000       -1.5707329596    6.4968892145E-05    2.4848858298E-05    4.0120033847E-05
      7706.8369210634      -21.4592485000       -1.5623556045    6.4586216475E-05    2.6201984383E-05    3.8384232092E-05
      7706.9369210634      -21.3592485000       -1.5539332242    6.4184527696E-05    2.7584417119E-05    3.6600110577E-05
      7707.0369210634      -21.2592485000       -1.5454648759    6.3812329418E-05    2.8994201707E-05    3.4818127711E-05
      7707.1369210634      -21.1592485000       -1.5369497306    6.3506808869E-05    3.0429487324E-05    3.3077321544E-05
      7707.2369210634      -21.0592485000       -1.5283873543    6.3292173204E-05    3.1889001070E-05    3.1403172134E-05
      7707.3369210634      -20.9592485000       -1.5197766685    6.3189163844E-05    3.3371032727E-05    2.9818131117E-05
      7707.4369210634      -20.8592485000       -1.5111168475    6.3209347591E-05    3.4873939288E-05    2.8335408303E-05
      7707.5369210634      -20.7592485000       -1.5024071833    6.3361936075E-05    3.6397243634E-05    2.6964692441E-05
      7707.6369210634      -20.6592485000       -1.4936466613    6.3652877941E-05    3.7939900112E-05    2.5712977829E-05
      7707.7369210634      -20.5592485000       -1.4848345966    6.4083106342E-05    3.9497795105E-05    2.4585311236E-05
      7707.8369210634      -20.4592485000       -1.4759697774    6.4653393422E-05    4.1069505015E-05    2.3583888408E-05
      7707.9369210634      -20.3592485000       -1.4670513925    6.5370404447E-05    4.2658668621E-05    2.2711735825E-05
      7708.0369210634      -20.2592485000       -1.4580786051    6.6229169634E-05    4.4259710048E-05    2.1969459586E-05
      7708.1369210634      -20.1592485000       -1.4490501841    6.7231606505E-05    4.5872535075E-05    2.1359071431E-05
      7708.2369210634      -20.0592485000       -1.4399650831    6.8376221591E-05    4.7495601944E-05    2.0880619647E-05
      7708.3369210634      -19.9592485000       -1.4308223713    6.9663210848E-05    4.9127879667E-05    2.0535331181E-05
      7708.4369210634      -19.8592485000       -1.4216208621    7.1093436493E-05    5.0770554440E-05    2.0322882053E-05
      7708.5369210634      -19.7592485000       -1.4123593311    7.2663034189E-05    5.2419272489E-05    2.0243761700E-05
      7708.6369210634      -19.6592485000       -1.4030367413    7.4372200122E-05    5.4074375939E-05    2.0297824184E-05
      7708.7369210634      -19.5592485000       -1.3936517912    7.6219907328E-05    5.5735466999E-05    2.0484440329E-05
      7708.8369210634      -19.4592485000       -1.3842032890    7.8203527806E-05    5.7401021197E-05    2.0802506609E-05
      7708.9369210634      -19.3592485000       -1.3746896148    8.0321223236E-05    5.9070218138E-05    2.1251005097E-05
      7709.0369210634      -19.2592485000       -1.3651097958    8.2569941494E-05    6.0742548977E-05    2.1827392516E-05
      7709.1369210634      -19.1592485000       -1.3554622724    8.4945453427E-05    6.2416698375E-05    2.2528755052E-05
      7709.2369210634      -19.0592485000       -1.3457455886    8.7443249093E-05    6.4091885880E-05    2.3351363214E-05
      7709.3369210634      -18.9592485000       -1.3359582354    9.0058121649E-05    6.5767490793E-05    2.4290630856E-05
      7709.4369210634      -18.8592485000       -1.3260986079    9.2783586747E-05    6.7443237024E-05    2.5340349723E-05
      7709.5369210634      -18.7592485000       -1.3161652030    9.5610986010E-05    6.9116966148E-05    2.6494019862E-05
      7709.6369210634      -18.6592485000       -1.3061560932    9.8532830895E-05    7.0789594432E-05    2.7743236463E-05
      7709.7369210634      -18.5592485000       -1.2960698529    1.0153811390E-04    7.2459177700E-05    2.9078936198E-05
      7709.8369210634      -18.4592485000       -1.2859044190    1.0461602555E-04    7.4125587157E-05    3.0490438389E-05
      7709.9369210634      -18.3592485000       -1.2756579815    1.0775361195E-04    7.5787300206E-05    3.1966311745E-05
      7710.0369210634      -18.2592485000       -1.2653286568    1.1093858688E-04    7.7444781750E-05    3.3493805134E-05
      7710.1369210634      -18.1592485000       -1.2549141860    1.1415584549E-04    7.9096451775E-05    3.5059393717E-05
      7710.2369210634      -18.0592485000       -1.2444126452    1.1739078190E-04    8.0742026438E-05    3.6648755467E-05
      7710.3369210634      -17.9592485000       -1.2338217681    1.2062740947E-04    8.2380525874E-05    3.8246883596E-05
      7710.4369210634      -17.8592485000       -1.2231391035    1.2384993793E-04    8.4011469577E-05    3.9838468353E-05
      7710.5369210634      -17.7592485000       -1.2123624006    1.2704078185E-04    8.5632743545E-05    4.1408038306E-05
      7710.6369210634      -17.6592485000       -1.2014889076    1.3018966741E-04    8.7250046632E-05    4.2939620777E-05
      7710.7369210634      -17.5592485000       -1.1905161958    1.3327280122E-04    8.8854580389E-05    4.4418220834E-05
      7710.8369210634      -17.4592485000       -1.1794413607    1.3627446094E-04    9.0445839695E-05    4.5828621243E-05
      7710.9369210634      -17.3592485000       -1.1682616348    1.3918662502E-04    9.2028542652E-05    4.7158082371E-05
      7711.0369210634      -17.2592485000       -1.1569737473    1.4199311602E-04    9.3601968808E-05    4.8391147214E-05
      7711.1369210634      -17.1592485000       -1.1455747332    1.4467832137E-04    9.5160326639E-05    4.9517994734E-05
      7711.2369210634      -17.0592485000       -1.1340611477    1.4724023266E-04    9.6708487491E-05    5.0531745173E-05
      7711.3369210634      -16.9592485000       -1.1224294177    1.4966431826E-04    9.8240783842E-05    5.1423534419E-05
      7711.4369210634      -16.8592485000       -1.1106758793    1.5194510071E-04    9.9756289467E-05    5.2188811245E-05
      7711.5369210634      -16.7592485000       -1.0987966719    1.5409259623E-04    1.0125973437E-04    5.2832861859E-05
      7711.6369210634      -16.6592485000       -1.0867876258    1.5610240625E-04    1.0274521956E-04    5.3357186694E-05
      7711.7369210634      -16.5592485000       -1.0746443882    1.5798247914E-04    1.0421203499E-04    5.3770444149E-05
      7711.8369210634      -16.4592485000       -1.0623623074    1.5974149068E-04    1.0566466057E-04    5.4076830108E-05
      7711.9369210634      -16.3592485000       -1.0499365615    1.6138490844E-04    1.0709703909E-04    5.4287869347E-05
      7712.0369210634      -16.2592485000       -1.0373620906    1.6291740423E-04    1.0850837690E-04    5.4409027321E-05
      7712.1369210634      -16.1592485000       -1.0246331595    1.6433749176E-04    1.0989740509E-04    5.4440086667E-05
      7712.2369210634      -16.0592485000       -1.0117441488    1.6564031722E-04    1.1126837858E-04    5.4371938634E-05
      7712.3369210634      -15.9592485000       -0.9986889138    1.6679504354E-04    1.1261035129E-04    5.4184692249E-05
      7712.4369210634      -15.8592485000       -0.9854606861    1.6778049617E-04    1.1393194667E-04    5.3848549506E-05
      7712.5369210634      -15.7592485000       -0.9720524034    1.6856085158E-04    1.1522656686E-04    5.3334284716E-05
      7712.6369210634      -15.6592485000       -0.9584566200    1.6910373526E-04    1.1649309707E-04    5.2610638194E-05
      7712.7369210634      -15.5592485000       -0.9446651558    1.6940213995E-04    1.1773504548E-04    5.1667094472E-05
      7712.8369210634      -15.4592485000       -0.9306692831    1.6946652827E-04    1.1894018843E-04    5.0526339841E-05
      7712.9369210634      -15.3592485000       -0.9164598109    1.6935595298E-04    1.2011199180E-04    4.9243961177E-05
      7713.0369210634      -15.2592485000       -0.9020264387    1.6916247710E-04    1.2125340494E-04    4.7909072157E-05
      7713.1369210634      -15.1592485000       -0.8873583607    1.6898254748E-04    1.2235165486E-04    4.6630892621E-05
      7713.2369210634      -15.0592485000       -0.8724437390    1.6893340348E-04    1.2341409345E-04    4.5519310028E-05
      7713.3369210634      -14.9592485000       -0.8572696437    1.6909273064E-04    1.2442801875E-04    4.4664711891E-05
      7713.4369210634      -14.8592485000       -0.8418220435    1.6951194881E-04    1.2539992041E-04    4.4112028400E-05
      7713.5369210634      -14.7592485000       -0.8260856597    1.7018110648E-04    1.2631575770E-04    4.3865348773E-05
      7713.6369210634      -14.6592485000       -0.8100436294    1.7105943090E-04    1.2717637631E-04    4.3883054585E-05
      7713.7369210634      -14.5592485000       -0.7936774527    1.7206555210E-04    1.2798161828E-04    4.4083933822E-05
      7713.8369210634      -14.4592485000       -0.7769666121    1.7308478006E-04    1.2871605895E-04    4.4368721110E-05
      7713.9369210634      -14.3592485000       -0.7598883343    1.7400441010E-04    1.2938299152E-04    4.4621418576E-05
      7714.0369210634      -14.2592485000       -0.7424172983    1.7469571471E-04    1.2996460109E-04    4.4731113621E-05
      7714.1369210634      -14.1592485000       -0.7245250921    1.7504129466E-04    1.3045716928E-04    4.4584125378E-05
      7714.2369210634      -14.0592485000       -0.7061796655    1.7493542887E-04    1.3085058714E-04    4.4084841735E-05
      7714.3369210634      -13.9592485000       -0.6873448074    1.7428932942E-04    1.3113785290E-04    4.3151476522E-05
      7714.4369210634      -13.8592485000       -0.6679791177    1.7301714512E-04    1.3129438212E-04    4.1722762995E-05
      7714.5369210634      -13.7592485000       -0.6480349265    1.7107175597E-04    1.3130848136E-04    3.9763274611E-05
      7714.6369210634      -13.6592485000       -0.6274570930    1.6842901307E-04    1.3115981396E-04    3.7269199108E-05
      7714.7369210634      -13.5592485000       -0.6061812003    1.6508760489E-04    1.3081971564E-04    3.4267889249E-05
      7714.8369210634      -13.4592485000       -0.5841308174    1.6109587070E-04    1.3026977005E-04    3.0826100652E-05
      7714.9369210634      -13.3592485000       -0.5612147089    1.5651737018E-04    1.2947044455E-04    2.7046925631E-05
      7715.0369210634      -13.2592485000       -0.5373221941    1.5143203943E-04    1.2837568265E-04    2.3056356776E-05
      7715.1369210634      -13.1592485000       -0.5123165798    1.4594126406E-04    1.2694642339E-04    1.8994840668E-05
      7715.2369210634      -13.0592485000       -0.4860262017    1.4012094768E-04    1.2511454755E-04    1.5006400125E-05
      7715.3369210634      -12.9592485000       -0.4582299055    1.3404426805E-04    1.2281736563E-04    1.1226902416E-05
      7715.4369210634      -12.8592485000       -0.4286348218    1.2775678477E-04    1.1998359844E-04    7.7731863284E-06
      7715.5369210634      -12.7592485000       -0.3968387263    1.2126263666E-04    1.1652148467E-04    4.7411519945E-06
      7715.6369210634      -12.6592485000       -0.3622625460    1.1456212790E-04    1.1235674971E-04    2.2053781861E-06
      7715.7369210634      -12.5592485000       -0.3240174632    1.0763527252E-04    1.0742204399E-04    2.1322852804E-07
      7715.8369210634      -12.4592485000       -0.2806073544    1.0048557224E-04    1.0170525485E-04   -1.2196826050E-06
      7715.9369210634      -12.3592485000       -0.2291149527    9.3140390912E-05    9.5248113442E-05   -2.1077225298E-06
      7716.0369210634      -12.2592485000       -0.1620087316    8.5679058986E-05    8.8186383346E-05   -2.5073243595E-06
      7716.1369210634      -12.1592485000        0.0000000000    7.8263453621E-05    8.0766429087E-05   -2.5029754666E-06
      7716.2369210634      -12.0592485000        0.1620087316    7.1051339622E-05    7.3274133268E-05   -2.2227936456E-06
      7716.3369210634      -11.9592485000        0.2291149527    6.4259895492E-05    6.6019977241E-05   -1.7600817492E-06
      7716.4369210634      -11.8592485000        0.2806073544    5.8015948379E-05    5.9247529169E-05   -1.2315807899E-06
      7716.5369210634      -11.7592485000        0.3240174632    5.2396046306E-05    5.3106030354E-05   -7.0998404802E-07
      7716.6369210634      -11.6592485000        0.3622625460    4.7415120947E-05    4.7652621263E-05   -2.3750031613E-07
      7716.7369210634      -11.5592485000        0.3968387263    4.3042835288E-05    4.2875644569E-05    1.6719071929E-07
      7716.8369210634      -11.4592485000        0.4286348218    3.9223276334E-05    3.8722683232E-05    5.0059310201E-07
      7716.9369210634      -11.3592485000        0.4582299055    3.5890645732E-05    3.5123191008E-05    7.6745472363E-07
      7717.0369210634      -11.2592485000        0.4860262017    3.2979196006E-05    3.2003095582E-05    9.7610042399E-07
      7717.1369210634      -11.1592485000        0.5123165798    3.0428411902E-05    2.9292680677E-05    1.1357312244E-06
      7717.2369210634      -11.0592485000        0.5373221941    2.8185078487E-05    2.6930015120E-05    1.2550633678E-06
      7717.3369210634      -10.9592485000        0.5612147089    2.6203600008E-05    2.4861838929E-05    1.3417610788E-06
      7717.4369210634      -10.8592485000        0.5841308174    2.4445467455E-05    2.3043175315E-05    1.4022921391E-06
      7717.5369210634      -10.7592485000        0.6061812003    2.2878392541E-05    2.1436407342E-05    1.4419851991E-06
      7717.6369210634      -10.6592485000        0.6274570930    2.1475377409E-05    2.0010209249E-05    1.4651681605E-06
      7717.7369210634      -10.5592485000        0.6480349265    2.0213845164E-05    1.8738518501E-05    1.4753266625E-06
      7717.8369210634      -10.4592485000        0.6679791177    1.9074879075E-05    1.7599624436E-05    1.4752546386E-06
      7717.9369210634      -10.3592485000        0.6873448074    1.8042579933E-05    1.6575393898E-05    1.4671860348E-06
      7718.0369210634      -10.2592485000        0.7061796655    1.7103533739E-05    1.5650628584E-05    1.4529051543E-06
      7718.1369210634      -10.1592485000        0.7245250921    1.6246375499E-05    1.4812538656E-05    1.4338368426E-06
      7718.2369210634      -10.0592485000        0.7424172983    1.5461433663E-05    1.4050314518E-05    1.4111191443E-06
      7718.3369210734       -9.9592484900        0.7598883343    1.4740440770E-05    1.3354779417E-05    1.3856613530E-06
      7718.4369210734       -9.8592484900        0.7769666121    1.4076298298E-05    1.2718108095E-05    1.3581902026E-06
      7718.5369210734       -9.7592484900        0.7936774527    1.3462884275E-05    1.2133597756E-05    1.3292865189E-06
      7718.6369210734       -9.6592484900        0.8100436294    1.2894896635E-05    1.1595482300E-05    1.2994143351E-06
      7718.7369210734       -9.5592484900        0.8260856597    1.2367724401E-05    1.1098780388E-05    1.2689440127E-06
      7718.8369210734       -9.4592484900        0.8418220435    1.1877341679E-05    1.0639171037E-05    1.2381706411E-06
      7718.9369210734       -9.3592484900        0.8572696437    1.1420220011E-05    1.0212891303E-05    1.2073287079E-06
      7719.0369210734       -9.2592484900        0.8724437390    1.0993255629E-05    9.8166518045E-06    1.1766038245E-06
      7719.1369210734       -9.1592484900        0.8873583607    1.0593708802E-05    9.4475666821E-06    1.1461421198E-06
      7719.2369210734       -9.0592484900        0.9020264387    1.0219153075E-05    9.1030952882E-06    1.1160577867E-06
      7719.3369210734       -8.9592484900        0.9164598109    9.8674326010E-06    8.7809934424E-06    1.0864391586E-06
      7719.4369210734       -8.8592484900        0.9306692831    9.5366261383E-06    8.4792725221E-06    1.0573536162E-06
      7719.5369210734       -8.7592484900        0.9446651558    9.2250165475E-06    8.1961649895E-06    1.0288515580E-06
      7719.6369210734       -8.6592484900        0.9584566200    8.9310648544E-06    7.9300952337E-06    1.0009696207E-06
      7719.7369210734       -8.5592484900        0.9720524034    8.6533881106E-06    7.6796548128E-06    9.7373329779E-07
      7719.8369210734       -8.4592484900        0.9854606861    8.3907404296E-06    7.4435813582E-06    9.4715907135E-07
      7719.9369210734       -8.3592484900        0.9986889138    8.1419966868E-06    7.2207405348E-06    9.2125615201E-07
      7720.0369210734       -8.2592484900        1.0117441488    7.9061384616E-06    7.0101105612E-06    8.9602790041E-07
      7720.1369210734       -8.1592484900        1.0246331595    7.6822418752E-06    6.8107688849E-06    8.7147299030E-07
      7720.2369210734       -8.0592484900        1.0373620906    7.4694670351E-06    6.6218806738E-06    8.4758636123E-07
      7720.3369210734       -7.9592484900        1.0499365615    7.2670488471E-06    6.4426888477E-06    8.2435999939E-07
      7720.4369210734       -7.8592484900        1.0623623074    7.0742889944E-06    6.2725054164E-06    8.0178357796E-07
      7720.5369210734       -7.7592484900        1.0746443882    6.8905489162E-06    6.1107039339E-06    7.7984498230E-07
      7720.6369210734       -7.6592484900        1.0867876258    6.7152436444E-06    5.9567129039E-06    7.5853074050E-07
      7720.7369210734       -7.5592484900        1.0987966719    6.5478363802E-06    5.8100100041E-06    7.3782637619E-07
      7720.8369210734       -7.4592484900        1.1106758793    6.3878337098E-06    5.6701170126E-06    7.1771669725E-07
      7720.9369210734       -7.3592484900        1.1224294177    6.2347813728E-06    5.5365953411E-06    6.9818603165E-07
      7721.0369210734       -7.2592484900        1.1340611477    6.0882605121E-06    5.4090420925E-06    6.7921841960E-07
      7721.1369210734       -7.1592484900        1.1455747332    5.9478843430E-06    5.2870865733E-06    6.6079776966E-07
