# Once                                                             FEFF 10.0.0
# POT  SCF  30  3.0000   0, NO core-hole, AFOLP (folp(0)= 1.150)
# Abs   Z=27 Rmt= 1.316 Rnm= 1.384 K  shell
# Pot 1 Z=41 Rmt= 1.486 Rnm= 1.530
# Pot 2 Z=27 Rmt= 1.316 Rnm= 1.384
# Pot 3 Z=14 Rmt= 1.343 Rnm= 1.406
# Gam_ch=1.436E+00 H-L exch Vi= 0.000E+00 Vr= 0.000E+00
# Mu=-1.216E+01eV kf=2.165E+00 Vint=-2.320E+01eV Rs_int= 1.675
#  -----------------------------------------------------------------------
#   0.94658E+00  0.25460E+01  0.76115E+00 -0.4468440E+00  0.2835627E+03 method to calculate xsect
#   1.4362300E+00    351    301
#       em              xsnorm            xsec  
 -0.421592485E+02  0.71811E+00  0.17910E-02 -0.60171E-03  0.21602E-04
 -0.420592485E+02  0.71811E+00  0.17649E-02 -0.59871E-03  0.21476E-04
 -0.419592485E+02  0.71811E+00  0.17393E-02 -0.59572E-03  0.21352E-04
 -0.418592485E+02  0.71811E+00  0.17142E-02 -0.59275E-03  0.21229E-04
 -0.417592485E+02  0.71811E+00  0.16896E-02 -0.58980E-03  0.21108E-04
 -0.416592485E+02  0.71811E+00  0.16655E-02 -0.58687E-03  0.20988E-04
 -0.415592485E+02  0.71811E+00  0.16419E-02 -0.58395E-03  0.20870E-04
 -0.414592485E+02  0.71811E+00  0.16187E-02 -0.58105E-03  0.20753E-04
 -0.413592485E+02  0.71811E+00  0.15959E-02 -0.57816E-03  0.20637E-04
 -0.412592485E+02  0.71811E+00  0.15736E-02 -0.57529E-03  0.20523E-04
 -0.411592485E+02  0.71811E+00  0.15517E-02 -0.57244E-03  0.20410E-04
 -0.410592485E+02  0.71811E+00  0.15301E-02 -0.56960E-03  0.20299E-04
 -0.409592485E+02  0.71811E+00  0.15089E-02 -0.56677E-03  0.20188E-04
 -0.408592485E+02  0.71811E+00  0.14881E-02 -0.56396E-03  0.20079E-04
 -0.407592485E+02  0.71811E+00  0.14677E-02 -0.56117E-03  0.19972E-04
 -0.406592485E+02  0.71811E+00  0.14476E-02 -0.55839E-03  0.19866E-04
 -0.405592485E+02  0.71811E+00  0.14278E-02 -0.55563E-03  0.19760E-04
 -0.404592485E+02  0.71811E+00  0.14083E-02 -0.55288E-03  0.19657E-04
 -0.403592485E+02  0.71811E+00  0.13892E-02 -0.55015E-03  0.19554E-04
 -0.402592485E+02  0.71811E+00  0.13704E-02 -0.54743E-03  0.19453E-04
 -0.401592485E+02  0.71811E+00  0.13518E-02 -0.54472E-03  0.19353E-04
 -0.400592485E+02  0.71811E+00  0.13336E-02 -0.54203E-03  0.19254E-04
 -0.399592485E+02  0.71811E+00  0.13156E-02 -0.53935E-03  0.19156E-04
 -0.398592485E+02  0.71811E+00  0.12979E-02 -0.53668E-03  0.19059E-04
 -0.397592485E+02  0.71811E+00  0.12805E-02 -0.53403E-03  0.18964E-04
 -0.396592485E+02  0.71811E+00  0.12633E-02 -0.53139E-03  0.18870E-04
 -0.395592485E+02  0.71811E+00  0.12463E-02 -0.52877E-03  0.18776E-04
 -0.394592485E+02  0.71811E+00  0.12296E-02 -0.52615E-03  0.18684E-04
 -0.393592485E+02  0.71811E+00  0.12131E-02 -0.52355E-03  0.18594E-04
 -0.392592485E+02  0.71811E+00  0.11969E-02 -0.52097E-03  0.18504E-04
 -0.391592485E+02  0.71811E+00  0.11809E-02 -0.51839E-03  0.18415E-04
 -0.390592485E+02  0.71811E+00  0.11651E-02 -0.51583E-03  0.18327E-04
 -0.389592485E+02  0.71811E+00  0.11495E-02 -0.51328E-03  0.18241E-04
 -0.388592485E+02  0.71811E+00  0.11341E-02 -0.51074E-03  0.18155E-04
 -0.387592485E+02  0.71811E+00  0.11189E-02 -0.50822E-03  0.18071E-04
 -0.386592485E+02  0.71811E+00  0.11039E-02 -0.50570E-03  0.17987E-04
 -0.385592485E+02  0.71811E+00  0.10891E-02 -0.50320E-03  0.17905E-04
 -0.384592485E+02  0.71811E+00  0.10744E-02 -0.50071E-03  0.17824E-04
 -0.383592485E+02  0.71811E+00  0.10600E-02 -0.49823E-03  0.17743E-04
 -0.382592485E+02  0.71811E+00  0.10457E-02 -0.49576E-03  0.17664E-04
 -0.381592485E+02  0.71811E+00  0.10316E-02 -0.49330E-03  0.17586E-04
 -0.380592485E+02  0.71811E+00  0.10176E-02 -0.49085E-03  0.17508E-04
 -0.379592485E+02  0.71811E+00  0.10039E-02 -0.48841E-03  0.17432E-04
 -0.378592485E+02  0.71811E+00  0.99024E-03 -0.48599E-03  0.17356E-04
 -0.377592485E+02  0.71811E+00  0.97677E-03 -0.48357E-03  0.17282E-04
 -0.376592485E+02  0.71811E+00  0.96345E-03 -0.48117E-03  0.17208E-04
 -0.375592485E+02  0.71811E+00  0.95029E-03 -0.47877E-03  0.17136E-04
 -0.374592485E+02  0.71811E+00  0.93727E-03 -0.47638E-03  0.17064E-04
 -0.373592485E+02  0.71811E+00  0.92439E-03 -0.47401E-03  0.16993E-04
 -0.372592485E+02  0.71811E+00  0.91164E-03 -0.47164E-03  0.16923E-04
 -0.371592485E+02  0.71811E+00  0.89904E-03 -0.46929E-03  0.16854E-04
 -0.370592485E+02  0.71811E+00  0.88656E-03 -0.46694E-03  0.16786E-04
 -0.369592485E+02  0.71811E+00  0.87422E-03 -0.46460E-03  0.16719E-04
 -0.368592485E+02  0.71811E+00  0.86200E-03 -0.46228E-03  0.16653E-04
 -0.367592485E+02  0.71811E+00  0.84991E-03 -0.45996E-03  0.16588E-04
 -0.366592485E+02  0.71811E+00  0.83794E-03 -0.45765E-03  0.16523E-04
 -0.365592485E+02  0.71811E+00  0.82609E-03 -0.45535E-03  0.16460E-04
 -0.364592485E+02  0.71811E+00  0.81436E-03 -0.45306E-03  0.16397E-04
 -0.363592485E+02  0.71811E+00  0.80274E-03 -0.45077E-03  0.16335E-04
 -0.362592485E+02  0.71811E+00  0.79124E-03 -0.44850E-03  0.16274E-04
 -0.361592485E+02  0.71811E+00  0.77985E-03 -0.44623E-03  0.16214E-04
 -0.360592485E+02  0.71811E+00  0.76856E-03 -0.44398E-03  0.16155E-04
 -0.359592485E+02  0.71811E+00  0.75739E-03 -0.44173E-03  0.16096E-04
 -0.358592485E+02  0.71811E+00  0.74632E-03 -0.43949E-03  0.16039E-04
 -0.357592485E+02  0.71811E+00  0.73535E-03 -0.43725E-03  0.15982E-04
 -0.356592485E+02  0.71811E+00  0.72449E-03 -0.43503E-03  0.15926E-04
 -0.355592485E+02  0.71811E+00  0.71373E-03 -0.43281E-03  0.15871E-04
 -0.354592485E+02  0.71811E+00  0.70307E-03 -0.43060E-03  0.15816E-04
 -0.353592485E+02  0.71811E+00  0.69250E-03 -0.42840E-03  0.15763E-04
 -0.352592485E+02  0.71811E+00  0.68203E-03 -0.42620E-03  0.15710E-04
 -0.351592485E+02  0.71811E+00  0.67166E-03 -0.42401E-03  0.15658E-04
 -0.350592485E+02  0.71811E+00  0.66138E-03 -0.42183E-03  0.15607E-04
 -0.349592485E+02  0.71811E+00  0.65119E-03 -0.41966E-03  0.15557E-04
 -0.348592485E+02  0.71811E+00  0.64110E-03 -0.41749E-03  0.15508E-04
 -0.347592485E+02  0.71811E+00  0.63109E-03 -0.41533E-03  0.15459E-04
 -0.346592485E+02  0.71811E+00  0.62118E-03 -0.41318E-03  0.15411E-04
 -0.345592485E+02  0.71811E+00  0.61135E-03 -0.41103E-03  0.15364E-04
 -0.344592485E+02  0.71811E+00  0.60161E-03 -0.40889E-03  0.15318E-04
 -0.343592485E+02  0.71811E+00  0.59195E-03 -0.40676E-03  0.15272E-04
 -0.342592485E+02  0.71811E+00  0.58238E-03 -0.40463E-03  0.15228E-04
 -0.341592485E+02  0.71811E+00  0.57290E-03 -0.40251E-03  0.15184E-04
 -0.340592485E+02  0.71811E+00  0.56350E-03 -0.40040E-03  0.15141E-04
 -0.339592485E+02  0.71811E+00  0.55418E-03 -0.39829E-03  0.15099E-04
 -0.338592485E+02  0.71811E+00  0.54495E-03 -0.39619E-03  0.15057E-04
 -0.337592485E+02  0.71811E+00  0.53579E-03 -0.39409E-03  0.15016E-04
 -0.336592485E+02  0.71811E+00  0.52672E-03 -0.39200E-03  0.14976E-04
 -0.335592485E+02  0.71811E+00  0.51773E-03 -0.38991E-03  0.14937E-04
 -0.334592485E+02  0.71811E+00  0.50881E-03 -0.38783E-03  0.14899E-04
 -0.333592485E+02  0.71811E+00  0.49998E-03 -0.38575E-03  0.14861E-04
 -0.332592485E+02  0.71811E+00  0.49122E-03 -0.38368E-03  0.14824E-04
 -0.331592485E+02  0.71811E+00  0.48255E-03 -0.38162E-03  0.14788E-04
 -0.330592485E+02  0.71811E+00  0.47395E-03 -0.37956E-03  0.14753E-04
 -0.329592485E+02  0.71811E+00  0.46543E-03 -0.37750E-03  0.14719E-04
 -0.328592485E+02  0.71811E+00  0.45698E-03 -0.37545E-03  0.14685E-04
 -0.327592485E+02  0.71811E+00  0.44862E-03 -0.37341E-03  0.14652E-04
 -0.326592485E+02  0.71811E+00  0.44033E-03 -0.37137E-03  0.14620E-04
 -0.325592485E+02  0.71811E+00  0.43211E-03 -0.36933E-03  0.14589E-04
 -0.324592485E+02  0.71811E+00  0.42397E-03 -0.36730E-03  0.14559E-04
 -0.323592485E+02  0.71811E+00  0.41591E-03 -0.36527E-03  0.14529E-04
 -0.322592485E+02  0.71811E+00  0.40792E-03 -0.36325E-03  0.14500E-04
 -0.321592485E+02  0.71811E+00  0.40001E-03 -0.36123E-03  0.14472E-04
 -0.320592485E+02  0.71811E+00  0.39217E-03 -0.35921E-03  0.14445E-04
 -0.319592485E+02  0.71811E+00  0.38441E-03 -0.35720E-03  0.14419E-04
 -0.318592485E+02  0.71811E+00  0.37672E-03 -0.35519E-03  0.14393E-04
 -0.317592485E+02  0.71811E+00  0.36910E-03 -0.35318E-03  0.14369E-04
 -0.316592485E+02  0.71811E+00  0.36156E-03 -0.35118E-03  0.14345E-04
 -0.315592485E+02  0.71811E+00  0.35410E-03 -0.34918E-03  0.14322E-04
 -0.314592485E+02  0.71811E+00  0.34671E-03 -0.34719E-03  0.14300E-04
 -0.313592485E+02  0.71811E+00  0.33939E-03 -0.34519E-03  0.14279E-04
 -0.312592485E+02  0.71811E+00  0.33215E-03 -0.34320E-03  0.14258E-04
 -0.311592485E+02  0.71811E+00  0.32498E-03 -0.34122E-03  0.14239E-04
 -0.310592485E+02  0.71811E+00  0.31788E-03 -0.33923E-03  0.14220E-04
 -0.309592485E+02  0.71811E+00  0.31086E-03 -0.33725E-03  0.14202E-04
 -0.308592485E+02  0.71811E+00  0.30391E-03 -0.33527E-03  0.14186E-04
 -0.307592485E+02  0.71811E+00  0.29704E-03 -0.33330E-03  0.14170E-04
 -0.306592485E+02  0.71811E+00  0.29024E-03 -0.33132E-03  0.14155E-04
 -0.305592485E+02  0.71811E+00  0.28352E-03 -0.32935E-03  0.14141E-04
 -0.304592485E+02  0.71811E+00  0.27687E-03 -0.32738E-03  0.14128E-04
 -0.303592485E+02  0.71811E+00  0.27029E-03 -0.32541E-03  0.14115E-04
 -0.302592485E+02  0.71811E+00  0.26379E-03 -0.32345E-03  0.14104E-04
 -0.301592485E+02  0.71811E+00  0.25736E-03 -0.32148E-03  0.14094E-04
 -0.300592485E+02  0.71811E+00  0.25101E-03 -0.31952E-03  0.14085E-04
 -0.299592485E+02  0.71811E+00  0.24473E-03 -0.31755E-03  0.14077E-04
 -0.298592485E+02  0.71811E+00  0.23853E-03 -0.31559E-03  0.14070E-04
 -0.297592485E+02  0.71811E+00  0.23240E-03 -0.31363E-03  0.14064E-04
 -0.296592485E+02  0.71811E+00  0.22635E-03 -0.31167E-03  0.14059E-04
 -0.295592485E+02  0.71811E+00  0.22037E-03 -0.30971E-03  0.14055E-04
 -0.294592485E+02  0.71811E+00  0.21446E-03 -0.30775E-03  0.14052E-04
 -0.293592485E+02  0.71811E+00  0.20864E-03 -0.30580E-03  0.14051E-04
 -0.292592485E+02  0.71811E+00  0.20288E-03 -0.30384E-03  0.14050E-04
 -0.291592485E+02  0.71811E+00  0.19720E-03 -0.30188E-03  0.14051E-04
 -0.290592485E+02  0.71811E+00  0.19160E-03 -0.29992E-03  0.14053E-04
 -0.289592485E+02  0.71811E+00  0.18608E-03 -0.29797E-03  0.14056E-04
 -0.288592485E+02  0.71811E+00  0.18062E-03 -0.29601E-03  0.14061E-04
 -0.287592485E+02  0.71811E+00  0.17525E-03 -0.29405E-03  0.14066E-04
 -0.286592485E+02  0.71811E+00  0.16995E-03 -0.29209E-03  0.14073E-04
 -0.285592485E+02  0.71811E+00  0.16473E-03 -0.29013E-03  0.14082E-04
 -0.284592485E+02  0.71811E+00  0.15958E-03 -0.28817E-03  0.14092E-04
 -0.283592485E+02  0.71811E+00  0.15451E-03 -0.28620E-03  0.14103E-04
 -0.282592485E+02  0.71811E+00  0.14952E-03 -0.28424E-03  0.14116E-04
 -0.281592485E+02  0.71811E+00  0.14460E-03 -0.28227E-03  0.14130E-04
 -0.280592485E+02  0.71811E+00  0.13976E-03 -0.28030E-03  0.14146E-04
 -0.279592485E+02  0.71811E+00  0.13500E-03 -0.27833E-03  0.14163E-04
 -0.278592485E+02  0.71811E+00  0.13032E-03 -0.27636E-03  0.14183E-04
 -0.277592485E+02  0.71811E+00  0.12571E-03 -0.27438E-03  0.14204E-04
 -0.276592485E+02  0.71811E+00  0.12118E-03 -0.27240E-03  0.14226E-04
 -0.275592485E+02  0.71811E+00  0.11673E-03 -0.27042E-03  0.14251E-04
 -0.274592485E+02  0.71811E+00  0.11236E-03 -0.26844E-03  0.14277E-04
 -0.273592485E+02  0.71811E+00  0.10806E-03 -0.26645E-03  0.14305E-04
 -0.272592485E+02  0.71811E+00  0.10384E-03 -0.26445E-03  0.14336E-04
 -0.271592485E+02  0.71811E+00  0.99704E-04 -0.26246E-03  0.14368E-04
 -0.270592485E+02  0.71811E+00  0.95644E-04 -0.26046E-03  0.14403E-04
 -0.269592485E+02  0.71811E+00  0.91662E-04 -0.25845E-03  0.14440E-04
 -0.268592485E+02  0.71811E+00  0.87760E-04 -0.25644E-03  0.14480E-04
 -0.267592485E+02  0.71811E+00  0.83937E-04 -0.25442E-03  0.14522E-04
 -0.266592485E+02  0.71811E+00  0.80194E-04 -0.25240E-03  0.14566E-04
 -0.265592485E+02  0.71811E+00  0.76531E-04 -0.25037E-03  0.14613E-04
 -0.264592485E+02  0.71811E+00  0.72947E-04 -0.24834E-03  0.14664E-04
 -0.263592485E+02  0.71811E+00  0.69445E-04 -0.24630E-03  0.14717E-04
 -0.262592485E+02  0.71811E+00  0.66022E-04 -0.24425E-03  0.14773E-04
 -0.261592485E+02  0.71811E+00  0.62681E-04 -0.24219E-03  0.14833E-04
 -0.260592485E+02  0.71811E+00  0.59422E-04 -0.24013E-03  0.14896E-04
 -0.259592485E+02  0.71811E+00  0.56244E-04 -0.23805E-03  0.14963E-04
 -0.258592485E+02  0.71811E+00  0.53149E-04 -0.23597E-03  0.15034E-04
 -0.257592485E+02  0.71811E+00  0.50136E-04 -0.23388E-03  0.15110E-04
 -0.256592485E+02  0.71811E+00  0.47207E-04 -0.23178E-03  0.15189E-04
 -0.255592485E+02  0.71811E+00  0.44361E-04 -0.22967E-03  0.15274E-04
 -0.254592485E+02  0.71811E+00  0.41601E-04 -0.22754E-03  0.15363E-04
 -0.253592485E+02  0.71811E+00  0.38926E-04 -0.22541E-03  0.15458E-04
 -0.252592485E+02  0.71811E+00  0.36337E-04 -0.22326E-03  0.15559E-04
 -0.251592485E+02  0.71811E+00  0.33835E-04 -0.22110E-03  0.15666E-04
 -0.250592485E+02  0.71811E+00  0.31422E-04 -0.21893E-03  0.15780E-04
 -0.249592485E+02  0.71811E+00  0.29098E-04 -0.21674E-03  0.15901E-04
 -0.248592485E+02  0.71811E+00  0.26865E-04 -0.21453E-03  0.16030E-04
 -0.247592485E+02  0.71811E+00  0.24725E-04 -0.21231E-03  0.16168E-04
 -0.246592485E+02  0.71811E+00  0.22679E-04 -0.21007E-03  0.16315E-04
 -0.245592485E+02  0.71811E+00  0.20730E-04 -0.20781E-03  0.16473E-04
 -0.244592485E+02  0.71811E+00  0.18881E-04 -0.20554E-03  0.16642E-04
 -0.243592485E+02  0.71811E+00  0.17133E-04 -0.20324E-03  0.16824E-04
 -0.242592485E+02  0.71811E+00  0.15492E-04 -0.20092E-03  0.17020E-04
 -0.241592485E+02  0.71811E+00  0.13960E-04 -0.19858E-03  0.17233E-04
 -0.240592485E+02  0.71811E+00  0.12543E-04 -0.19621E-03  0.17463E-04
 -0.239592485E+02  0.71811E+00  0.11247E-04 -0.19382E-03  0.17713E-04
 -0.238592485E+02  0.71811E+00  0.10078E-04 -0.19140E-03  0.17986E-04
 -0.237592485E+02  0.71811E+00  0.90444E-05 -0.18896E-03  0.18285E-04
 -0.236592485E+02  0.71811E+00  0.81546E-05 -0.18648E-03  0.18614E-04
 -0.235592485E+02  0.71811E+00  0.74181E-05 -0.18398E-03  0.18976E-04
 -0.234592485E+02  0.71811E+00  0.68448E-05 -0.18146E-03  0.19377E-04
 -0.233592485E+02  0.71811E+00  0.64431E-05 -0.17890E-03  0.19820E-04
 -0.232592485E+02  0.71811E+00  0.62193E-05 -0.17633E-03  0.20311E-04
 -0.231592485E+02  0.71811E+00  0.61755E-05 -0.17373E-03  0.20855E-04
 -0.230592485E+02  0.71811E+00  0.63090E-05 -0.17113E-03  0.21454E-04
 -0.229592485E+02  0.71811E+00  0.66123E-05 -0.16851E-03  0.22111E-04
 -0.228592485E+02  0.71811E+00  0.70739E-05 -0.16589E-03  0.22828E-04
 -0.227592485E+02  0.71811E+00  0.76806E-05 -0.16327E-03  0.23604E-04
 -0.226592485E+02  0.71811E+00  0.84182E-05 -0.16066E-03  0.24440E-04
 -0.225592485E+02  0.71811E+00  0.92733E-05 -0.15806E-03  0.25333E-04
 -0.224592485E+02  0.71811E+00  0.10233E-04 -0.15548E-03  0.26282E-04
 -0.223592485E+02  0.71811E+00  0.11288E-04 -0.15292E-03  0.27284E-04
 -0.222592485E+02  0.71811E+00  0.12427E-04 -0.15038E-03  0.28337E-04
 -0.221592485E+02  0.71811E+00  0.13641E-04 -0.14787E-03  0.29438E-04
 -0.220592485E+02  0.71811E+00  0.14925E-04 -0.14538E-03  0.30586E-04
 -0.219592485E+02  0.71811E+00  0.16271E-04 -0.14292E-03  0.31777E-04
 -0.218592485E+02  0.71811E+00  0.17674E-04 -0.14050E-03  0.33009E-04
 -0.217592485E+02  0.71811E+00  0.19128E-04 -0.13810E-03  0.34280E-04
 -0.216592485E+02  0.71811E+00  0.20630E-04 -0.13574E-03  0.35587E-04
 -0.215592485E+02  0.71811E+00  0.22176E-04 -0.13341E-03  0.36930E-04
 -0.214592485E+02  0.71811E+00  0.23761E-04 -0.13112E-03  0.38305E-04
 -0.213592485E+02  0.71811E+00  0.25383E-04 -0.12886E-03  0.39711E-04
 -0.212592485E+02  0.71811E+00  0.27039E-04 -0.12664E-03  0.41146E-04
 -0.211592485E+02  0.71811E+00  0.28727E-04 -0.12445E-03  0.42608E-04
 -0.210592485E+02  0.71811E+00  0.30442E-04 -0.12230E-03  0.44096E-04
 -0.209592485E+02  0.71811E+00  0.32185E-04 -0.12018E-03  0.45608E-04
 -0.208592485E+02  0.71811E+00  0.33952E-04 -0.11810E-03  0.47142E-04
 -0.207592485E+02  0.71811E+00  0.35741E-04 -0.11605E-03  0.48698E-04
 -0.206592485E+02  0.71811E+00  0.37550E-04 -0.11404E-03  0.50273E-04
 -0.205592485E+02  0.71811E+00  0.39379E-04 -0.11207E-03  0.51867E-04
 -0.204592485E+02  0.71811E+00  0.41224E-04 -0.11013E-03  0.53478E-04
 -0.203592485E+02  0.71811E+00  0.43086E-04 -0.10822E-03  0.55105E-04
 -0.202592485E+02  0.71811E+00  0.44961E-04 -0.10636E-03  0.56747E-04
 -0.201592485E+02  0.71811E+00  0.46850E-04 -0.10452E-03  0.58403E-04
 -0.200592485E+02  0.71811E+00  0.48750E-04 -0.10273E-03  0.60071E-04
 -0.199592485E+02  0.71811E+00  0.50661E-04 -0.10096E-03  0.61751E-04
 -0.198592485E+02  0.71811E+00  0.52581E-04 -0.99235E-04  0.63442E-04
 -0.197592485E+02  0.71811E+00  0.54509E-04 -0.97541E-04  0.65143E-04
 -0.196592485E+02  0.71811E+00  0.56444E-04 -0.95881E-04  0.66852E-04
 -0.195592485E+02  0.71811E+00  0.58386E-04 -0.94255E-04  0.68570E-04
 -0.194592485E+02  0.71811E+00  0.60332E-04 -0.92662E-04  0.70295E-04
 -0.193592485E+02  0.71811E+00  0.62283E-04 -0.91102E-04  0.72026E-04
 -0.192592485E+02  0.71811E+00  0.64238E-04 -0.89575E-04  0.73763E-04
 -0.191592485E+02  0.71811E+00  0.66195E-04 -0.88081E-04  0.75505E-04
 -0.190592485E+02  0.71811E+00  0.68154E-04 -0.86618E-04  0.77251E-04
 -0.189592485E+02  0.71811E+00  0.70115E-04 -0.85187E-04  0.79000E-04
 -0.188592485E+02  0.71811E+00  0.72075E-04 -0.83788E-04  0.80753E-04
 -0.187592485E+02  0.71811E+00  0.74036E-04 -0.82420E-04  0.82507E-04
 -0.186592485E+02  0.71811E+00  0.75995E-04 -0.81082E-04  0.84264E-04
 -0.185592485E+02  0.71811E+00  0.77953E-04 -0.79775E-04  0.86021E-04
 -0.184592485E+02  0.71811E+00  0.79909E-04 -0.78498E-04  0.87779E-04
 -0.183592485E+02  0.71811E+00  0.81862E-04 -0.77251E-04  0.89536E-04
 -0.182592485E+02  0.71811E+00  0.83812E-04 -0.76033E-04  0.91294E-04
 -0.181592485E+02  0.71811E+00  0.85758E-04 -0.74843E-04  0.93050E-04
 -0.180592485E+02  0.71811E+00  0.87700E-04 -0.73682E-04  0.94804E-04
 -0.179592485E+02  0.71811E+00  0.89637E-04 -0.72550E-04  0.96556E-04
 -0.178592485E+02  0.71811E+00  0.91569E-04 -0.71445E-04  0.98306E-04
 -0.177592485E+02  0.71811E+00  0.93496E-04 -0.70367E-04  0.10005E-03
 -0.176592485E+02  0.71811E+00  0.95416E-04 -0.69316E-04  0.10180E-03
 -0.175592485E+02  0.71811E+00  0.97330E-04 -0.68292E-04  0.10354E-03
 -0.174592485E+02  0.71811E+00  0.99236E-04 -0.67294E-04  0.10527E-03
 -0.173592485E+02  0.71811E+00  0.10114E-03 -0.66322E-04  0.10700E-03
 -0.172592485E+02  0.71811E+00  0.10303E-03 -0.65376E-04  0.10873E-03
 -0.171592485E+02  0.71811E+00  0.10491E-03 -0.64455E-04  0.11045E-03
 -0.170592485E+02  0.71811E+00  0.10679E-03 -0.63558E-04  0.11217E-03
 -0.169592485E+02  0.71811E+00  0.10866E-03 -0.62686E-04  0.11388E-03
 -0.168592485E+02  0.71811E+00  0.11051E-03 -0.61838E-04  0.11558E-03
 -0.167592485E+02  0.71811E+00  0.11236E-03 -0.61013E-04  0.11728E-03
 -0.166592485E+02  0.71811E+00  0.11420E-03 -0.60212E-04  0.11897E-03
 -0.165592485E+02  0.71811E+00  0.11604E-03 -0.59433E-04  0.12065E-03
 -0.164592485E+02  0.71811E+00  0.11786E-03 -0.58677E-04  0.12233E-03
 -0.163592485E+02  0.71811E+00  0.11967E-03 -0.57943E-04  0.12400E-03
 -0.162592485E+02  0.71811E+00  0.12147E-03 -0.57231E-04  0.12566E-03
 -0.161592485E+02  0.71811E+00  0.12326E-03 -0.56541E-04  0.12731E-03
 -0.160592485E+02  0.71811E+00  0.12504E-03 -0.55871E-04  0.12896E-03
 -0.159592485E+02  0.71811E+00  0.12681E-03 -0.55222E-04  0.13059E-03
 -0.158592485E+02  0.71811E+00  0.12856E-03 -0.54594E-04  0.13222E-03
 -0.157592485E+02  0.71811E+00  0.13031E-03 -0.53986E-04  0.13384E-03
 -0.156592485E+02  0.71811E+00  0.13205E-03 -0.53397E-04  0.13545E-03
 -0.155592485E+02  0.71811E+00  0.13377E-03 -0.52828E-04  0.13706E-03
 -0.154592485E+02  0.71811E+00  0.13548E-03 -0.52278E-04  0.13865E-03
 -0.153592485E+02  0.71811E+00  0.13718E-03 -0.51746E-04  0.14023E-03
 -0.152592485E+02  0.71811E+00  0.13887E-03 -0.51233E-04  0.14181E-03
 -0.151592485E+02  0.71811E+00  0.14055E-03 -0.50738E-04  0.14337E-03
 -0.150592485E+02  0.71811E+00  0.14221E-03 -0.50261E-04  0.14493E-03
 -0.149592485E+02  0.71811E+00  0.14387E-03 -0.49800E-04  0.14647E-03
 -0.148592485E+02  0.71811E+00  0.14551E-03 -0.49358E-04  0.14801E-03
 -0.147592485E+02  0.71811E+00  0.14713E-03 -0.48931E-04  0.14953E-03
 -0.146592485E+02  0.71811E+00  0.14875E-03 -0.48522E-04  0.15104E-03
 -0.145592485E+02  0.71811E+00  0.15035E-03 -0.48128E-04  0.15255E-03
 -0.144592485E+02  0.71811E+00  0.15195E-03 -0.47750E-04  0.15404E-03
 -0.143592485E+02  0.71811E+00  0.15352E-03 -0.47388E-04  0.15553E-03
 -0.142592485E+02  0.71811E+00  0.15509E-03 -0.47041E-04  0.15700E-03
 -0.141592485E+02  0.71811E+00  0.15664E-03 -0.46709E-04  0.15846E-03
 -0.140592485E+02  0.71811E+00  0.15818E-03 -0.46391E-04  0.15991E-03
 -0.139592485E+02  0.71811E+00  0.15971E-03 -0.46088E-04  0.16136E-03
 -0.138592485E+02  0.71811E+00  0.16123E-03 -0.45799E-04  0.16279E-03
 -0.137592485E+02  0.71811E+00  0.16273E-03 -0.45524E-04  0.16421E-03
 -0.136592485E+02  0.71811E+00  0.16422E-03 -0.45263E-04  0.16562E-03
 -0.135592485E+02  0.71811E+00  0.16570E-03 -0.45014E-04  0.16701E-03
 -0.134592485E+02  0.71811E+00  0.16716E-03 -0.44779E-04  0.16840E-03
 -0.133592485E+02  0.71811E+00  0.16861E-03 -0.44556E-04  0.16978E-03
 -0.132592485E+02  0.71811E+00  0.17005E-03 -0.44346E-04  0.17114E-03
 -0.131592485E+02  0.71811E+00  0.17148E-03 -0.44148E-04  0.17250E-03
 -0.130592485E+02  0.71811E+00  0.17289E-03 -0.43962E-04  0.17384E-03
 -0.129592485E+02  0.71811E+00  0.17429E-03 -0.43788E-04  0.17517E-03
 -0.128592485E+02  0.71811E+00  0.17568E-03 -0.43625E-04  0.17650E-03
 -0.127592485E+02  0.71811E+00  0.17706E-03 -0.43473E-04  0.17781E-03
 -0.126592485E+02  0.71811E+00  0.17842E-03 -0.43332E-04  0.17911E-03
 -0.125592485E+02  0.71811E+00  0.17977E-03 -0.43202E-04  0.18039E-03
 -0.124592485E+02  0.71811E+00  0.18111E-03 -0.43083E-04  0.18167E-03
 -0.123592485E+02  0.71811E+00  0.18243E-03 -0.42974E-04  0.18294E-03
 -0.122592485E+02  0.71811E+00  0.18375E-03 -0.42874E-04  0.18419E-03
 -0.121592485E+02  0.71811E+00  0.18505E-03 -0.42785E-04  0.18544E-03
 -0.120592485E+02  0.71811E+00  0.18633E-03 -0.42705E-04  0.18667E-03
 -0.119592485E+02  0.71811E+00  0.18761E-03 -0.42635E-04  0.18790E-03
 -0.118592485E+02  0.71811E+00  0.18887E-03 -0.42574E-04  0.18911E-03
 -0.117592485E+02  0.71811E+00  0.19012E-03 -0.42522E-04  0.19031E-03
 -0.116592485E+02  0.71811E+00  0.19136E-03 -0.42478E-04  0.19150E-03
 -0.115592485E+02  0.71811E+00  0.19259E-03 -0.42443E-04  0.19268E-03
 -0.114592485E+02  0.71811E+00  0.19380E-03 -0.42416E-04  0.19385E-03
 -0.113592485E+02  0.71811E+00  0.19500E-03 -0.42398E-04  0.19500E-03
 -0.112592485E+02  0.71811E+00  0.19619E-03 -0.42388E-04  0.19615E-03
 -0.111592485E+02  0.71811E+00  0.19737E-03 -0.42385E-04  0.19729E-03
 -0.110592485E+02  0.71811E+00  0.19854E-03 -0.42390E-04  0.19841E-03
 -0.109592485E+02  0.71811E+00  0.19969E-03 -0.42402E-04  0.19953E-03
 -0.108592485E+02  0.71811E+00  0.20084E-03 -0.42421E-04  0.20063E-03
 -0.107592485E+02  0.71811E+00  0.20197E-03 -0.42448E-04  0.20173E-03
 -0.106592485E+02  0.71811E+00  0.20309E-03 -0.42481E-04  0.20281E-03
 -0.105592485E+02  0.71811E+00  0.20419E-03 -0.42521E-04  0.20388E-03
 -0.104592485E+02  0.71811E+00  0.20529E-03 -0.42568E-04  0.20495E-03
 -0.103592485E+02  0.71811E+00  0.20638E-03 -0.42621E-04  0.20600E-03
 -0.102592485E+02  0.71811E+00  0.20745E-03 -0.42680E-04  0.20704E-03
 -0.101592485E+02  0.71811E+00  0.20851E-03 -0.42745E-04  0.20807E-03
 -0.100592485E+02  0.71811E+00  0.20956E-03 -0.42816E-04  0.20909E-03
 -0.995924849E+01  0.71811E+00  0.21060E-03 -0.42892E-04  0.21011E-03
 -0.985924849E+01  0.71811E+00  0.21163E-03 -0.42975E-04  0.21111E-03
 -0.975924849E+01  0.71811E+00  0.21265E-03 -0.43062E-04  0.21210E-03
 -0.965924849E+01  0.71811E+00  0.21366E-03 -0.43155E-04  0.21308E-03
 -0.955924849E+01  0.71811E+00  0.21465E-03 -0.43253E-04  0.21405E-03
 -0.945924849E+01  0.71811E+00  0.21564E-03 -0.43356E-04  0.21501E-03
 -0.935924849E+01  0.71811E+00  0.21662E-03 -0.43464E-04  0.21597E-03
 -0.925924849E+01  0.71811E+00  0.21758E-03 -0.43577E-04  0.21691E-03
 -0.915924849E+01  0.71811E+00  0.21853E-03 -0.43694E-04  0.21784E-03
 -0.905924849E+01  0.71811E+00  0.21948E-03 -0.43815E-04  0.21876E-03
 -0.895924849E+01  0.71811E+00  0.22041E-03 -0.43941E-04  0.21968E-03
 -0.885924849E+01  0.71811E+00  0.22133E-03 -0.44071E-04  0.22058E-03
 -0.875924849E+01  0.71811E+00  0.22225E-03 -0.44205E-04  0.22148E-03
 -0.865924849E+01  0.71811E+00  0.22315E-03 -0.44343E-04  0.22236E-03
 -0.855924849E+01  0.71811E+00  0.22404E-03 -0.44485E-04  0.22324E-03
 -0.845924849E+01  0.71811E+00  0.22493E-03 -0.44630E-04  0.22411E-03
 -0.835924849E+01  0.71811E+00  0.22580E-03 -0.44780E-04  0.22496E-03
 -0.825924849E+01  0.71811E+00  0.22666E-03 -0.44932E-04  0.22581E-03
 -0.815924849E+01  0.71811E+00  0.22752E-03 -0.45088E-04  0.22665E-03
 -0.805924849E+01  0.71811E+00  0.22836E-03 -0.45247E-04  0.22748E-03
 -0.795924849E+01  0.71811E+00  0.22919E-03 -0.45409E-04  0.22831E-03
 -0.785924849E+01  0.71811E+00  0.23002E-03 -0.45575E-04  0.22912E-03
 -0.775924849E+01  0.71811E+00  0.23084E-03 -0.45743E-04  0.22992E-03
 -0.765924849E+01  0.71811E+00  0.23164E-03 -0.45914E-04  0.23072E-03
 -0.755924849E+01  0.71811E+00  0.23244E-03 -0.46087E-04  0.23151E-03
 -0.745924849E+01  0.71811E+00  0.23323E-03 -0.46264E-04  0.23229E-03
 -0.735924849E+01  0.71811E+00  0.23401E-03 -0.46443E-04  0.23306E-03
 -0.725924849E+01  0.71811E+00  0.23478E-03 -0.46624E-04  0.23382E-03
 -0.715924849E+01  0.71811E+00  0.23554E-03 -0.46808E-04  0.23457E-03
 -0.121592485E+02  0.50000E-02  0.18449E-03 -0.33688E-04  0.18513E-03
 -0.121592485E+02  0.10000E-01  0.18449E-03 -0.33754E-04  0.18513E-03
 -0.121592485E+02  0.10557E-01  0.18449E-03 -0.33761E-04  0.18513E-03
 -0.121592485E+02  0.15749E-01  0.18449E-03 -0.33829E-04  0.18513E-03
 -0.121592485E+02  0.23494E-01  0.18449E-03 -0.33930E-04  0.18513E-03
 -0.121592485E+02  0.35050E-01  0.18449E-03 -0.34081E-04  0.18513E-03
 -0.121592485E+02  0.52288E-01  0.18449E-03 -0.34307E-04  0.18513E-03
 -0.121592485E+02  0.78004E-01  0.18449E-03 -0.34642E-04  0.18514E-03
 -0.121592485E+02  0.11637E+00  0.18450E-03 -0.35141E-04  0.18514E-03
 -0.121592485E+02  0.17360E+00  0.18452E-03 -0.35883E-04  0.18515E-03
 -0.121592485E+02  0.25898E+00  0.18456E-03 -0.36984E-04  0.18517E-03
 -0.121592485E+02  0.38636E+00  0.18465E-03 -0.38613E-04  0.18522E-03
 -0.121592485E+02  0.57638E+00  0.18485E-03 -0.41016E-04  0.18533E-03
 -0.121592485E+02  0.85985E+00  0.18529E-03 -0.44535E-04  0.18557E-03
 -0.121592485E+02  0.12828E+01  0.18627E-03 -0.49643E-04  0.18608E-03
 -0.121592485E+02  0.19136E+01  0.18844E-03 -0.56941E-04  0.18716E-03
 -0.121592485E+02  0.28548E+01  0.19322E-03 -0.67122E-04  0.18939E-03
 -0.121592485E+02  0.42589E+01  0.20364E-03 -0.80781E-04  0.19382E-03
 -0.121592485E+02  0.63535E+01  0.22576E-03 -0.97990E-04  0.20214E-03
 -0.121592485E+02  0.94783E+01  0.27008E-03 -0.11754E-03  0.21665E-03
 -0.121592485E+02  0.14140E+02  0.34656E-03 -0.13600E-03  0.23959E-03
