# # Once                                                         FEFF 10.0.0 
# # POT  SCF  30  3.0000   0, NO core-hole, AFOLP (folp(0)= 1.150)
# # Abs   Z= 5 Rmt= 1.059 Rnm= 1.107 K  shell
# # Pot 1 Z=26 Rmt= 1.273 Rnm= 1.316
# # Pot 2 Z= 5 Rmt= 1.059 Rnm= 1.107
# # Gam_ch=6.473E-02 H-L exch Vi= 0.000E+00 Vr= 0.000E+00
# # Mu=-1.568E+01eV kf=2.342E+00 Vint=-2.926E+01eV Rs_int= 1.548
# FMS rfms= 4.0000
# # PATH  Rmax= 0.100,  Keep_limit= 0.00, Heap_limit 0.00  Pwcrit= 2.50%
#  S02=1.000  Temp=   0.00  Debye_temp=   0.00  Global_sig2= 0.00000
#  Energy zero shift, vr, vi    0.00000E+00   0.00000E+00
#  Curved wave amplitude ratio filter   4.000%
#     file         sig2 tot  cw amp ratio   deg  nlegs   reff  inp sig2
#     0/   0 paths used
#  xsedge+ 50, used to normalize mu           1.0000E+00
#  -----------------------------------------------------------------------
#  omega    e    k    mu    mu0     chi     @#
       169.4419280586      -45.6811073000       -2.8060734827    5.6209518275E-06    5.4946042684E-06    1.2634755914E-07
       169.5419280586      -45.5811073000       -2.8013927219    4.0475527361E-06    3.9417493057E-06    1.0580343040E-07
       169.6419280586      -45.4811073000       -2.7967044314    3.6513717939E-06    3.5498652074E-06    1.0150658647E-07
       169.7419280586      -45.3811073000       -2.7920079635    3.5042404534E-06    3.4033847598E-06    1.0085569363E-07
       169.8419280586      -45.2811073000       -2.7873035823    3.4348421690E-06    3.3334713639E-06    1.0137080514E-07
       169.9419280586      -45.1811073000       -2.7825912477    3.3987144649E-06    3.2963319400E-06    1.0238252494E-07
       170.0419280586      -45.0811073000       -2.7778710724    3.3804185362E-06    3.2768563751E-06    1.0356216108E-07
       170.1419280586      -44.9811073000       -2.7731428629    3.3830132861E-06    3.2780892132E-06    1.0492407293E-07
       170.2419280586      -44.8811073000       -2.7684065780    3.3815137621E-06    3.2750258250E-06    1.0648793718E-07
       170.3419280586      -44.7811073000       -2.7636620222    3.3839374472E-06    3.2758110403E-06    1.0812640693E-07
       170.4419280586      -44.6811073000       -2.7589093071    3.3897424512E-06    3.2798922421E-06    1.0985020912E-07
       170.5419280586      -44.5811073000       -2.7541485450    3.3986776679E-06    3.2871311824E-06    1.1154648543E-07
       170.6419280586      -44.4811073000       -2.7493792296    3.4203244448E-06    3.3070304833E-06    1.1329396147E-07
       170.7419280586      -44.3811073000       -2.7446019368    3.4324026192E-06    3.3171166407E-06    1.1528597855E-07
       170.8419280586      -44.2811073000       -2.7398161586    3.4344852072E-06    3.3172631209E-06    1.1722208634E-07
       170.9419280586      -44.1811073000       -2.7350221619    3.4492172428E-06    3.3300924234E-06    1.1912481938E-07
       171.0419280586      -44.0811073000       -2.7302195915    3.4766578399E-06    3.3554949296E-06    1.2116291030E-07
       171.1419280586      -43.9811073000       -2.7254087145    3.4945305269E-06    3.3713143506E-06    1.2321617632E-07
       171.2419280586      -43.8811073000       -2.7205891738    3.5125508536E-06    3.3872999417E-06    1.2525091189E-07
       171.3419280586      -43.7811073000       -2.7157610802    3.5313228496E-06    3.4038889494E-06    1.2743390025E-07
       171.4419280586      -43.6811073000       -2.7109245448    3.5503083366E-06    3.4205867068E-06    1.2972162980E-07
       171.5419280586      -43.5811073000       -2.7060793652    3.5594440296E-06    3.4274395313E-06    1.3200449828E-07
       171.6419280586      -43.4811073000       -2.7012253372    3.5807058927E-06    3.4464036818E-06    1.3430221093E-07
       171.7419280586      -43.3811073000       -2.6963627289    3.6135890694E-06    3.4769169197E-06    1.3667214963E-07
       171.8419280586      -43.2811073000       -2.6914911773    3.6258428780E-06    3.4867750951E-06    1.3906778291E-07
       171.9419280586      -43.1811073000       -2.6866107923    3.6488636749E-06    3.5073515693E-06    1.4151210561E-07
       172.0419280586      -43.0811073000       -2.6817216844    3.6726713781E-06    3.5286530443E-06    1.4401833375E-07
       172.1419280586      -42.9811073000       -2.6768236467    3.6873567378E-06    3.5406887115E-06    1.4666802625E-07
       172.2419280586      -42.8811073000       -2.6719164709    3.7239982332E-06    3.5747251406E-06    1.4927309254E-07
       172.3419280586      -42.7811073000       -2.6670003458    3.7499925996E-06    3.5980504894E-06    1.5194211021E-07
       172.4419280586      -42.6811073000       -2.6620749822    3.7547880293E-06    3.6000602266E-06    1.5472780267E-07
       172.5419280586      -42.5811073000       -2.6571408892    3.7822659058E-06    3.6247654946E-06    1.5750041127E-07
       172.6419280586      -42.4811073000       -2.6521972158    3.8218454693E-06    3.6615604457E-06    1.6028502369E-07
       172.7419280586      -42.3811073000       -2.6472443905    3.8403457401E-06    3.6770431711E-06    1.6330256897E-07
       172.8419280586      -42.2811073000       -2.6422825231    3.8588312321E-06    3.6924915867E-06    1.6633964537E-07
       172.9419280586      -42.1811073000       -2.6373109976    3.8887158768E-06    3.7193576179E-06    1.6935825889E-07
       173.0419280586      -42.0811073000       -2.6323304061    3.9095252096E-06    3.7369939530E-06    1.7253125659E-07
       173.1419280586      -41.9811073000       -2.6273402110    3.9419531232E-06    3.7662008816E-06    1.7575224163E-07
       173.2419280586      -41.8811073000       -2.6223404386    3.9750359139E-06    3.7960992147E-06    1.7893669912E-07
       173.3419280586      -41.7811073000       -2.6173310341    3.9977336804E-06    3.8154350550E-06    1.8229862544E-07
       173.4419280586      -41.6811073000       -2.6123121864    4.0213200363E-06    3.8355824529E-06    1.8573758346E-07
       173.5419280586      -41.5811073000       -2.6072836779    4.0569137672E-06    3.8676537873E-06    1.8925997985E-07
       173.6419280586      -41.4811073000       -2.6022454524    4.0927050783E-06    3.8998546637E-06    1.9285041463E-07
       173.7419280586      -41.3811073000       -2.5971975353    4.1071052540E-06    3.9107842033E-06    1.9632105066E-07
       173.8419280586      -41.2811073000       -2.5921397059    4.1334555686E-06    3.9333907542E-06    2.0006481444E-07
       173.9419280586      -41.1811073000       -2.5870719882    4.1728862454E-06    3.9688889827E-06    2.0399726263E-07
       174.0419280586      -41.0811073000       -2.5819943241    4.2132351525E-06    4.0052947249E-06    2.0794042760E-07
       174.1419280586      -40.9811073000       -2.5769064895    4.2423802430E-06    4.0304927480E-06    2.1188749507E-07
       174.2419280586      -40.8811073000       -2.5718088379    4.2619039991E-06    4.0457558648E-06    2.1614813433E-07
       174.3419280586      -40.7811073000       -2.5667009792    4.3036092721E-06    4.0833166120E-06    2.2029266004E-07
       174.4419280586      -40.6811073000       -2.5615830183    4.3361932090E-06    4.1116786509E-06    2.2451455818E-07
       174.5419280586      -40.5811073000       -2.5564546449    4.3692749503E-06    4.1404610558E-06    2.2881389450E-07
       174.6419280586      -40.4811073000       -2.5513159630    4.4034605524E-06    4.1700768222E-06    2.3338373017E-07
       174.7419280586      -40.3811073000       -2.5461671610    4.4386726901E-06    4.2005987685E-06    2.3807392165E-07
       174.8419280586      -40.2811073000       -2.5410077586    4.4742495479E-06    4.2315287968E-06    2.4272075113E-07
       174.9419280586      -40.1811073000       -2.5358376910    4.5009026260E-06    4.2534686078E-06    2.4743401817E-07
       175.0419280586      -40.0811073000       -2.5306573135    4.5503607921E-06    4.2979035423E-06    2.5245724985E-07
       175.1419280586      -39.9811073000       -2.5254661412    4.5902631495E-06    4.3326575679E-06    2.5760558157E-07
       175.2419280586      -39.8811073000       -2.5202643607    4.6199128267E-06    4.3571222291E-06    2.6279059763E-07
       175.3419280586      -39.7811073000       -2.5150517369    4.6614037125E-06    4.3932175839E-06    2.6818612859E-07
       175.4419280586      -39.6811073000       -2.5098283720    4.7038528594E-06    4.4304709350E-06    2.7338192442E-07
       175.5419280586      -39.5811073000       -2.5045941987    4.7372503343E-06    4.4582045803E-06    2.7904575402E-07
       175.6419280586      -39.4811073000       -2.4993488936    4.7827056978E-06    4.4977818262E-06    2.8492387158E-07
       175.7419280586      -39.3811073000       -2.4940928131    4.8292764199E-06    4.5383882159E-06    2.9088820403E-07
       175.8419280586      -39.2811073000       -2.4888252905    4.8655640635E-06    4.5689079883E-06    2.9665607519E-07
       175.9419280586      -39.1811073000       -2.4835469384    4.9035084312E-06    4.6005584970E-06    3.0294993423E-07
       176.0419280586      -39.0811073000       -2.4782570866    4.9535429105E-06    4.6441393957E-06    3.0940351480E-07
       176.1419280586      -38.9811073000       -2.4729559193    4.9942538059E-06    4.6784421268E-06    3.1581167906E-07
       176.2419280586      -38.8811073000       -2.4676435363    5.0364682424E-06    4.7140917993E-06    3.2237644301E-07
       176.3419280586      -38.7811073000       -2.4623194326    5.0909062125E-06    4.7617966328E-06    3.2910957968E-07
       176.4419280586      -38.6811073000       -2.4569840519    5.1364916950E-06    4.8001989768E-06    3.3629271815E-07
       176.5419280586      -38.5811073000       -2.4516369733    5.1829688076E-06    4.8393220874E-06    3.4364672029E-07
       176.6419280586      -38.4811073000       -2.4462782070    5.2307637025E-06    4.8797798655E-06    3.5098383703E-07
       176.7419280586      -38.3811073000       -2.4409076762    5.2805358594E-06    4.9217785728E-06    3.5875728665E-07
       176.8419280586      -38.2811073000       -2.4355253029    5.3318655141E-06    4.9653753382E-06    3.6649017588E-07
       176.9419280586      -38.1811073000       -2.4301309209    5.3852175860E-06    5.0105858551E-06    3.7463173098E-07
       177.0419280586      -38.0811073000       -2.4247248012    5.4403974649E-06    5.0573896419E-06    3.8300782301E-07
       177.1419280586      -37.9811073000       -2.4193062492    5.4968755596E-06    5.1057185259E-06    3.9115703364E-07
       177.2419280586      -37.8811073000       -2.4138756222    5.5549792462E-06    5.1549048482E-06    4.0007439795E-07
       177.3419280586      -37.7811073000       -2.4084330151    5.6035771814E-06    5.1944943883E-06    4.0908279304E-07
       177.4419280586      -37.6811073000       -2.4029778151    5.6535403407E-06    5.2354398008E-06    4.1810053991E-07
       177.5419280586      -37.5811073000       -2.3975102026    5.7179062414E-06    5.2900391655E-06    4.2786707593E-07
       177.6419280586      -37.4811073000       -2.3920302705    5.7836205011E-06    5.3458768564E-06    4.3774364472E-07
       177.7419280586      -37.3811073000       -2.3865376662    5.8403970515E-06    5.3928070608E-06    4.4758999076E-07
       177.8419280586      -37.2811073000       -2.3810323916    5.9001468915E-06    5.4420340266E-06    4.5811286498E-07
       177.9419280586      -37.1811073000       -2.3755143584    5.9721317580E-06    5.5030124606E-06    4.6911929747E-07
       178.0419280586      -37.0811073000       -2.3699834777    6.0350172138E-06    5.5549617227E-06    4.8005549101E-07
       178.1419280586      -36.9811073000       -2.3644394792    6.0893584101E-06    5.5975645936E-06    4.9179381650E-07
       178.2419280586      -36.8811073000       -2.3588827215    6.1575205734E-06    5.6541056412E-06    5.0341493216E-07
       178.3419280586      -36.7811073000       -2.3533128430    6.2392117246E-06    5.7239834975E-06    5.1522822707E-07
       178.4419280586      -36.6811073000       -2.3477296596    6.3125585621E-06    5.7844229496E-06    5.2813561247E-07
       178.5419280586      -36.5811073000       -2.3421329852    6.3757840049E-06    5.8354027687E-06    5.4038123618E-07
       178.6419280586      -36.4811073000       -2.3365232696    6.4424163525E-06    5.8889917940E-06    5.5342455850E-07
       178.7419280586      -36.3811073000       -2.3308997793    6.5237657421E-06    5.9560500537E-06    5.6771568836E-07
       178.8419280586      -36.2811073000       -2.3252627805    6.6073775933E-06    6.0252876487E-06    5.8208994462E-07
       178.9419280586      -36.1811073000       -2.3196119913    6.6813972661E-06    6.0859386581E-06    5.9545860796E-07
       179.0419280586      -36.0811073000       -2.3139474946    6.7602998029E-06    6.1487462112E-06    6.1155359173E-07
       179.1419280586      -35.9811073000       -2.3082690972    6.8425208599E-06    6.2144619791E-06    6.2805888089E-07
       179.2419280586      -35.8811073000       -2.3025766039    6.9260929457E-06    6.2832199689E-06    6.4287297681E-07
       179.3419280586      -35.7811073000       -2.2968702805    7.0143921283E-06    6.3544784635E-06    6.5991366480E-07
       179.4419280586      -35.6811073000       -2.2911494664    7.1062140296E-06    6.4288153884E-06    6.7739864119E-07
       179.5419280586      -35.5811073000       -2.2854144252    7.2007538046E-06    6.5062523681E-06    6.9450143649E-07
       179.6419280586      -35.4811073000       -2.2796650495    7.2891408702E-06    6.5754525026E-06    7.1368836760E-07
       179.7419280586      -35.3811073000       -2.2739009498    7.3903317475E-06    6.6578753836E-06    7.3245636392E-07
       179.8419280586      -35.2811073000       -2.2681222954    7.4868737870E-06    6.7333691276E-06    7.5350465938E-07
       179.9419280586      -35.1811073000       -2.2623289748    7.5852777097E-06    6.8110464378E-06    7.7423127191E-07
       180.0419280586      -35.0811073000       -2.2565204976    7.6878946480E-06    6.8927303923E-06    7.9516425576E-07
       180.1419280586      -34.9811073000       -2.2506972195    7.7945045479E-06    6.9779973127E-06    8.1650723512E-07
       180.2419280586      -34.8811073000       -2.2448588355    7.9066187613E-06    7.0668890703E-06    8.3972969096E-07
       180.3419280586      -34.7811073000       -2.2390053225    8.0152256823E-06    7.1487439141E-06    8.6648176821E-07
       180.4419280586      -34.6811073000       -2.2331362757    8.1363242324E-06    7.2450137198E-06    8.9131051261E-07
       180.5419280586      -34.5811073000       -2.2272519546    8.2523246917E-06    7.3344614340E-06    9.1786325767E-07
       180.6419280586      -34.4811073000       -2.2213517586    8.3735737901E-06    7.4284844992E-06    9.4508929089E-07
       180.7419280586      -34.3811073000       -2.2154361373    8.4992023876E-06    7.5264877107E-06    9.7271467685E-07
       180.8419280586      -34.2811073000       -2.2095044852    8.6312870167E-06    7.6281251013E-06    1.0031619154E-06
       180.9419280586      -34.1811073000       -2.2035570592    8.7604603367E-06    7.7251385074E-06    1.0353218293E-06
       181.0419280586      -34.0811073000       -2.1975933439    8.9045161352E-06    7.8367101816E-06    1.0678059536E-06
       181.1419280586      -33.9811073000       -2.1916134975    9.0393340806E-06    7.9426583271E-06    1.0966757534E-06
       181.2419280586      -33.8811073000       -2.1856171930    9.1856934710E-06    8.0537968231E-06    1.1318966479E-06
       181.3419280586      -33.7811073000       -2.1796046850    9.3396569169E-06    8.1695927392E-06    1.1700641777E-06
       181.4419280586      -33.6811073000       -2.1735752517    9.4897529303E-06    8.2797073704E-06    1.2100455599E-06
       181.5419280586      -33.5811073000       -2.1675291445    9.6334012693E-06    8.3786948489E-06    1.2547064203E-06
       181.6419280586      -33.4811073000       -2.1614661250    9.8627103368E-06    8.5718900967E-06    1.2908202401E-06
       181.7419280586      -33.3811073000       -2.1553860506    1.0083697066E-05    8.7444444998E-06    1.3392525658E-06
       181.8419280586      -33.2811073000       -2.1492887764    1.0159975660E-05    8.7690620741E-06    1.3909135860E-06
       181.9419280586      -33.1811073000       -2.1431739571    1.0336903140E-05    8.9054567440E-06    1.4314463956E-06
       182.0419280586      -33.0811073000       -2.1370418405    1.0544949158E-05    9.0556555739E-06    1.4892935836E-06
       182.1419280586      -32.9811073000       -2.1308920774    1.0750259353E-05    9.2141831331E-06    1.5360762203E-06
       182.2419280586      -32.8811073000       -2.1247246148    1.0976096466E-05    9.3745962095E-06    1.6015002562E-06
       182.3419280586      -32.7811073000       -2.1185389966    1.1112840975E-05    9.4371611873E-06    1.6756797875E-06
       182.4419280586      -32.6811073000       -2.1123354666    1.1350499652E-05    9.6169760242E-06    1.7335236274E-06
       182.5419280586      -32.5811073000       -2.1061134621    1.1634412184E-05    9.8141058339E-06    1.8203063503E-06
       182.6419280586      -32.4811073000       -2.0998731230    1.1901971682E-05    1.0021484576E-05    1.8804871059E-06
       182.7419280586      -32.3811073000       -2.0936141837    1.2171951164E-05    1.0231225485E-05    1.9407256792E-06
       182.8419280586      -32.2811073000       -2.0873364768    1.2392051188E-05    1.0337722221E-05    2.0543289668E-06
       182.9419280586      -32.1811073000       -2.0810399349    1.2587969946E-05    1.0456245516E-05    2.1317244292E-06
       183.0419280586      -32.0811073000       -2.0747241812    1.2963549332E-05    1.0701635029E-05    2.2619143029E-06
       183.1419280586      -31.9811073000       -2.0683890398    1.3316652959E-05    1.0961133543E-05    2.3555194167E-06
       183.2419280586      -31.8811073000       -2.0620345383    1.3574885116E-05    1.1121658026E-05    2.4532270900E-06
       183.3419280586      -31.7811073000       -2.0556603938    1.3930542545E-05    1.1296121200E-05    2.6344213451E-06
       183.4419280586      -31.6811073000       -2.0492663191    1.4344811361E-05    1.1594630577E-05    2.7501807842E-06
       183.5419280586      -31.5811073000       -2.0428523353    1.4672472457E-05    1.1803758729E-05    2.8687137282E-06
       183.6419280586      -31.4811073000       -2.0364182544    1.5045523021E-05    1.2031646973E-05    3.0138760479E-06
       183.7419280586      -31.3811073000       -2.0299635708    1.5756378121E-05    1.2384351280E-05    3.3720268410E-06
       183.8419280586      -31.2811073000       -2.0234882976    1.6293876457E-05    1.2643797308E-05    3.6500791487E-06
       183.9419280586      -31.1811073000       -2.0169923421    1.7960801814E-05    1.2810942595E-05    5.1498592185E-06
       184.0419280586      -31.0811073000       -2.0104753979    1.8552266629E-05    1.3110283658E-05    5.4419829705E-06
       184.1419280586      -30.9811073000       -2.0039373664    1.7906079755E-05    1.3443795328E-05    4.4622844271E-06
       184.2419280586      -30.8811073000       -1.9973778275    1.8537928140E-05    1.3807133227E-05    4.7307949134E-06
       184.3419280586      -30.7811073000       -1.9907966756    1.9306053728E-05    1.4194179313E-05    5.1118744154E-06
       184.4419280586      -30.6811073000       -1.9841936954    2.0117992193E-05    1.4499668382E-05    5.6183238116E-06
       184.5419280586      -30.5811073000       -1.9775686684    2.1056475319E-05    1.4836304784E-05    6.2201705354E-06
       184.6419280586      -30.4811073000       -1.9709213723    2.2181303560E-05    1.5215215464E-05    6.9660880960E-06
       184.7419280586      -30.3811073000       -1.9642514726    2.3616612615E-05    1.5643064426E-05    7.9735481890E-06
       184.8419280586      -30.2811073000       -1.9575590644    2.5426788834E-05    1.6125053904E-05    9.3017349291E-06
       184.9419280586      -30.1811073000       -1.9508434797    2.7825523866E-05    1.6662865153E-05    1.1162658713E-05
       185.0419280586      -30.0811073000       -1.9441048068    3.1047820744E-05    1.7157694825E-05    1.3890125919E-05
       185.1419280586      -29.9811073000       -1.9373425850    3.5717909195E-05    1.7728894434E-05    1.7989014760E-05
       185.2419280586      -29.8811073000       -1.9305568976    4.4077696987E-05    1.8394273320E-05    2.5683423667E-05
       185.3419280586      -29.7811073000       -1.9237471643    6.1639515170E-05    1.9070656772E-05    4.2568858397E-05
       185.4419280586      -29.6811073000       -1.9169132400    1.2794215844E-04    1.9893266764E-05    1.0804889168E-04
       185.5419280586      -29.5811073000       -1.9100548649    6.6682235467E-04    2.0812684845E-05    6.4600966982E-04
       185.6419280586      -29.4811073000       -1.9031716630    1.3373471998E-03    2.1922091882E-05    1.3154251080E-03
       185.7419280586      -29.3811073000       -1.8962635883    2.4037610666E-04    2.3337813712E-05    2.1703829295E-04
       185.8419280586      -29.2811073000       -1.8893303116    1.3664885334E-04    2.5580402015E-05    1.1106845133E-04
       185.9419280586      -29.1811073000       -1.8823713850    2.6661982715E-04    3.2155499773E-05    2.3446432737E-04
       186.0419280586      -29.0811073000       -1.8753866931    3.3023670459E-04    4.4880446914E-05    2.8535625767E-04
       186.1419280586      -28.9811073000       -1.8683758899    3.6321694539E-04    6.2238501778E-05    3.0097844361E-04
       186.2419280586      -28.8811073000       -1.8613385661    4.4079129988E-04    8.3479519187E-05    3.5731178069E-04
       186.3419280586      -28.7811073000       -1.8542747067    5.1200209066E-04    1.0834724826E-04    4.0365484241E-04
       186.4419280586      -28.6811073000       -1.8471837768    5.8321858338E-04    1.3650436889E-04    4.4671421449E-04
       186.5419280586      -28.5811073000       -1.8400654635    6.7471850097E-04    1.6781531304E-04    5.0690318793E-04
       186.6419280586      -28.4811073000       -1.8329196219    8.2855623762E-04    2.0217002375E-04    6.2638621386E-04
       186.7419280586      -28.3811073000       -1.8257456956    1.0654302302E-03    2.3951786991E-04    8.2591236029E-04
       186.8419280586      -28.2811073000       -1.8185434692    1.3334561718E-03    2.7980734204E-04    1.0536488297E-03
       186.9419280586      -28.1811073000       -1.8113126640    1.4963782600E-03    3.2302078230E-04    1.1733574777E-03
       187.0419280586      -28.0811073000       -1.8040528774    1.4842730470E-03    3.6924178830E-04    1.1150312587E-03
       187.1419280586      -27.9811073000       -1.7967637579    1.3696676456E-03    4.1825878098E-04    9.5140886461E-04
       187.2419280586      -27.8811073000       -1.7894449472    1.2429764310E-03    4.7027811135E-04    7.7269831964E-04
       187.3419280586      -27.7811073000       -1.7820960198    1.1426933014E-03    5.2519321898E-04    6.1750008239E-04
       187.4419280586      -27.6811073000       -1.7747167214    1.0745370606E-03    5.8290676347E-04    4.9163029710E-04
       187.5419280586      -27.5811073000       -1.7673066114    1.0344601896E-03    6.4364979991E-04    3.9081038966E-04
       187.6419280586      -27.4811073000       -1.7598653006    1.0167308212E-03    7.0733393376E-04    3.0939688746E-04
       187.7419280586      -27.3811073000       -1.7523924522    1.0142754917E-03    7.7397116500E-04    2.4030432673E-04
       187.8419280586      -27.2811073000       -1.7448874780    1.0328351159E-03    8.4368544234E-04    1.8914967352E-04
       187.9419280586      -27.1811073000       -1.7373500231    1.0632504446E-03    9.1627628831E-04    1.4697415630E-04
       188.0419280586      -27.0811073000       -1.7297798473    1.0999663287E-03    9.9187792713E-04    1.0808840161E-04
       188.1419280586      -26.9811073000       -1.7221764574    1.1442781722E-03    1.0706748779E-03    7.3603294255E-05
       188.2419280586      -26.8811073000       -1.7145392874    1.1943955735E-03    1.1524848353E-03    4.1910738166E-05
       188.3419280586      -26.7811073000       -1.7068679461    1.2486172180E-03    1.2371877119E-03    1.1429506171E-05
       188.4419280586      -26.6811073000       -1.6991619081    1.3057932360E-03    1.3250139546E-03   -1.9220718632E-05
       188.5419280586      -26.5811073000       -1.6914208250    1.3649121037E-03    1.4160981832E-03   -5.1186079423E-05
       188.6419280586      -26.4811073000       -1.6836440871    1.4250636896E-03    1.5102702762E-03   -8.5206586577E-05
       188.7419280586      -26.3811073000       -1.6758313884    1.4859665610E-03    1.6074246905E-03   -1.2145812956E-04
       188.8419280586      -26.2811073000       -1.6679819684    1.5482925440E-03    1.7078411278E-03   -1.5954858382E-04
       188.9419280586      -26.1811073000       -1.6600954986    1.6130006450E-03    1.8114600797E-03   -1.9845943473E-04
       189.0419280586      -26.0811073000       -1.6521713195    1.6815329889E-03    1.9180612574E-03   -2.3652826850E-04
       189.1419280586      -25.9811073000       -1.6442090801    1.7561680746E-03    2.0278095399E-03   -2.7164146535E-04
       189.2419280586      -25.8811073000       -1.6362080298    1.8395052057E-03    2.1407133922E-03   -3.0120818656E-04
       189.3419280586      -25.7811073000       -1.6281675962    1.9343946182E-03    2.2567660506E-03   -3.2237143235E-04
       189.4419280586      -25.6811073000       -1.6200872587    2.0440694991E-03    2.3760739849E-03   -3.3200448580E-04
       189.5419280586      -25.5811073000       -1.6119665493    2.1715555355E-03    2.4983635629E-03   -3.2680802744E-04
       189.6419280586      -25.4811073000       -1.6038045893    2.3204304102E-03    2.6237924824E-03   -3.0336207218E-04
       189.7419280586      -25.3811073000       -1.5956009458    2.4943709526E-03    2.7524457643E-03   -2.5807481170E-04
       189.8419280586      -25.2811073000       -1.5873549054    2.6966387422E-03    2.8840338691E-03   -1.8739512692E-04
       189.9419280586      -25.1811073000       -1.5790658039    2.9306199269E-03    3.0184293471E-03   -8.7809420229E-05
       190.0419280586      -25.0811073000       -1.5707329596    3.1996665055E-03    3.1559675535E-03    4.3698951979E-05
       190.1419280586      -24.9811073000       -1.5623556045    3.5059336342E-03    3.2965875283E-03    2.0934610585E-04
       190.2419280586      -24.8811073000       -1.5539332242    3.8499367975E-03    3.4400918657E-03    4.0984493186E-04
       190.3419280586      -24.7811073000       -1.5454648759    4.2301007896E-03    3.5863999360E-03    6.4370085356E-04
       190.4419280586      -24.6811073000       -1.5369497306    4.6420677186E-03    3.7356480901E-03    9.0641962854E-04
       190.5419280586      -24.5811073000       -1.5283873543    5.0773630961E-03    3.8874885537E-03    1.1898745424E-03
       190.6419280586      -24.4811073000       -1.5197766685    5.5244764661E-03    4.0420599593E-03    1.4824165068E-03
       190.7419280586      -24.3811073000       -1.5111168475    5.9690632690E-03    4.1993782508E-03    1.7696850182E-03
       190.8419280586      -24.2811073000       -1.5024071833    6.3958002704E-03    4.3591990385E-03    2.0366012320E-03
       190.9419280586      -24.1811073000       -1.4936466613    6.7910509802E-03    4.5213182172E-03    2.2697327631E-03
       191.0419280586      -24.0811073000       -1.4848345966    7.1454371563E-03    4.6860244650E-03    2.4594126913E-03
       191.1419280586      -23.9811073000       -1.4759697774    7.4541460444E-03    4.8530241072E-03    2.6011219373E-03
       191.2419280586      -23.8811073000       -1.4670513925    7.7176272548E-03    5.0222675293E-03    2.6953597255E-03
       191.3419280586      -23.7811073000       -1.4580786051    7.9400692888E-03    5.1935945616E-03    2.7464747272E-03
       191.4419280586      -23.6811073000       -1.4490501841    8.1278001135E-03    5.3669068804E-03    2.7608932331E-03
       191.5419280586      -23.5811073000       -1.4399650831    8.2878924303E-03    5.5422141743E-03    2.7456782560E-03
       191.6419280586      -23.4811073000       -1.4308223713    8.4269525792E-03    5.7193558606E-03    2.7075967187E-03
       191.7419280586      -23.3811073000       -1.4216208621    8.5505761003E-03    5.8980009679E-03    2.6525751324E-03
       191.8419280586      -23.2811073000       -1.4123593311    8.6642129213E-03    6.0783101307E-03    2.5859027905E-03
       191.9419280586      -23.1811073000       -1.4030367413    8.7725178952E-03    6.2600241507E-03    2.5124937445E-03
       192.0419280586      -23.0811073000       -1.3936517912    8.8803765763E-03    6.4430925370E-03    2.4372840394E-03
       192.1419280586      -22.9811073000       -1.3842032890    8.9930994096E-03    6.6274421820E-03    2.3656572276E-03
       192.2419280586      -22.8811073000       -1.3746896148    9.1163706277E-03    6.8126796479E-03    2.3036909798E-03
       192.3419280586      -22.7811073000       -1.3651097958    9.2570765596E-03    6.9987926427E-03    2.2582839169E-03
       192.4419280586      -22.6811073000       -1.3554622724    9.4230863964E-03    7.1856807527E-03    2.2374056437E-03
       192.5419280586      -22.5811073000       -1.3457455886    9.6233934761E-03    7.3732788704E-03    2.2501146056E-03
       192.6419280586      -22.4811073000       -1.3359582354    9.8681020957E-03    7.5613601008E-03    2.3067419949E-03
       192.7419280586      -22.3811073000       -1.3260986079    1.0168880107E-02    7.7497449840E-03    2.4191351229E-03
       192.8419280586      -22.2811073000       -1.3161652030    1.0539273532E-02    7.9383607015E-03    2.6009128307E-03
       192.9419280586      -22.1811073000       -1.3061560932    1.0994723715E-02    8.1268150347E-03    2.8679086804E-03
       193.0419280586      -22.0811073000       -1.2960698529    1.1553808130E-02    8.3153159551E-03    3.2384921746E-03
       193.1419280586      -21.9811073000       -1.2859044190    1.2237315450E-02    8.5035252136E-03    3.7337902362E-03
       193.2419280586      -21.8811073000       -1.2756579815    1.3068899132E-02    8.6912104125E-03    4.3776887191E-03
       193.3419280586      -21.7811073000       -1.2653286568    1.4074070373E-02    8.8784083405E-03    5.1956620329E-03
       193.4419280586      -21.6811073000       -1.2549141860    1.5276836455E-02    9.0648961414E-03    6.2119403133E-03
       193.5419280586      -21.5811073000       -1.2444126452    1.6693738101E-02    9.2504457515E-03    7.4432923500E-03
       193.6419280586      -21.4811073000       -1.2338217681    1.8322369244E-02    9.4349898628E-03    8.8873793813E-03
       193.7419280586      -21.3811073000       -1.2231391035    2.0123468593E-02    9.6184604935E-03    1.0505008100E-02
       193.8419280586      -21.2811073000       -1.2123624006    2.2001064074E-02    9.8006233644E-03    1.2200440710E-02
       193.9419280586      -21.1811073000       -1.2014889076    2.3794846769E-02    9.9811213512E-03    1.3813725418E-02
       194.0419280586      -21.0811073000       -1.1905161958    2.5311440127E-02    1.0160509617E-02    1.5150930510E-02
       194.1419280586      -20.9811073000       -1.1794413607    2.6402202428E-02    1.0338125447E-02    1.6064076981E-02
       194.2419280586      -20.8811073000       -1.1682616348    2.7067503014E-02    1.0513556120E-02    1.6553946894E-02
       194.3419280586      -20.7811073000       -1.1569737473    2.7480942209E-02    1.0686981591E-02    1.6793960617E-02
       194.4419280586      -20.6811073000       -1.1455747332    2.7924757160E-02    1.0858484463E-02    1.7066272697E-02
       194.5419280586      -20.5811073000       -1.1340611477    2.8645638462E-02    1.1027776562E-02    1.7617861900E-02
       194.6419280586      -20.4811073000       -1.1224294177    2.9697703402E-02    1.1194341778E-02    1.8503361624E-02
       194.7419280586      -20.3811073000       -1.1106758793    3.0740481618E-02    1.1358853831E-02    1.9381627786E-02
       194.8419280586      -20.2811073000       -1.0987966719    3.0886865635E-02    1.1520964074E-02    1.9365901561E-02
       194.9419280586      -20.1811073000       -1.0867876258    2.9059258314E-02    1.1680211865E-02    1.7379046449E-02
       195.0419280586      -20.0811073000       -1.0746443882    2.5131314953E-02    1.1836581927E-02    1.3294733026E-02
       195.1419280586      -19.9811073000       -1.0623623074    2.0344780508E-02    1.1990642208E-02    8.3541383000E-03
       195.2419280586      -19.8811073000       -1.0499365615    1.6080637441E-02    1.2141719641E-02    3.9389177996E-03
       195.3419280586      -19.7811073000       -1.0373620906    1.2913780420E-02    1.2289095176E-02    6.2468524359E-04
       195.4419280586      -19.6811073000       -1.0246331595    1.0830486401E-02    1.2434156314E-02   -1.6036699126E-03
       195.5419280586      -19.5811073000       -1.0117441488    9.6447382541E-03    1.2576118723E-02   -2.9313804689E-03
       195.6419280586      -19.4811073000       -0.9986889138    9.1426942910E-03    1.2714863910E-02   -3.5721696191E-03
       195.7419280586      -19.3811073000       -0.9854606861    8.9905291294E-03    1.2849987451E-02   -3.8594583211E-03
       195.8419280586      -19.2811073000       -0.9720524034    8.6896169681E-03    1.2981970069E-02   -4.2923531004E-03
       195.9419280586      -19.1811073000       -0.9584566200    7.9494046946E-03    1.3110730477E-02   -5.1613257820E-03
       196.0419280586      -19.0811073000       -0.9446651558    6.9711142776E-03    1.3236218025E-02   -6.2651037478E-03
       196.1419280586      -18.9811073000       -0.9306692831    6.0657877087E-03    1.3357980837E-02   -7.2921931285E-03
       196.2419280586      -18.8811073000       -0.9164598109    5.3497195584E-03    1.3477218215E-02   -8.1274986566E-03
       196.3419280586      -18.7811073000       -0.9020264387    4.7948295118E-03    1.3592092483E-02   -8.7972629715E-03
       196.4419280586      -18.6811073000       -0.8873583607    4.3446511271E-03    1.3704063273E-02   -9.3594121463E-03
       196.5419280586      -18.5811073000       -0.8724437390    3.9593929890E-03    1.3812189492E-02   -9.8527965028E-03
       196.6419280586      -18.4811073000       -0.8572696437    3.6216561151E-03    1.3916579003E-02   -1.0294922888E-02
       196.7419280586      -18.3811073000       -0.8418220435    3.3223518415E-03    1.4018192320E-02   -1.0695840479E-02
       196.8419280586      -18.2811073000       -0.8260856597    3.0534728723E-03    1.4115916380E-02   -1.1062443508E-02
       196.9419280586      -18.1811073000       -0.8100436294    2.8160997766E-03    1.4209690593E-02   -1.1393590817E-02
       197.0419280586      -18.0811073000       -0.7936774527    2.6120450123E-03    1.4300138161E-02   -1.1688093149E-02
       197.1419280586      -17.9811073000       -0.7769666121    2.4416253776E-03    1.4387178802E-02   -1.1945553424E-02
       197.2419280586      -17.8811073000       -0.7598883343    2.2980320687E-03    1.4470745756E-02   -1.2172713687E-02
       197.3419280586      -17.7811073000       -0.7424172983    2.1714337758E-03    1.4550430113E-02   -1.2378996337E-02
       197.4419280586      -17.6811073000       -0.7245250921    2.0595073752E-03    1.4626785161E-02   -1.2567277786E-02
       197.5419280586      -17.5811073000       -0.7061796655    1.9684609505E-03    1.4699480161E-02   -1.2731019211E-02
       197.6419280586      -17.4811073000       -0.6873448074    1.9110837401E-03    1.4768620073E-02   -1.2857536333E-02
       197.7419280586      -17.3811073000       -0.6679791177    1.8999093919E-03    1.4833587561E-02   -1.2933678169E-02
       197.8419280586      -17.2811073000       -0.6480349265    1.9462168381E-03    1.4895442528E-02   -1.2949225690E-02
       197.9419280586      -17.1811073000       -0.6274570930    2.0578864399E-03    1.4952959595E-02   -1.2895073155E-02
       198.0419280586      -17.0811073000       -0.6061812003    2.2394854565E-03    1.5007077396E-02   -1.2767591940E-02
       198.1419280586      -16.9811073000       -0.5841308174    2.4877438332E-03    1.5056372904E-02   -1.2568629071E-02
       198.2419280586      -16.8811073000       -0.5612147089    2.7973317846E-03    1.5101817885E-02   -1.2304486100E-02
       198.3419280586      -16.7811073000       -0.5373221941    3.1161030067E-03    1.5142528655E-02   -1.2026425648E-02
       198.4419280586      -16.6811073000       -0.5123165798    3.3065081589E-03    1.5177185845E-02   -1.1870677686E-02
       198.5419280586      -16.5811073000       -0.4860262017    3.2790559202E-03    1.5206826056E-02   -1.1927770136E-02
       198.6419280586      -16.4811073000       -0.4582299055    3.1443940433E-03    1.5228444206E-02   -1.2084050163E-02
       198.7419280586      -16.3811073000       -0.4286348218    3.0459536766E-03    1.5241449332E-02   -1.2195495655E-02
       198.8419280586      -16.2811073000       -0.3968387263    3.0361194435E-03    1.5242037057E-02   -1.2205917614E-02
       198.9419280586      -16.1811073000       -0.3622625460    3.0966546520E-03    1.5224920421E-02   -1.2128265769E-02
       199.0419280586      -16.0811073000       -0.3240174632    3.1904183346E-03    1.5178311487E-02   -1.1987893153E-02
       199.1419280586      -15.9811073000       -0.2806073544    3.2808989946E-03    1.5076047816E-02   -1.1795148821E-02
       199.2419280586      -15.8811073000       -0.2291149527    3.3496463756E-03    1.4839489990E-02   -1.1489843615E-02
       199.3419280586      -15.7811073000       -0.1620087316    3.3214651716E-03    1.4101668966E-02   -1.0780203794E-02
       199.4419280586      -15.6811073000        0.0000000000    1.9128259457E-03    7.8250412648E-03   -5.9122153191E-03
       199.5419280586      -15.5811073000        0.1620087316    3.7764954776E-04    1.5351895898E-03   -1.1575400420E-03
       199.6419280586      -15.4811073000        0.2291149527    1.9646980563E-04    7.7385958755E-04   -5.7738978191E-04
       199.7419280586      -15.3811073000        0.2806073544    1.3476319786E-04    5.1037451381E-04   -3.7561131595E-04
       199.8419280586      -15.2811073000        0.3240174632    1.0391962074E-04    3.7786221171E-04   -2.7394259097E-04
       199.9419280586      -15.1811073000        0.3622625460    8.5400593957E-05    2.9837070224E-04   -2.1297010828E-04
       200.0419280586      -15.0811073000        0.3968387263    7.3006710268E-05    2.4549813048E-04   -1.7249142021E-04
       200.1419280586      -14.9811073000        0.4286348218    6.4092506462E-05    2.0785614779E-04   -1.4376364132E-04
       200.2419280586      -14.8811073000        0.4582299055    5.7343335814E-05    1.7973333613E-04   -1.2239000031E-04
       200.3419280586      -14.7811073000        0.4860262017    5.2033431828E-05    1.5795213686E-04   -1.0591870503E-04
       200.4419280586      -14.6811073000        0.5123165798    4.7729883998E-05    1.4060492657E-04   -9.2875042568E-05
       200.5419280586      -14.5811073000        0.5373221941    4.4158624027E-05    1.2647770325E-04   -8.2319079225E-05
       200.6419280586      -14.4811073000        0.5612147089    4.1137730870E-05    1.1476137039E-04   -7.3623639522E-05
       200.7419280586      -14.3811073000        0.5841308174    3.8541692987E-05    1.0489608489E-04   -6.6354391908E-05
       200.8419280586      -14.2811073000        0.6061812003    3.6281086371E-05    9.6482246004E-05   -6.0201159633E-05
       200.9419280586      -14.1811073000        0.6274570930    3.4290439495E-05    8.9227065307E-05   -5.4936625812E-05
       201.0419280586      -14.0811073000        0.6480349265    3.2520683671E-05    8.2911165939E-05   -5.0390482268E-05
       201.1419280586      -13.9811073000        0.6679791177    3.0934289292E-05    7.7366969392E-05   -4.6432680100E-05
       201.2419280586      -13.8811073000        0.6873448074    2.9502036603E-05    7.2464287943E-05   -4.2962251341E-05
       201.3419280586      -13.7811073000        0.7061796655    2.8200814647E-05    6.8100468689E-05   -3.9899654041E-05
       201.4419280586      -13.6811073000        0.7245250921    2.7012085941E-05    6.4193496232E-05   -3.7181410292E-05
       201.5419280586      -13.5811073000        0.7424172983    2.5920793289E-05    6.0677067694E-05   -3.4756274405E-05
       201.6419280586      -13.4811073000        0.7598883343    2.4914567020E-05    5.7497012315E-05   -3.2582445295E-05
       201.7419280586      -13.3811073000        0.7769666121    2.3983140486E-05    5.4608646263E-05   -3.0625505777E-05
       201.8419280586      -13.2811073000        0.7936774527    2.3117912634E-05    5.1974789707E-05   -2.8856877073E-05
       201.9419280586      -13.1811073000        0.8100436294    2.2311616150E-05    4.9564260589E-05   -2.7252644439E-05
       202.0419280586      -13.0811073000        0.8260856597    2.1558062548E-05    4.7350716646E-05   -2.5792654097E-05
       202.1419280586      -12.9811073000        0.8418220435    2.0851944115E-05    4.5311755298E-05   -2.4459811183E-05
       202.2419280586      -12.8811073000        0.8572696437    2.0188678398E-05    4.3428206863E-05   -2.3239528465E-05
       202.3419280586      -12.7811073000        0.8724437390    1.9564284905E-05    4.1683574364E-05   -2.2119289459E-05
       202.4419280586      -12.6811073000        0.8873583607    1.8975286460E-05    4.0063585690E-05   -2.1088299230E-05
       202.5419280586      -12.5811073000        0.9020264387    1.8418629616E-05    3.8555832691E-05   -2.0137203074E-05
       202.6419280586      -12.4811073000        0.9164598109    1.7891619937E-05    3.7149478146E-05   -1.9257858209E-05
       202.7419280586      -12.3811073000        0.9306692831    1.7391868985E-05    3.5835016206E-05   -1.8443147220E-05
       202.8419280586      -12.2811073000        0.9446651558    1.6917250605E-05    3.4604075254E-05   -1.7686824648E-05
       202.9419280586      -12.1811073000        0.9584566200    1.6465864626E-05    3.3449254697E-05   -1.6983390070E-05
       203.0419280586      -12.0811073000        0.9720524034    1.6036006554E-05    3.2363989068E-05   -1.6327982513E-05
       203.1419280586      -11.9811073000        0.9854606861    1.5626142113E-05    3.1342434260E-05   -1.5716292146E-05
       203.2419280586      -11.8811073000        0.9986889138    1.5234885749E-05    3.0379371809E-05   -1.5144486061E-05
       203.3419280586      -11.7811073000        1.0117441488    1.4860982378E-05    2.9470127972E-05   -1.4609145594E-05
       203.4419280586      -11.6811073000        1.0246331595    1.4503291829E-05    2.8610505002E-05   -1.4107213172E-05
       203.5419280586      -11.5811073000        1.0373620906    1.4160775509E-05    2.7796722538E-05   -1.3635947029E-05
       203.6419280586      -11.4811073000        1.0499365615    1.3832484926E-05    2.7025367414E-05   -1.3192882488E-05
       203.7419280586      -11.3811073000        1.0623623074    1.3517551779E-05    2.6293350510E-05   -1.2775798732E-05
       203.8419280586      -11.2811073000        1.0746443882    1.3215179355E-05    2.5597869525E-05   -1.2382690170E-05
       203.9419280586      -11.1811073000        1.0867876258    1.2924635046E-05    2.4936376742E-05   -1.2011741696E-05
       204.0419280586      -11.0811073000        1.0987966719    1.2645243804E-05    2.4306551034E-05   -1.1661307230E-05
       204.1419280586      -10.9811073000        1.1106758793    1.2376382405E-05    2.3706273456E-05   -1.1329891051E-05
       204.2419280586      -10.8811073000        1.1224294177    1.2117474403E-05    2.3133605919E-05   -1.1016131516E-05
       204.3419280586      -10.7811073000        1.1340611477    1.1867985685E-05    2.2586772493E-05   -1.0718786808E-05
       204.4419280586      -10.6811073000        1.1455747332    1.1627420523E-05    2.2064142968E-05   -1.0436722445E-05
