# # Once                                                         FEFF 10.0.0 
# # POT  SCF  30  3.0000   0, NO core-hole, AFOLP (folp(0)= 1.150)
# # Abs   Z=23 Rmt= 1.122 Rnm= 1.301 K  shell
# # Pot 1 Z=23 Rmt= 1.122 Rnm= 1.301
# # Pot 2 Z=15 Rmt= 0.921 Rnm= 1.135
# # Pot 3 Z= 8 Rmt= 0.875 Rnm= 1.027
# # Pot 4 Z= 8 Rmt= 0.830 Rnm= 1.073
# # Gam_ch=9.908E-01 H-L exch Vi= 0.000E+00 Vr= 0.000E+00
# # Mu=-9.214E+00eV kf=2.526E+00 Vint=-1.967E+01eV Rs_int= 1.436
# FMS rfms= 4.0000
# # PATH  Rmax= 0.100,  Keep_limit= 0.00, Heap_limit 0.00  Pwcrit= 2.50%
#  S02=1.000  Temp=   0.00  Debye_temp=   0.00  Global_sig2= 0.00000
#  Energy zero shift, vr, vi    0.00000E+00   0.00000E+00
#  Curved wave amplitude ratio filter   4.000%
#     file         sig2 tot  cw amp ratio   deg  nlegs   reff  inp sig2
#     0/   0 paths used
#  xsedge+ 50, used to normalize mu           1.0000E+00
#  -----------------------------------------------------------------------
#  omega    e    k    mu    mu0     chi     @#
      5438.2551995487      -39.2139247000       -2.8060734827    6.0254159703E-05    5.9562125644E-05    6.9203405885E-07
      5438.3551995487      -39.1139247000       -2.8013927219    5.5623912992E-05    5.4697977610E-05    9.2593538172E-07
      5438.4551995487      -39.0139247000       -2.7967044314    5.1240021327E-05    5.0099133269E-05    1.1408880573E-06
      5438.5551995487      -38.9139247000       -2.7920079635    4.7163814424E-05    4.5820939588E-05    1.3428748357E-06
      5438.6551995487      -38.8139247000       -2.7873035823    4.3379680286E-05    4.1849942035E-05    1.5297382504E-06
      5438.7551995487      -38.7139247000       -2.7825912477    3.9967423679E-05    3.8264129717E-05    1.7032939614E-06
      5438.8551995487      -38.6139247000       -2.7778710724    3.6898318283E-05    3.5032550348E-05    1.8657679349E-06
      5438.9551995487      -38.5139247000       -2.7731428629    3.4142702870E-05    3.2126627657E-05    2.0160752130E-06
      5439.0551995487      -38.4139247000       -2.7684065780    3.1682659595E-05    2.9527454379E-05    2.1552052168E-06
      5439.1551995487      -38.3139247000       -2.7636620222    2.9489111738E-05    2.7204599160E-05    2.2845125788E-06
      5439.2551995487      -38.2139247000       -2.7589093071    2.7520957131E-05    2.5111531797E-05    2.4094253344E-06
      5439.3551995487      -38.1139247000       -2.7541485450    2.5758132842E-05    2.3228559401E-05    2.5295734408E-06
      5439.4551995487      -38.0139247000       -2.7493792296    2.4208912608E-05    2.1564196833E-05    2.6447157744E-06
      5439.5551995487      -37.9139247000       -2.7446019368    2.2832426652E-05    2.0076392358E-05    2.7560342948E-06
      5439.6551995487      -37.8139247000       -2.7398161586    2.1597170682E-05    1.8732224839E-05    2.8649458432E-06
      5439.7551995487      -37.7139247000       -2.7350221619    2.0512148585E-05    1.7539458042E-05    2.9726905430E-06
      5439.8551995487      -37.6139247000       -2.7302195915    1.9526309935E-05    1.6446622540E-05    3.0796873950E-06
      5439.9551995487      -37.5139247000       -2.7254087145    1.8634106054E-05    1.5448179093E-05    3.1859269613E-06
      5440.0551995487      -37.4139247000       -2.7205891738    1.7865402279E-05    1.4573490166E-05    3.2919121137E-06
      5440.1551995487      -37.3139247000       -2.7157610802    1.7158630864E-05    1.3760356059E-05    3.3982748048E-06
      5440.2551995487      -37.2139247000       -2.7109245448    1.6492521084E-05    1.2985832320E-05    3.5066887635E-06
      5440.3551995487      -37.1139247000       -2.7060793652    1.5911530965E-05    1.2294779456E-05    3.6167515093E-06
      5440.4551995487      -37.0139247000       -2.7012253372    1.5412490596E-05    1.1683961799E-05    3.7285287965E-06
      5440.5551995487      -36.9139247000       -2.6963627289    1.4954674960E-05    1.1113084476E-05    3.8415904844E-06
      5440.6551995487      -36.8139247000       -2.6914911773    1.4546683822E-05    1.0588738197E-05    3.9579456257E-06
      5440.7551995487      -36.7139247000       -2.6866107923    1.4185862422E-05    1.0106248300E-05    4.0796141225E-06
      5440.8551995487      -36.6139247000       -2.6817216844    1.3864252064E-05    9.6583516797E-06    4.2059003848E-06
      5440.9551995487      -36.5139247000       -2.6768236467    1.3559277271E-05    9.2255227214E-06    4.3337545498E-06
      5441.0551995487      -36.4139247000       -2.6719164709    1.3291049388E-05    8.8249966248E-06    4.4660527634E-06
      5441.1551995487      -36.3139247000       -2.6670003458    1.3074461386E-05    8.4689606486E-06    4.6055007373E-06
      5441.2551995487      -36.2139247000       -2.6620749822    1.2872085700E-05    8.1243507253E-06    4.7477349744E-06
      5441.3551995487      -36.1139247000       -2.6571408892    1.2697385635E-05    7.8014441530E-06    4.8959414818E-06
      5441.4551995487      -36.0139247000       -2.6521972158    1.2553469579E-05    7.5004066859E-06    5.0530628929E-06
      5441.5551995487      -35.9139247000       -2.6472443905    1.2432724386E-05    7.2169982030E-06    5.2157261834E-06
      5441.6551995487      -35.8139247000       -2.6422825231    1.2322877063E-05    6.9386336292E-06    5.3842434334E-06
      5441.7551995487      -35.7139247000       -2.6373109976    1.2258915447E-05    6.6969541022E-06    5.5619613448E-06
      5441.8551995487      -35.6139247000       -2.6323304061    1.2223637798E-05    6.4752525197E-06    5.7483852783E-06
      5441.9551995487      -35.5139247000       -2.6273402110    1.2210822505E-05    6.2669444871E-06    5.9438780180E-06
      5442.0551995487      -35.4139247000       -2.6223404386    1.2201316575E-05    6.0533545288E-06    6.1479620459E-06
      5442.1551995487      -35.3139247000       -2.6173310341    1.2217691441E-05    5.8531532245E-06    6.3645382161E-06
      5442.2551995487      -35.2139247000       -2.6123121864    1.2273047291E-05    5.6804434531E-06    6.5926038382E-06
      5442.3551995487      -35.1139247000       -2.6072836779    1.2336620587E-05    5.5038082451E-06    6.8328123415E-06
      5442.4551995487      -35.0139247000       -2.6022454524    1.2423804751E-05    5.3348790422E-06    7.0889257084E-06
      5442.5551995487      -34.9139247000       -2.5971975353    1.2533917553E-05    5.1764541239E-06    7.3574634293E-06
      5442.6551995487      -34.8139247000       -2.5921397059    1.2670814987E-05    5.0283218296E-06    7.6424931573E-06
      5442.7551995487      -34.7139247000       -2.5870719882    1.2837625059E-05    4.8908063376E-06    7.9468187218E-06
      5442.8551995487      -34.6139247000       -2.5819943241    1.3033789774E-05    4.7627694836E-06    8.2710202903E-06
      5442.9551995487      -34.5139247000       -2.5769064895    1.3257949912E-05    4.6419458084E-06    8.6160041037E-06
      5443.0551995487      -34.4139247000       -2.5718088379    1.3507683953E-05    4.5253621564E-06    8.9823217968E-06
      5443.1551995487      -34.3139247000       -2.5667009792    1.3773568254E-05    4.3994373723E-06    9.3741308816E-06
      5443.2551995487      -34.2139247000       -2.5615830183    1.4088994551E-05    4.2948269620E-06    9.7941675887E-06
      5443.3551995487      -34.1139247000       -2.5564546449    1.4442471293E-05    4.1955746248E-06    1.0246896668E-05
      5443.4551995487      -34.0139247000       -2.5513159630    1.4815144316E-05    4.0830826502E-06    1.0732061666E-05
      5443.5551995487      -33.9139247000       -2.5461671610    1.5231490988E-05    3.9761148792E-06    1.1255376108E-05
      5443.6551995487      -33.8139247000       -2.5410077586    1.5711353533E-05    3.8908670192E-06    1.1820486514E-05
      5443.7551995487      -33.7139247000       -2.5358376910    1.6229312077E-05    3.7963232450E-06    1.2432988832E-05
      5443.8551995487      -33.6139247000       -2.5306573135    1.6806215008E-05    3.7091294342E-06    1.3097085574E-05
      5443.9551995487      -33.5139247000       -2.5254661412    1.7462654248E-05    3.6434938084E-06    1.3819160440E-05
      5444.0551995487      -33.4139247000       -2.5202643607    1.8176692497E-05    3.5677383424E-06    1.4608954155E-05
      5444.1551995487      -33.3139247000       -2.5150517369    1.8970456154E-05    3.4968078420E-06    1.5473648312E-05
      5444.2551995487      -33.2139247000       -2.5098283720    1.9865048525E-05    3.4438721699E-06    1.6421176355E-05
      5444.3551995487      -33.1139247000       -2.5045941987    2.0840048903E-05    3.3745010453E-06    1.7465547858E-05
      5444.4551995487      -33.0139247000       -2.4993488936    2.1910491436E-05    3.2903611975E-06    1.8620130239E-05
      5444.5551995487      -32.9139247000       -2.4940928131    2.3131069984E-05    3.2283288991E-06    1.9902741085E-05
      5444.6551995487      -32.8139247000       -2.4888252905    2.4520097843E-05    3.1883732016E-06    2.1331724641E-05
      5444.7551995487      -32.7139247000       -2.4835469384    2.6062479564E-05    3.1321115436E-06    2.2930368020E-05
      5444.8551995487      -32.6139247000       -2.4782570866    2.7789957676E-05    3.0591279278E-06    2.4730829748E-05
      5444.9551995487      -32.5139247000       -2.4729559193    2.9766745518E-05    3.0032650097E-06    2.6763480508E-05
      5445.0551995487      -32.4139247000       -2.4676435363    3.2020796252E-05    2.9466681580E-06    2.9074128094E-05
      5445.1551995487      -32.3139247000       -2.4623194326    3.4618643424E-05    2.8989256403E-06    3.1719717783E-05
      5445.2551995487      -32.2139247000       -2.4569840519    3.7624463804E-05    2.8593723907E-06    3.4765091414E-05
      5445.3551995487      -32.1139247000       -2.4516369733    4.1113422880E-05    2.8143833214E-06    3.8299039558E-05
      5445.4551995487      -32.0139247000       -2.4462782070    4.5201173746E-05    2.7715369945E-06    4.2429636752E-05
      5445.5551995487      -31.9139247000       -2.4409076762    5.0031448603E-05    2.7339020660E-06    4.7297546537E-05
      5445.6551995487      -31.8139247000       -2.4355253029    5.5783807866E-05    2.6944945631E-06    5.3089313303E-05
      5445.7551995487      -31.7139247000       -2.4301309209    6.2699617438E-05    2.6555136680E-06    6.0044103770E-05
      5445.8551995487      -31.6139247000       -2.4247248012    7.1103223242E-05    2.6178165208E-06    6.8485406721E-05
      5445.9551995487      -31.5139247000       -2.4193062492    8.1415518043E-05    2.5842366069E-06    7.8831281437E-05
      5446.0551995487      -31.4139247000       -2.4138756222    9.4184097037E-05    2.5514044591E-06    9.1632692578E-05
      5446.1551995487      -31.3139247000       -2.4084330151    1.1011391170E-04    2.5182215445E-06    1.0759569015E-04
      5446.2551995487      -31.2139247000       -2.4029778151    1.3006796580E-04    2.4882656107E-06    1.2757970019E-04
      5446.3551995487      -31.1139247000       -2.3975102026    1.5494993194E-04    2.4585956085E-06    1.5249133633E-04
      5446.4551995487      -31.0139247000       -2.3920302705    1.8534677472E-04    2.4297414952E-06    1.8291703322E-04
      5446.5551995487      -30.9139247000       -2.3865376662    2.2076012127E-04    2.4009356584E-06    2.1835918561E-04
      5446.6551995487      -30.8139247000       -2.3810323916    2.5823717058E-04    2.3729761977E-06    2.5586419439E-04
      5446.7551995487      -30.7139247000       -2.3755143584    2.9130035481E-04    2.3473683489E-06    2.8895298646E-04
      5446.8551995487      -30.6139247000       -2.3699834777    3.1143964536E-04    2.3237168310E-06    3.0911592853E-04
      5446.9551995487      -30.5139247000       -2.3644394792    3.1351710614E-04    2.3018388853E-06    3.1121526726E-04
      5447.0551995487      -30.4139247000       -2.3588827215    3.0032933940E-04    2.2811952820E-06    2.9804814412E-04
      5447.1551995487      -30.3139247000       -2.3533128430    2.8054704621E-04    2.2593017858E-06    2.7828774442E-04
      5447.2551995487      -30.2139247000       -2.3477296596    2.6282653790E-04    2.2365028995E-06    2.6059003500E-04
      5447.3551995487      -30.1139247000       -2.3421329852    2.5263984735E-04    2.2168442634E-06    2.5042300308E-04
      5447.4551995487      -30.0139247000       -2.3365232696    2.5256941535E-04    2.1983174176E-06    2.5037109793E-04
      5447.5551995487      -29.9139247000       -2.3308997793    2.6369180395E-04    2.1790541187E-06    2.6151274983E-04
      5447.6551995487      -29.8139247000       -2.3252627805    2.8624224326E-04    2.1605230683E-06    2.8408172019E-04
      5447.7551995487      -29.7139247000       -2.3196119913    3.1921753496E-04    2.1428078751E-06    3.1707472709E-04
      5447.8551995487      -29.6139247000       -2.3139474946    3.5877788998E-04    2.1241927052E-06    3.5665369728E-04
      5447.9551995487      -29.5139247000       -2.3082690972    3.9626579941E-04    2.1082018847E-06    3.9415759752E-04
      5448.0551995487      -29.4139247000       -2.3025766039    4.1880239644E-04    2.0920413614E-06    4.1671035508E-04
      5448.1551995487      -29.3139247000       -2.2968702805    4.1549521163E-04    2.0767719220E-06    4.1341843971E-04
      5448.2551995487      -29.2139247000       -2.2911494664    3.8575797418E-04    2.0637119910E-06    3.8369426219E-04
      5448.3551995487      -29.1139247000       -2.2854144252    3.3949313913E-04    2.0492543625E-06    3.3744388477E-04
      5448.4551995487      -29.0139247000       -2.2796650495    2.8894781517E-04    2.0325622865E-06    2.8691525288E-04
      5448.5551995487      -28.9139247000       -2.2739009498    2.4212563129E-04    2.0167853334E-06    2.4010884596E-04
      5448.6551995487      -28.8139247000       -2.2681222954    2.0207168547E-04    2.0025997227E-06    2.0006908574E-04
      5448.7551995487      -28.7139247000       -2.2623289748    1.6899904626E-04    1.9868541592E-06    1.6701219210E-04
      5448.8551995487      -28.6139247000       -2.2565204976    1.4214160793E-04    1.9707629919E-06    1.4017084494E-04
      5448.9551995487      -28.5139247000       -2.2506972195    1.2052094974E-04    1.9538881864E-06    1.1856706156E-04
      5449.0551995487      -28.4139247000       -2.2448588355    1.0315304202E-04    1.9365502392E-06    1.0121649178E-04
      5449.1551995487      -28.3139247000       -2.2390053225    8.9167135556E-05    1.9177198653E-06    8.7249415690E-05
      5449.2551995487      -28.2139247000       -2.2331362757    7.7833311179E-05    1.8951532796E-06    7.5938157899E-05
      5449.3551995487      -28.1139247000       -2.2272519546    6.8569044653E-05    1.8705221986E-06    6.6698522455E-05
      5449.4551995487      -28.0139247000       -2.2213517586    6.0925385695E-05    1.8442260059E-06    5.9081159689E-05
      5449.5551995487      -27.9139247000       -2.2154361373    5.4557852565E-05    1.8136475548E-06    5.2744205011E-05
      5449.6551995487      -27.8139247000       -2.2095044852    4.9200535511E-05    1.7739090463E-06    4.7426626465E-05
      5449.7551995487      -27.7139247000       -2.2035570592    4.4661062126E-05    1.7279296121E-06    4.2933132514E-05
      5449.8551995487      -27.6139247000       -2.1975933439    4.0778731383E-05    1.6729676582E-06    3.9105763724E-05
      5449.9551995487      -27.5139247000       -2.1916134975    3.7425812568E-05    1.6028298057E-06    3.5822982762E-05
      5450.0551995487      -27.4139247000       -2.1856171930    3.4507172576E-05    1.5149943352E-06    3.2992178241E-05
      5450.1551995487      -27.3139247000       -2.1796046850    3.1940516815E-05    1.4050816554E-06    3.0535435160E-05
      5450.2551995487      -27.2139247000       -2.1735752517    2.9658512532E-05    1.2682818762E-06    2.8390230655E-05
      5450.3551995487      -27.1139247000       -2.1675291445    2.7610964707E-05    1.0994017912E-06    2.6511562916E-05
      5450.4551995487      -27.0139247000       -2.1614661250    2.5765622905E-05    9.0847367348E-07    2.4857149232E-05
      5450.5551995487      -26.9139247000       -2.1553860506    2.4106238235E-05    7.0977337946E-07    2.3396464856E-05
      5450.6551995487      -26.8139247000       -2.1492887764    2.2638188904E-05    5.3415283841E-07    2.2104036066E-05
      5450.7551995487      -26.7139247000       -2.1431739571    2.1376427347E-05    4.2274779049E-07    2.0953679557E-05
      5450.8551995487      -26.6139247000       -2.1370418405    2.0328798505E-05    3.9798559309E-07    1.9930812912E-05
      5450.9551995487      -26.5139247000       -2.1308920774    1.9493344025E-05    4.7473895847E-07    1.9018605066E-05
      5451.0551995487      -26.4139247000       -2.1247246148    1.8842846879E-05    6.3881369834E-07    1.8204033181E-05
      5451.1551995487      -26.3139247000       -2.1185389966    1.8326667348E-05    8.5128322612E-07    1.7475384122E-05
      5451.2551995487      -26.2139247000       -2.1123354666    1.7896186798E-05    1.0726762711E-06    1.6823510527E-05
      5451.3551995487      -26.1139247000       -2.1061134621    1.7514202722E-05    1.2715453376E-06    1.6242657384E-05
      5451.4551995487      -26.0139247000       -2.0998731230    1.7166166623E-05    1.4415436336E-06    1.5724622989E-05
      5451.5551995487      -25.9139247000       -2.0936141837    1.6843815176E-05    1.5816434681E-06    1.5262171708E-05
      5451.6551995487      -25.8139247000       -2.0873364768    1.6548493523E-05    1.6953163185E-06    1.4853177205E-05
      5451.7551995487      -25.7139247000       -2.0810399349    1.6282368537E-05    1.7916467946E-06    1.4490721742E-05
      5451.8551995487      -25.6139247000       -2.0747241812    1.6047028104E-05    1.8724610987E-06    1.4174567005E-05
      5451.9551995487      -25.5139247000       -2.0683890398    1.5833539974E-05    1.9383881485E-06    1.3895151825E-05
      5452.0551995487      -25.4139247000       -2.0620345383    1.5654165750E-05    1.9974819435E-06    1.3656683806E-05
      5452.1551995487      -25.3139247000       -2.0556603938    1.5502314245E-05    2.0499744457E-06    1.3452339799E-05
      5452.2551995487      -25.2139247000       -2.0492663191    1.5383053112E-05    2.0966291296E-06    1.3286423983E-05
      5452.3551995487      -25.1139247000       -2.0428523353    1.5288851177E-05    2.1409006479E-06    1.3147950529E-05
      5452.4551995487      -25.0139247000       -2.0364182544    1.5225997439E-05    2.1814705422E-06    1.3044526897E-05
      5452.5551995487      -24.9139247000       -2.0299635708    1.5186653715E-05    2.2198475131E-06    1.2966806202E-05
      5452.6551995487      -24.8139247000       -2.0234882976    1.5176081784E-05    2.2593991428E-06    1.2916682641E-05
      5452.7551995487      -24.7139247000       -2.0169923421    1.5195095853E-05    2.2961451043E-06    1.2898950748E-05
      5452.8551995487      -24.6139247000       -2.0104753979    1.5242112546E-05    2.3325302638E-06    1.2909582282E-05
      5452.9551995487      -24.5139247000       -2.0039373664    1.5319216092E-05    2.3687946161E-06    1.2950421476E-05
      5453.0551995487      -24.4139247000       -1.9973778275    1.5418005815E-05    2.4040330897E-06    1.3013972725E-05
      5453.1551995487      -24.3139247000       -1.9907966756    1.5555393625E-05    2.4423342993E-06    1.3113059325E-05
      5453.2551995487      -24.2139247000       -1.9841936954    1.5720301187E-05    2.4824154302E-06    1.3237885756E-05
      5453.3551995487      -24.1139247000       -1.9775686684    1.5923799156E-05    2.5207726704E-06    1.3403026486E-05
      5453.4551995487      -24.0139247000       -1.9709213723    1.6149084008E-05    2.5594302829E-06    1.3589653725E-05
      5453.5551995487      -23.9139247000       -1.9642514726    1.6416998385E-05    2.6006530877E-06    1.3816345298E-05
      5453.6551995487      -23.8139247000       -1.9575590644    1.6715413423E-05    2.6403764156E-06    1.4075037008E-05
      5453.7551995487      -23.7139247000       -1.9508434797    1.7056767080E-05    2.6835596302E-06    1.4373207449E-05
      5453.8551995487      -23.6139247000       -1.9441048068    1.7448959720E-05    2.7309568616E-06    1.4718002858E-05
      5453.9551995487      -23.5139247000       -1.9373425850    1.7897976106E-05    2.7778803526E-06    1.5120095754E-05
      5454.0551995487      -23.4139247000       -1.9305568976    1.8418398622E-05    2.8257050180E-06    1.5592693604E-05
      5454.1551995487      -23.3139247000       -1.9237471643    1.8952792447E-05    2.8761038888E-06    1.6076688558E-05
      5454.2551995487      -23.2139247000       -1.9169132400    1.9499177611E-05    2.9279456679E-06    1.6571231943E-05
      5454.3551995487      -23.1139247000       -1.9100548649    2.0157717261E-05    2.9823999955E-06    1.7175317265E-05
      5454.4551995487      -23.0139247000       -1.9031716630    2.0922303723E-05    3.0403251548E-06    1.7881978568E-05
      5454.5551995487      -22.9139247000       -1.8962635883    2.1907662906E-05    3.0983260501E-06    1.8809336856E-05
      5454.6551995487      -22.8139247000       -1.8893303116    2.2704021660E-05    3.1602716019E-06    1.9543750059E-05
      5454.7551995487      -22.7139247000       -1.8823713850    2.3385522669E-05    3.2238094295E-06    2.0161713239E-05
      5454.8551995487      -22.6139247000       -1.8753866931    2.4321959624E-05    3.2918836918E-06    2.1030075932E-05
      5454.9551995487      -22.5139247000       -1.8683758899    2.5403578839E-05    3.3651801288E-06    2.2038398710E-05
      5455.0551995487      -22.4139247000       -1.8613385661    2.6647469565E-05    3.4410909329E-06    2.3206378632E-05
      5455.1551995487      -22.3139247000       -1.8542747067    2.8042406947E-05    3.5213208217E-06    2.4521086125E-05
      5455.2551995487      -22.2139247000       -1.8471837768    2.9630121704E-05    3.6057588339E-06    2.6024362870E-05
      5455.3551995487      -22.1139247000       -1.8400654635    3.1435522730E-05    3.6928020915E-06    2.7742720639E-05
      5455.4551995487      -22.0139247000       -1.8329196219    3.3492148520E-05    3.7831138672E-06    2.9709034653E-05
      5455.5551995487      -21.9139247000       -1.8257456956    3.5854647348E-05    3.8810737504E-06    3.1973573597E-05
      5455.6551995487      -21.8139247000       -1.8185434692    3.8638022081E-05    3.9855155034E-06    3.4652506578E-05
      5455.7551995487      -21.7139247000       -1.8113126640    4.2127373739E-05    4.0953953447E-06    3.8031978394E-05
      5455.8551995487      -21.6139247000       -1.8040528774    4.5249928672E-05    4.2124507673E-06    4.1037477904E-05
      5455.9551995487      -21.5139247000       -1.7967637579    4.8678620610E-05    4.3374809749E-06    4.4341139635E-05
      5456.0551995487      -21.4139247000       -1.7894449472    5.3108019973E-05    4.4697792286E-06    4.8638240745E-05
      5456.1551995487      -21.3139247000       -1.7820960198    5.8461429234E-05    4.6116645911E-06    5.3849764643E-05
      5456.2551995487      -21.2139247000       -1.7747167214    6.4904518128E-05    4.7624605817E-06    6.0142057546E-05
      5456.3551995487      -21.1139247000       -1.7673066114    7.2832168345E-05    4.9249963175E-06    6.7907172028E-05
      5456.4551995487      -21.0139247000       -1.7598653006    8.1510320865E-05    5.1015122180E-06    7.6408808647E-05
      5456.5551995487      -20.9139247000       -1.7523924522    9.2618930851E-05    5.2915556293E-06    8.7327375222E-05
      5456.6551995487      -20.8139247000       -1.7448874780    1.0657008718E-04    5.4966566622E-06    1.0107343052E-04
      5456.7551995487      -20.7139247000       -1.7373500231    1.2407598555E-04    5.7208036611E-06    1.1835518189E-04
      5456.8551995487      -20.6139247000       -1.7297798473    1.4611448841E-04    5.9675807328E-06    1.4014690768E-04
      5456.9551995487      -20.5139247000       -1.7221764574    1.7388721772E-04    6.2349161163E-06    1.6765230161E-04
      5457.0551995487      -20.4139247000       -1.7145392874    2.0857093215E-04    6.5338508357E-06    2.0203708131E-04
      5457.1551995487      -20.3139247000       -1.7068679461    2.5054317642E-04    6.8681600196E-06    2.4367501640E-04
      5457.2551995487      -20.2139247000       -1.6991619081    2.9813521792E-04    7.2409045544E-06    2.9089431336E-04
      5457.3551995487      -20.1139247000       -1.6914208250    3.4578687075E-04    7.6611050284E-06    3.3812576572E-04
      5457.4551995487      -20.0139247000       -1.6836440871    3.8241370023E-04    8.1423170021E-06    3.7427138323E-04
      5457.5551995487      -19.9139247000       -1.6758313884    3.9624343309E-04    8.6941041562E-06    3.8754932893E-04
      5457.6551995487      -19.8139247000       -1.6679819684    3.8265132791E-04    9.3279594228E-06    3.7332336849E-04
      5457.7551995487      -19.7139247000       -1.6600954986    3.4834812273E-04    1.0064597991E-05    3.3828352474E-04
      5457.8551995487      -19.6139247000       -1.6521713195    3.0535642921E-04    1.0917810346E-05    2.9443861886E-04
      5457.9551995487      -19.5139247000       -1.6442090801    2.6357351867E-04    1.1897844926E-05    2.5167567375E-04
      5458.0551995487      -19.4139247000       -1.6362080298    2.2843920352E-04    1.3007032396E-05    2.1543217113E-04
      5458.1551995487      -19.3139247000       -1.6281675962    2.0083509389E-04    1.4246152359E-05    1.8658894153E-04
      5458.2551995487      -19.2139247000       -1.6200872587    1.7993094082E-04    1.5611763147E-05    1.6431917767E-04
      5458.3551995487      -19.1139247000       -1.6119665493    1.6479381357E-04    1.7095378898E-05    1.4769843467E-04
      5458.4551995487      -19.0139247000       -1.6038045893    1.5437953109E-04    1.8686266341E-05    1.3569326475E-04
      5458.5551995487      -18.9139247000       -1.5956009458    1.4791757065E-04    2.0378696899E-05    1.2753887375E-04
      5458.6551995487      -18.8139247000       -1.5873549054    1.4484387365E-04    2.2161709540E-05    1.2268216411E-04
      5458.7551995487      -18.7139247000       -1.5790658039    1.4480470620E-04    2.4026366904E-05    1.2077833929E-04
      5458.8551995487      -18.6139247000       -1.5707329596    1.4761749136E-04    2.5966445641E-05    1.2165104572E-04
      5458.9551995487      -18.5139247000       -1.5623556045    1.5319711119E-04    2.7973039399E-05    1.2522407180E-04
      5459.0551995487      -18.4139247000       -1.5539332242    1.6150097057E-04    3.0040331285E-05    1.3146063929E-04
      5459.1551995487      -18.3139247000       -1.5454648759    1.7255827238E-04    3.2161935629E-05    1.4039633675E-04
      5459.2551995487      -18.2139247000       -1.5369497306    1.8602468176E-04    3.4332698045E-05    1.5169198372E-04
      5459.3551995487      -18.1139247000       -1.5283873543    2.0168893749E-04    3.6546973906E-05    1.6514196359E-04
      5459.4551995487      -18.0139247000       -1.5197766685    2.1992832526E-04    3.8799656363E-05    1.8112866890E-04
      5459.5551995487      -17.9139247000       -1.5111168475    2.4124799183E-04    4.1088737467E-05    2.0015925436E-04
      5459.6551995487      -17.8139247000       -1.5024071833    2.6686436281E-04    4.3411112702E-05    2.2345325011E-04
      5459.7551995487      -17.7139247000       -1.4936466613    2.9830302161E-04    4.5762313452E-05    2.5254070816E-04
      5459.8551995487      -17.6139247000       -1.4848345966    3.4397127835E-04    4.8134664330E-05    2.9583661402E-04
      5459.9551995487      -17.5139247000       -1.4759697774    3.9402976899E-04    5.0529055806E-05    3.4350071318E-04
      5460.0551995487      -17.4139247000       -1.4670513925    4.5145322197E-04    5.2945044006E-05    3.9850817796E-04
      5460.1551995487      -17.3139247000       -1.4580786051    5.1286047956E-04    5.5376188791E-05    4.5748429077E-04
      5460.2551995487      -17.2139247000       -1.4490501841    5.7126727692E-04    5.7821770663E-05    5.1344550626E-04
      5460.3551995487      -17.1139247000       -1.4399650831    6.1746656039E-04    6.0277842899E-05    5.5718871749E-04
      5460.4551995487      -17.0139247000       -1.4308223713    6.4335518390E-04    6.2744725843E-05    5.8061045806E-04
      5460.5551995487      -16.9139247000       -1.4216208621    6.4575727656E-04    6.5221762745E-05    5.8053551381E-04
      5460.6551995487      -16.8139247000       -1.4123593311    6.2742160215E-04    6.7701849430E-05    5.5971975272E-04
      5460.7551995487      -16.7139247000       -1.4030367413    5.9473201150E-04    7.0187797313E-05    5.2454421418E-04
      5460.8551995487      -16.6139247000       -1.3936517912    5.5427343320E-04    7.2678561966E-05    4.8159487124E-04
      5460.9551995487      -16.5139247000       -1.3842032890    5.1093288364E-04    7.5170551758E-05    4.3576233189E-04
      5461.0551995487      -16.4139247000       -1.3746896148    4.6769173546E-04    7.7661451743E-05    3.9003028372E-04
      5461.1551995487      -16.3139247000       -1.3651097958    4.2487541027E-04    8.0153199597E-05    3.4472221067E-04
      5461.2551995487      -16.2139247000       -1.3554622724    3.8564798264E-04    8.2642226097E-05    3.0300575655E-04
      5461.3551995487      -16.1139247000       -1.3457455886    3.5016811996E-04    8.5129325114E-05    2.6503879485E-04
      5461.4551995487      -16.0139247000       -1.3359582354    3.1871421919E-04    8.7613491384E-05    2.3110072781E-04
      5461.5551995487      -15.9139247000       -1.3260986079    2.9140128780E-04    9.0092280686E-05    2.0130900711E-04
      5461.6551995487      -15.8139247000       -1.3161652030    2.6815696254E-04    9.2564322481E-05    1.7559264005E-04
      5461.7551995487      -15.7139247000       -1.3061560932    2.4881674474E-04    9.5029721649E-05    1.5378702309E-04
      5461.8551995487      -15.6139247000       -1.2960698529    2.3270157020E-04    9.7486791107E-05    1.3521477910E-04
      5461.9551995487      -15.5139247000       -1.2859044190    2.1939232934E-04    9.9939920222E-05    1.1945240912E-04
      5462.0551995487      -15.4139247000       -1.2756579815    2.0846016916E-04    1.0237847878E-04    1.0608169038E-04
      5462.1551995487      -15.3139247000       -1.2653286568    1.9961518489E-04    1.0480991335E-04    9.4805271547E-05
      5462.2551995487      -15.2139247000       -1.2549141860    1.9262986219E-04    1.0723443316E-04    8.5395429024E-05
      5462.3551995487      -15.1139247000       -1.2444126452    1.8741668231E-04    1.0964180075E-04    7.7774881564E-05
      5462.4551995487      -15.0139247000       -1.2338217681    1.8402003483E-04    1.1204265224E-04    7.1977382589E-05
      5462.5551995487      -14.9139247000       -1.2231391035    1.8256591781E-04    1.1443170221E-04    6.8134215594E-05
      5462.6551995487      -14.8139247000       -1.2123624006    1.8328567887E-04    1.1680654926E-04    6.6479129612E-05
      5462.7551995487      -14.7139247000       -1.2014889076    1.8642695519E-04    1.1916352669E-04    6.7263428500E-05
      5462.8551995487      -14.6139247000       -1.1905161958    1.9218042191E-04    1.2151425510E-04    7.0666166816E-05
      5462.9551995487      -14.5139247000       -1.1794413607    2.0041808909E-04    1.2384419848E-04    7.6573890618E-05
      5463.0551995487      -14.4139247000       -1.1682616348    2.1052898601E-04    1.2615698854E-04    8.4371997465E-05
      5463.1551995487      -14.3139247000       -1.1569737473    2.2128970083E-04    1.2846053025E-04    9.2829170581E-05
      5463.2551995487      -14.2139247000       -1.1455747332    2.3104133907E-04    1.3074776973E-04    1.0029356934E-04
      5463.3551995487      -14.1139247000       -1.1340611477    2.3816929203E-04    1.3301147879E-04    1.0515781324E-04
      5463.4551995487      -14.0139247000       -1.1224294177    2.4170823362E-04    1.3526398783E-04    1.0644424579E-04
      5463.5551995487      -13.9139247000       -1.1106758793    2.4156254127E-04    1.3749667323E-04    1.0406586804E-04
      5463.6551995487      -13.8139247000       -1.0987966719    2.3833465332E-04    1.3971023683E-04    9.8624416488E-05
      5463.7551995487      -13.7139247000       -1.0867876258    2.3288344143E-04    1.4189913576E-04    9.0984305665E-05
      5463.8551995487      -13.6139247000       -1.0746443882    2.2600980987E-04    1.4407262138E-04    8.1937188494E-05
      5463.9551995487      -13.5139247000       -1.0623623074    2.1828346631E-04    1.4622352260E-04    7.2059943709E-05
      5464.0551995487      -13.4139247000       -1.0499365615    2.1006222639E-04    1.4835321720E-04    6.1709009187E-05
      5464.1551995487      -13.3139247000       -1.0373620906    2.0156223944E-04    1.5045865268E-04    5.1103586754E-05
      5464.2551995487      -13.2139247000       -1.0246331595    1.9291941053E-04    1.5254247910E-04    4.0376931423E-05
      5464.3551995487      -13.1139247000       -1.0117441488    1.8423149819E-04    1.5459514101E-04    2.9636357175E-05
      5464.4551995487      -13.0139247000       -0.9986889138    1.7561351760E-04    1.5663072269E-04    1.8982794913E-05
      5464.5551995487      -12.9139247000       -0.9854606861    1.6712748279E-04    1.5863356344E-04    8.4939193541E-06
      5464.6551995487      -12.8139247000       -0.9720524034    1.5885791176E-04    1.6060842227E-04   -1.7505105149E-06
      5464.7551995487      -12.7139247000       -0.9584566200    1.5086885194E-04    1.6255389889E-04   -1.1685046950E-05
      5464.8551995487      -12.6139247000       -0.9446651558    1.4320908903E-04    1.6446693459E-04   -2.1257845562E-05
      5464.9551995487      -12.5139247000       -0.9306692831    1.3591715406E-04    1.6634857701E-04   -3.0431422956E-05
      5465.0551995487      -12.4139247000       -0.9164598109    1.2900061764E-04    1.6819031223E-04   -3.9189694590E-05
      5465.1551995487      -12.3139247000       -0.9020264387    1.2248143863E-04    1.6999994819E-04   -4.7518509561E-05
      5465.2551995487      -12.2139247000       -0.8873583607    1.1635046565E-04    1.7176558473E-04   -5.5415119078E-05
      5465.3551995487      -12.1139247000       -0.8724437390    1.1059807018E-04    1.7348928578E-04   -6.2891215594E-05
      5465.4551995487      -12.0139247000       -0.8572696437    1.0521321543E-04    1.7516789984E-04   -6.9954684405E-05
      5465.5551995487      -11.9139247000       -0.8418220435    1.0018775451E-04    1.7679788732E-04   -7.6610132803E-05
      5465.6551995487      -11.8139247000       -0.8260856597    9.5492048760E-05    1.7837524010E-04   -8.2883191344E-05
      5465.7551995487      -11.7139247000       -0.8100436294    9.1100590361E-05    1.7989041652E-04   -8.8789826164E-05
      5465.8551995487      -11.6139247000       -0.7936774527    8.7007037672E-05    1.8134286137E-04   -9.4335823696E-05
      5465.9551995487      -11.5139247000       -0.7769666121    8.3185095584E-05    1.8273175885E-04   -9.9546663268E-05
      5466.0551995487      -11.4139247000       -0.7598883343    7.9614791060E-05    1.8403969372E-04   -1.0442490266E-04
      5466.1551995487      -11.3139247000       -0.7424172983    7.6270763591E-05    1.8525835535E-04   -1.0898759176E-04
      5466.2551995487      -11.2139247000       -0.7245250921    7.3146378190E-05    1.8638771310E-04   -1.1324133491E-04
      5466.3551995487      -11.1139247000       -0.7061796655    7.0218649405E-05    1.8741075668E-04   -1.1719210728E-04
      5466.4551995487      -11.0139247000       -0.6873448074    6.7470816091E-05    1.8830876759E-04   -1.2083795150E-04
      5466.5551995487      -10.9139247000       -0.6679791177    6.4889733066E-05    1.8906947672E-04   -1.2417974365E-04
      5466.6551995487      -10.8139247000       -0.6480349265    6.2465425245E-05    1.8967215062E-04   -1.2720672537E-04
      5466.7551995487      -10.7139247000       -0.6274570930    6.0175051641E-05    1.9009155716E-04   -1.2991650552E-04
      5466.8551995487      -10.6139247000       -0.6061812003    5.8002861913E-05    1.9029103145E-04   -1.3228816954E-04
      5466.9551995487      -10.5139247000       -0.5841308174    5.5951168952E-05    1.9024193673E-04   -1.3429076778E-04
      5467.0551995487      -10.4139247000       -0.5612147089    5.3993386495E-05    1.8988497889E-04   -1.3589159239E-04
      5467.1551995487      -10.3139247000       -0.5373221941    5.2116047884E-05    1.8916238156E-04   -1.3704633367E-04
      5467.2551995487      -10.2139247000       -0.5123165798    5.0300549486E-05    1.8799433019E-04   -1.3769378070E-04
      5467.3551995487      -10.1139247000       -0.4860262017    4.8532042890E-05    1.8627674402E-04   -1.3774470113E-04
      5467.4551995487      -10.0139247000       -0.4582299055    4.6777911735E-05    1.8386965693E-04   -1.3709174519E-04
      5467.5551995887       -9.9139246600       -0.4286348218    4.5022853428E-05    1.8060809861E-04   -1.3558524518E-04
      5467.6551995887       -9.8139246600       -0.3968387263    4.3216541462E-05    1.7625663669E-04   -1.3304009523E-04
      5467.7551995887       -9.7139246600       -0.3622625460    4.1314909920E-05    1.7053984604E-04   -1.2922493612E-04
      5467.8551995887       -9.6139246600       -0.3240174632    3.9261246516E-05    1.6313224367E-04   -1.2387099715E-04
      5467.9551995887       -9.5139246600       -0.2806073544    3.7004285188E-05    1.5371570912E-04   -1.1671142393E-04
      5468.0551995887       -9.4139246600       -0.2291149527    3.4503568318E-05    1.4210909217E-04   -1.0760552385E-04
      5468.1551995887       -9.3139246600       -0.1620087316    3.1772084517E-05    1.2847944190E-04   -9.6707357386E-05
      5468.2551995887       -9.2139246600        0.0000000000    2.8891668626E-05    1.1355153219E-04   -8.4659863568E-05
      5468.3551995887       -9.1139246600        0.1620087316    2.6067436159E-05    9.8486553228E-05   -7.2419117070E-05
      5468.4551995887       -9.0139246600        0.2291149527    2.3450435145E-05    8.4474279510E-05   -6.1023844365E-05
      5468.5551995887       -8.9139246600        0.2806073544    2.1148009541E-05    7.2255773668E-05   -5.1107764127E-05
      5468.6551995887       -8.8139246600        0.3240174632    1.9186406517E-05    6.2034625042E-05   -4.2848218526E-05
      5468.7551995887       -8.7139246600        0.3622625460    1.7538349791E-05    5.3660688293E-05   -3.6122338502E-05
      5468.8551995887       -8.6139246600        0.3968387263    1.6155593410E-05    4.6843136237E-05   -3.0687542826E-05
      5468.9551995887       -8.5139246600        0.4286348218    1.4988584986E-05    4.1279071834E-05   -2.6290486849E-05
      5469.0551995887       -8.4139246600        0.4582299055    1.3994409152E-05    3.6705776797E-05   -2.2711367645E-05
      5469.1551995887       -8.3139246600        0.4860262017    1.3138470629E-05    3.2912178880E-05   -1.9773708251E-05
      5469.2551995887       -8.2139246600        0.5123165798    1.2393711242E-05    2.9734202501E-05   -1.7340491259E-05
      5469.3551995887       -8.1139246600        0.5373221941    1.1739178185E-05    2.7045819587E-05   -1.5306641402E-05
      5469.4551995887       -8.0139246600        0.5612147089    1.1158639291E-05    2.4750334939E-05   -1.3591695647E-05
      5469.5551995887       -7.9139246600        0.5841308174    1.0639445445E-05    2.2773220461E-05   -1.2133775016E-05
      5469.6551995887       -7.8139246600        0.6061812003    1.0171654405E-05    2.1056603131E-05   -1.0884948726E-05
      5469.7551995887       -7.7139246600        0.6274570930    9.7473740808E-06    1.9555143813E-05   -9.8077697320E-06
      5469.8551995887       -7.6139246600        0.6480349265    9.3602750678E-06    1.8232988491E-05   -8.8727134232E-06
      5469.9551995887       -7.5139246600        0.6679791177    9.0052291036E-06    1.7061516084E-05   -8.0562869800E-06
      5470.0551995887       -7.4139246600        0.6873448074    8.6780398037E-06    1.6017668824E-05   -7.3396290203E-06
      5470.1551995887       -7.3139246600        0.7061796655    8.3752407631E-06    1.5082706763E-05   -6.7074660003E-06
      5470.2551995887       -7.2139246600        0.7245250921    8.0939429259E-06    1.4241271485E-05   -6.1473285587E-06
      5470.3551995887       -7.1139246600        0.7424172983    7.8317181725E-06    1.3480676330E-05   -5.6489581573E-06
      5470.4551995887       -7.0139246600        0.7598883343    7.5865097221E-06    1.2790363671E-05   -5.2038539491E-06
      5470.5551995887       -6.9139246600        0.7769666121    7.3565625431E-06    1.2161486308E-05   -4.8049237649E-06
      5470.6551995887       -6.8139246600        0.7936774527    7.1403688246E-06    1.1586581862E-05   -4.4462130370E-06
      5470.7551995887       -6.7139246600        0.8100436294    6.9366248792E-06    1.1059317420E-05   -4.1226925404E-06
      5470.8551995887       -6.6139246600        0.8260856597    6.7441967997E-06    1.0574287690E-05   -3.8300908907E-06
      5470.9551995887       -6.5139246600        0.8418220435    6.5620928735E-06    1.0126854247E-05   -3.5647613738E-06
      5471.0551995887       -6.4139246600        0.8572696437    6.3894412588E-06    9.7130165736E-06   -3.3235753148E-06
      5471.1551995887       -6.3139246600        0.8724437390    6.2254717878E-06    9.3293079087E-06   -3.1038361209E-06
      5471.2551995887       -6.2139246600        0.8873583607    6.0695010342E-06    8.9727105769E-06   -2.9032095427E-06
      5471.3551995887       -6.1139246600        0.9020264387    5.9209199782E-06    8.6405867268E-06   -2.7196667487E-06
      5471.4551995887       -6.0139246600        0.9164598109    5.7791837560E-06    8.3306213461E-06   -2.5514375901E-06
      5471.5551995887       -5.9139246600        0.9306692831    5.6438030907E-06    8.0407751111E-06   -2.3969720204E-06
      5471.6551995887       -5.8139246600        0.9446651558    5.5143370897E-06    7.7692451702E-06   -2.2549080805E-06
      5471.7551995887       -5.7139246600        0.9584566200    5.3903871582E-06    7.5144323587E-06   -2.1240452005E-06
      5471.8551995887       -5.6139246600        0.9720524034    5.2715918306E-06    7.2749136614E-06   -2.0033218308E-06
      5471.9551995887       -5.5139246600        0.9854606861    5.1576223606E-06    7.0494189760E-06   -1.8917966154E-06
      5472.0551995887       -5.4139246600        0.9986889138    5.0481789408E-06    6.8368114211E-06   -1.7886324803E-06
      5472.1551995887       -5.3139246600        1.0117441488    4.9429874488E-06    6.6360705790E-06   -1.6930831303E-06
      5472.2551995887       -5.2139246600        1.0246331595    4.8417966348E-06    6.4462781797E-06   -1.6044815449E-06
      5472.3551995887       -5.1139246600        1.0373620906    4.7443756811E-06    6.2666058241E-06   -1.5222301430E-06
      5472.4551995887       -5.0139246600        1.0499365615    4.6505120766E-06    6.0963044183E-06   -1.4457923417E-06
      5472.5551995887       -4.9139246600        1.0623623074    4.5600097587E-06    5.9346950495E-06   -1.3746852908E-06
      5472.6551995887       -4.8139246600        1.0746443882    4.4726874846E-06    5.7811610806E-06   -1.3084735960E-06
      5472.7551995887       -4.7139246600        1.0867876258    4.3883773970E-06    5.6351412785E-06   -1.2467638816E-06
      5472.8551995887       -4.6139246600        1.0987966719    4.3069237595E-06    5.4961238250E-06   -1.1892000654E-06
      5472.9551995887       -4.5139246600        1.1106758793    4.2281818367E-06    5.3636410787E-06   -1.1354592420E-06
      5473.0551995887       -4.4139246600        1.1224294177    4.1520168996E-06    5.2372649845E-06   -1.0852480849E-06
      5473.1551995887       -4.3139246600        1.1340611477    4.0783033410E-06    5.1166030368E-06   -1.0382996958E-06
      5473.2551995887       -4.2139246600        1.1455747332    4.0069238860E-06    5.0012947227E-06   -9.9437083670E-07
