# # Once                                                         FEFF 10.0.0 
# # POT  SCF  30  3.0000   0, NO core-hole, AFOLP (folp(0)= 1.150)
# # Abs   Z=15 Rmt= 1.365 Rnm= 1.439 K  shell
# # Pot 1 Z=60 Rmt= 1.794 Rnm= 1.830
# # Pot 2 Z=60 Rmt= 1.795 Rnm= 1.831
# # Pot 3 Z=28 Rmt= 1.353 Rnm= 1.427
# # Pot 4 Z=15 Rmt= 1.365 Rnm= 1.439
# # Gam_ch=4.583E-01 H-L exch Vi= 0.000E+00 Vr= 0.000E+00
# # Mu=-1.101E+01eV kf=1.996E+00 Vint=-1.991E+01eV Rs_int= 1.817
# FMS rfms= 4.0000
# # PATH  Rmax= 0.100,  Keep_limit= 0.00, Heap_limit 0.00  Pwcrit= 2.50%
#  S02=1.000  Temp=   0.00  Debye_temp=   0.00  Global_sig2= 0.00000
#  Energy zero shift, vr, vi    0.00000E+00   0.00000E+00
#  Curved wave amplitude ratio filter   4.000%
#     file         sig2 tot  cw amp ratio   deg  nlegs   reff  inp sig2
#     0/   0 paths used
#  xsedge+ 50, used to normalize mu           1.0000E+00
#  -----------------------------------------------------------------------
#  omega    e    k    mu    mu0     chi     @#
      2116.4547799528      -41.0105725000       -2.8060734827    6.5021033794E-06    6.3988747628E-06    1.0322861660E-07
      2116.5547799528      -40.9105725000       -2.8013927219    5.8750133987E-06    5.7736090228E-06    1.0140437593E-07
      2116.6547799528      -40.8105725000       -2.7967044314    5.3009532194E-06    5.2011598716E-06    9.9793347779E-08
      2116.7547799528      -40.7105725000       -2.7920079635    4.8137574034E-06    4.7151701309E-06    9.8587272548E-08
      2116.8547799528      -40.6105725000       -2.7873035823    4.4163394088E-06    4.3185109906E-06    9.7828418175E-08
      2116.9547799528      -40.5105725000       -2.7825912477    4.0990860476E-06    4.0016176283E-06    9.7468419294E-08
      2117.0547799528      -40.4105725000       -2.7778710724    3.8462808823E-06    3.7488239608E-06    9.7456921412E-08
      2117.1547799528      -40.3105725000       -2.7731428629    3.6428461751E-06    3.5451190634E-06    9.7727111691E-08
      2117.2547799528      -40.2105725000       -2.7684065780    3.4792363243E-06    3.3810065475E-06    9.8229776805E-08
      2117.3547799528      -40.1105725000       -2.7636620222    3.3485104963E-06    3.2495792878E-06    9.8931208530E-08
      2117.4547799528      -40.0105725000       -2.7589093071    3.2420207168E-06    3.1422349459E-06    9.9785770848E-08
      2117.5547799528      -39.9105725000       -2.7541485450    3.1531966742E-06    3.0524400149E-06    1.0075665922E-07
      2117.6547799528      -39.8105725000       -2.7493792296    3.0810546499E-06    2.9792152718E-06    1.0183937812E-07
      2117.7547799528      -39.7105725000       -2.7446019368    3.0198500133E-06    2.9168210040E-06    1.0302900927E-07
      2117.8547799528      -39.6105725000       -2.7398161586    2.9693826137E-06    2.8650876730E-06    1.0429494064E-07
      2117.9547799528      -39.5105725000       -2.7350221619    2.9305661474E-06    2.8249262302E-06    1.0563991717E-07
      2118.0547799528      -39.4105725000       -2.7302195915    2.8954914050E-06    2.7884216292E-06    1.0706977572E-07
      2118.1547799528      -39.3105725000       -2.7254087145    2.8658610214E-06    2.7573031447E-06    1.0855787664E-07
      2118.2547799528      -39.2105725000       -2.7205891738    2.8412761803E-06    2.7311607318E-06    1.1011544846E-07
      2118.3547799528      -39.1105725000       -2.7157610802    2.8217082105E-06    2.7099572239E-06    1.1175098658E-07
      2118.4547799528      -39.0105725000       -2.7109245448    2.8078352348E-06    2.6943887570E-06    1.1344647775E-07
      2118.5547799528      -38.9105725000       -2.7060793652    2.7962151092E-06    2.6810245174E-06    1.1519059182E-07
      2118.6547799528      -38.8105725000       -2.7012253372    2.7888234487E-06    2.6718244440E-06    1.1699900468E-07
      2118.7547799528      -38.7105725000       -2.6963627289    2.7820970545E-06    2.6632191165E-06    1.1887793802E-07
      2118.8547799528      -38.6105725000       -2.6914911773    2.7761971920E-06    2.6553922732E-06    1.2080491882E-07
      2118.9547799528      -38.5105725000       -2.6866107923    2.7757009642E-06    2.6529063413E-06    1.2279462284E-07
      2119.0547799528      -38.4105725000       -2.6817216844    2.7759374293E-06    2.6510771335E-06    1.2486029582E-07
      2119.1547799528      -38.3105725000       -2.6768236467    2.7778679528E-06    2.6508864822E-06    1.2698147060E-07
      2119.2547799528      -38.2105725000       -2.6719164709    2.7814847035E-06    2.6523010733E-06    1.2918363012E-07
      2119.3547799528      -38.1105725000       -2.6670003458    2.7867437975E-06    2.6552964685E-06    1.3144732905E-07
      2119.4547799528      -38.0105725000       -2.6620749822    2.7935024775E-06    2.6597364633E-06    1.3376601418E-07
      2119.5547799528      -37.9105725000       -2.6571408892    2.8016447248E-06    2.6654927339E-06    1.3615199092E-07
      2119.6547799528      -37.8105725000       -2.6521972158    2.8111102598E-06    2.6724945368E-06    1.3861572306E-07
      2119.7547799528      -37.7105725000       -2.6472443905    2.8215998243E-06    2.6804265259E-06    1.4117329841E-07
      2119.8547799528      -37.6105725000       -2.6422825231    2.8332623177E-06    2.6894501963E-06    1.4381212134E-07
      2119.9547799528      -37.5105725000       -2.6373109976    2.8436444445E-06    2.6971162237E-06    1.4652822078E-07
      2120.0547799528      -37.4105725000       -2.6323304061    2.8574389372E-06    2.7081295777E-06    1.4930935954E-07
      2120.1547799528      -37.3105725000       -2.6273402110    2.8715822345E-06    2.7194037370E-06    1.5217849752E-07
      2120.2547799528      -37.2105725000       -2.6223404386    2.8855769099E-06    2.7304236025E-06    1.5515330750E-07
      2120.3547799528      -37.1105725000       -2.6173310341    2.9024591767E-06    2.7442474068E-06    1.5821176986E-07
      2120.4547799528      -37.0105725000       -2.6123121864    2.9201134290E-06    2.7587286493E-06    1.6138477968E-07
      2120.5547799528      -36.9105725000       -2.6072836779    2.9368994321E-06    2.7722416382E-06    1.6465779390E-07
      2120.6547799528      -36.8105725000       -2.6022454524    2.9561929123E-06    2.7881668360E-06    1.6802607634E-07
      2120.7547799528      -36.7105725000       -2.5971975353    2.9748476951E-06    2.8033299267E-06    1.7151776841E-07
      2120.8547799528      -36.6105725000       -2.5921397059    2.9961345433E-06    2.8210191295E-06    1.7511541385E-07
      2120.9547799528      -36.5105725000       -2.5870719882    3.0181133326E-06    2.8392584683E-06    1.7885486425E-07
      2121.0547799528      -36.4105725000       -2.5819943241    3.0367113516E-06    2.8539915561E-06    1.8271979547E-07
      2121.1547799528      -36.3105725000       -2.5769064895    3.0586294535E-06    2.8719223028E-06    1.8670715069E-07
      2121.2547799528      -36.2105725000       -2.5718088379    3.0834238055E-06    2.8925720097E-06    1.9085179585E-07
      2121.3547799528      -36.1105725000       -2.5667009792    3.1088224211E-06    2.9136882138E-06    1.9513420731E-07
      2121.4547799528      -36.0105725000       -2.5615830183    3.1330691472E-06    2.9334712127E-06    1.9959793452E-07
      2121.5547799528      -35.9105725000       -2.5564546449    3.1559613410E-06    2.9517291770E-06    2.0423216401E-07
      2121.6547799528      -35.8105725000       -2.5513159630    3.1818900485E-06    2.9728444959E-06    2.0904555252E-07
      2121.7547799528      -35.7105725000       -2.5461671610    3.2109638550E-06    2.9969232332E-06    2.1404062182E-07
      2121.8547799528      -35.6105725000       -2.5410077586    3.2391165020E-06    3.0198982955E-06    2.1921820649E-07
      2121.9547799528      -35.5105725000       -2.5358376910    3.2674160734E-06    3.0427914669E-06    2.2462460647E-07
      2122.0547799528      -35.4105725000       -2.5306573135    3.2967850068E-06    3.0665287524E-06    2.3025625437E-07
      2122.1547799528      -35.3105725000       -2.5254661412    3.3243536125E-06    3.0882424499E-06    2.3611116260E-07
      2122.2547799528      -35.2105725000       -2.5202643607    3.3550348828E-06    3.1127876431E-06    2.4224723967E-07
      2122.3547799528      -35.1105725000       -2.5150517369    3.3875863774E-06    3.1389181153E-06    2.4866826210E-07
      2122.4547799528      -35.0105725000       -2.5098283720    3.4207725500E-06    3.1654259399E-06    2.5534661012E-07
      2122.5547799528      -34.9105725000       -2.5045941987    3.4541634414E-06    3.1918068796E-06    2.6235656172E-07
      2122.6547799528      -34.8105725000       -2.4993488936    3.4884594822E-06    3.2187644705E-06    2.6969501172E-07
      2122.7547799528      -34.7105725000       -2.4940928131    3.5234087753E-06    3.2460073535E-06    2.7740142182E-07
      2122.8547799528      -34.6105725000       -2.4888252905    3.5599591536E-06    3.2744712140E-06    2.8548793959E-07
      2122.9547799528      -34.5105725000       -2.4835469384    3.5967928782E-06    3.3027983682E-06    2.9399450995E-07
      2123.0547799528      -34.4105725000       -2.4782570866    3.6354571382E-06    3.3325114186E-06    3.0294571959E-07
      2123.1547799528      -34.3105725000       -2.4729559193    3.6747616670E-06    3.3623732409E-06    3.1238842608E-07
      2123.2547799528      -34.2105725000       -2.4676435363    3.7151286480E-06    3.3927559159E-06    3.2237273209E-07
      2123.3547799528      -34.1105725000       -2.4623194326    3.7570174260E-06    3.4241328053E-06    3.3288462065E-07
      2123.4547799528      -34.0105725000       -2.4569840519    3.8002475833E-06    3.4562055044E-06    3.4404207884E-07
      2123.5547799528      -33.9105725000       -2.4516369733    3.8442281878E-06    3.4883252194E-06    3.5590296841E-07
      2123.6547799528      -33.8105725000       -2.4462782070    3.8899725070E-06    3.5214911573E-06    3.6848134974E-07
      2123.7547799528      -33.7105725000       -2.4409076762    3.9373926565E-06    3.5555157369E-06    3.8187691960E-07
      2123.8547799528      -33.6105725000       -2.4355253029    3.9855579847E-06    3.5893899848E-06    3.9616799994E-07
      2123.9547799528      -33.5105725000       -2.4301309209    4.0360862480E-06    3.6246096386E-06    4.1147660933E-07
      2124.0547799528      -33.4105725000       -2.4247248012    4.0880932295E-06    3.6602235955E-06    4.2786963405E-07
      2124.1547799528      -33.3105725000       -2.4193062492    4.1418913766E-06    3.6964732411E-06    4.4541813541E-07
      2124.2547799528      -33.2105725000       -2.4138756222    4.1980253317E-06    3.7336562507E-06    4.6436908100E-07
      2124.3547799528      -33.1105725000       -2.4084330151    4.2563411348E-06    3.7715228878E-06    4.8481824705E-07
      2124.4547799528      -33.0105725000       -2.4029778151    4.3172262814E-06    3.8102939141E-06    5.0693236729E-07
      2124.5547799528      -32.9105725000       -2.3975102026    4.3808714003E-06    3.8499211698E-06    5.3095023057E-07
      2124.6547799528      -32.8105725000       -2.3920302705    4.4466365661E-06    3.8895499364E-06    5.5708662970E-07
      2124.7547799528      -32.7105725000       -2.3865376662    4.5161536235E-06    3.9304822060E-06    5.8567141750E-07
      2124.8547799528      -32.6105725000       -2.3810323916    4.5886856036E-06    3.9716640470E-06    6.1702155663E-07
      2124.9547799528      -32.5105725000       -2.3755143584    4.6656750144E-06    4.0141522452E-06    6.5152276913E-07
      2125.0547799528      -32.4105725000       -2.3699834777    4.7467188431E-06    4.0570840684E-06    6.8963477467E-07
      2125.1547799528      -32.3105725000       -2.3644394792    4.8331064352E-06    4.1012029152E-06    7.3190351995E-07
      2125.2547799528      -32.2105725000       -2.3588827215    4.9254032221E-06    4.1463022607E-06    7.7910096139E-07
      2125.3547799528      -32.1105725000       -2.3533128430    5.0237804476E-06    4.1917435730E-06    8.3203687468E-07
      2125.4547799528      -32.0105725000       -2.3477296596    5.1301773064E-06    4.2385183044E-06    8.9165900193E-07
      2125.5547799528      -31.9105725000       -2.3421329852    5.2453467718E-06    4.2860980878E-06    9.5924868407E-07
      2125.6547799528      -31.8105725000       -2.3365232696    5.3707493888E-06    4.3343722490E-06    1.0363771398E-06
      2125.7547799528      -31.7105725000       -2.3308997793    5.5092253575E-06    4.3841939598E-06    1.1250313976E-06
      2125.8547799528      -31.6105725000       -2.3252627805    5.6621997421E-06    4.4344386073E-06    1.2277611348E-06
      2125.9547799528      -31.5105725000       -2.3196119913    5.8338556509E-06    4.4861099058E-06    1.3477457451E-06
      2126.0547799528      -31.4105725000       -2.3139474946    6.0278680773E-06    4.5387047912E-06    1.4891632861E-06
      2126.1547799528      -31.3105725000       -2.3082690972    6.2501590325E-06    4.5924405551E-06    1.6577184774E-06
      2126.2547799528      -31.2105725000       -2.3025766039    6.5069956870E-06    4.6461263259E-06    1.8608693611E-06
      2126.3547799528      -31.1105725000       -2.2968702805    6.8096250999E-06    4.7006421540E-06    2.1089829459E-06
      2126.4547799528      -31.0105725000       -2.2911494664    7.1751321847E-06    4.7584642741E-06    2.4166679107E-06
      2126.5547799528      -30.9105725000       -2.2854144252    7.6202940489E-06    4.8155781263E-06    2.8047159227E-06
      2126.6547799528      -30.8105725000       -2.2796650495    8.1787603402E-06    4.8749676593E-06    3.3037926810E-06
      2126.7547799528      -30.7105725000       -2.2739009498    8.8968116875E-06    4.9363244623E-06    3.9604872252E-06
      2126.8547799528      -30.6105725000       -2.2681222954    9.8442324039E-06    4.9965707993E-06    4.8476616047E-06
      2126.9547799528      -30.5105725000       -2.2623289748    1.1142449588E-05    5.0581623423E-06    6.0842872452E-06
      2127.0547799528      -30.4105725000       -2.2565204976    1.2997578970E-05    5.1243115998E-06    7.8732673700E-06
      2127.1547799528      -30.3105725000       -2.2506972195    1.5762243438E-05    5.1893120712E-06    1.0572931366E-05
      2127.2547799528      -30.2105725000       -2.2448588355    2.0093978800E-05    5.2559680624E-06    1.4838010738E-05
      2127.3547799528      -30.1105725000       -2.2390053225    2.7150503675E-05    5.3254410560E-06    2.1825062618E-05
      2127.4547799528      -30.0105725000       -2.2331362757    3.8438148698E-05    5.3954161826E-06    3.3042732516E-05
      2127.5547799528      -29.9105725000       -2.2272519546    5.3035792733E-05    5.4649328136E-06    4.7570859919E-05
      2127.6547799528      -29.8105725000       -2.2213517586    6.2233576875E-05    5.5374376076E-06    5.6696139267E-05
      2127.7547799528      -29.7105725000       -2.2154361373    5.9139015777E-05    5.6124434405E-06    5.3526572337E-05
      2127.8547799528      -29.6105725000       -2.2095044852    4.8724746929E-05    5.6876303534E-06    4.3037116575E-05
      2127.9547799528      -29.5105725000       -2.2035570592    3.6387766675E-05    5.7645656755E-06    3.0623200999E-05
      2128.0547799528      -29.4105725000       -2.1975933439    2.6474546108E-05    5.8435631935E-06    2.0630982915E-05
      2128.1547799528      -29.3105725000       -2.1916134975    2.0091488176E-05    5.9245427750E-06    1.4166945401E-05
      2128.2547799528      -29.2105725000       -2.1856171930    1.6180443266E-05    6.0062644810E-06    1.0174178785E-05
      2128.3547799528      -29.1105725000       -2.1796046850    1.3731256943E-05    6.0918107031E-06    7.6394462404E-06
      2128.4547799528      -29.0105725000       -2.1735752517    1.2139486082E-05    6.1798108024E-06    5.9596752794E-06
      2128.5547799528      -28.9105725000       -2.1675291445    1.1066353254E-05    6.2666007454E-06    4.7997525089E-06
      2128.6547799528      -28.8105725000       -2.1614661250    1.0326492692E-05    6.3569036874E-06    3.9695890041E-06
      2128.7547799528      -28.7105725000       -2.1553860506    9.8076016687E-06    6.4499914343E-06    3.3576102344E-06
      2128.8547799528      -28.6105725000       -2.1492887764    9.4392237104E-06    6.5441647640E-06    2.8950589464E-06
      2128.9547799528      -28.5105725000       -2.1431739571    9.1785940958E-06    6.6405257293E-06    2.5380683665E-06
      2129.0547799528      -28.4105725000       -2.1370418405    8.9976073675E-06    6.7398714423E-06    2.2577359252E-06
      2129.1547799528      -28.3105725000       -2.1308920774    8.8758862994E-06    6.8415073476E-06    2.0343789518E-06
      2129.2547799528      -28.2105725000       -2.1247246148    8.7991671663E-06    6.9449121978E-06    1.8542549685E-06
      2129.3547799528      -28.1105725000       -2.1185389966    8.7587804757E-06    7.0512630659E-06    1.7075174098E-06
      2129.4547799528      -28.0105725000       -2.1123354666    8.7474192440E-06    7.1603819272E-06    1.5870373168E-06
      2129.5547799528      -27.9105725000       -2.1061134621    8.7605931090E-06    7.2731078701E-06    1.4874852389E-06
      2129.6547799528      -27.8105725000       -2.0998731230    8.7921581360E-06    7.3873983022E-06    1.4047598338E-06
      2129.7547799528      -27.7105725000       -2.0936141837    8.8408259842E-06    7.5049108671E-06    1.3359151170E-06
      2129.8547799528      -27.6105725000       -2.0873364768    8.9049078261E-06    7.6264140692E-06    1.2784937569E-06
      2129.9547799528      -27.5105725000       -2.0810399349    8.9821807985E-06    7.7516027850E-06    1.2305780135E-06
      2130.0547799528      -27.4105725000       -2.0747241812    9.0689481159E-06    7.8781359364E-06    1.1908121795E-06
      2130.1547799528      -27.3105725000       -2.0683890398    9.1646664549E-06    8.0068288457E-06    1.1578376092E-06
      2130.2547799528      -27.2105725000       -2.0620345383    9.2718538658E-06    8.1409650499E-06    1.1308888158E-06
      2130.3547799528      -27.1105725000       -2.0556603938    9.3866063838E-06    8.2776178841E-06    1.1089884998E-06
      2130.4547799528      -27.0105725000       -2.0492663191    9.5085582748E-06    8.4169178896E-06    1.0916403852E-06
      2130.5547799528      -26.9105725000       -2.0428523353    9.6409646883E-06    8.5625508896E-06    1.0784137988E-06
      2130.6547799528      -26.8105725000       -2.0364182544    9.7797617205E-06    8.7109631752E-06    1.0687985454E-06
      2130.7547799528      -26.7105725000       -2.0299635708    9.9247153592E-06    8.8625569273E-06    1.0621584318E-06
      2130.8547799528      -26.6105725000       -2.0234882976    1.0077377918E-05    9.0188039808E-06    1.0585739374E-06
      2130.9547799528      -26.5105725000       -2.0169923421    1.0238835708E-05    9.1810499174E-06    1.0577857906E-06
      2131.0547799528      -26.4105725000       -2.0104753979    1.0407842821E-05    9.3483013179E-06    1.0595415034E-06
      2131.1547799528      -26.3105725000       -2.0039373664    1.0580851648E-05    9.5174259024E-06    1.0634257455E-06
      2131.2547799528      -26.2105725000       -1.9973778275    1.0761973395E-05    9.6922359820E-06    1.0697374131E-06
      2131.3547799528      -26.1105725000       -1.9907966756    1.0951042297E-05    9.8732645571E-06    1.0777777394E-06
      2131.4547799528      -26.0105725000       -1.9841936954    1.1146985937E-05    1.0058694306E-05    1.0882916307E-06
      2131.5547799528      -25.9105725000       -1.9775686684    1.1352001655E-05    1.0251008136E-05    1.1009935191E-06
      2131.6547799528      -25.8105725000       -1.9709213723    1.1564077540E-05    1.0448957401E-05    1.1151201395E-06
      2131.7547799528      -25.7105725000       -1.9642514726    1.1784628478E-05    1.0653434884E-05    1.1311935942E-06
      2131.8547799528      -25.6105725000       -1.9575590644    1.2013002795E-05    1.0863437709E-05    1.1495650855E-06
      2131.9547799528      -25.5105725000       -1.9508434797    1.2249525708E-05    1.1079554461E-05    1.1699712478E-06
      2132.0547799528      -25.4105725000       -1.9441048068    1.2495551236E-05    1.1302827983E-05    1.1927232529E-06
      2132.1547799528      -25.3105725000       -1.9373425850    1.2748546363E-05    1.1531774012E-05    1.2167723513E-06
      2132.2547799528      -25.2105725000       -1.9305568976    1.3012171787E-05    1.1768969882E-05    1.2432019044E-06
      2132.3547799528      -25.1105725000       -1.9237471643    1.3289198781E-05    1.2016477520E-05    1.2727212609E-06
      2132.4547799528      -25.0105725000       -1.9169132400    1.3575554977E-05    1.2271634722E-05    1.3039202547E-06
      2132.5547799528      -24.9105725000       -1.9100548649    1.3872767774E-05    1.2535225826E-05    1.3375419487E-06
      2132.6547799528      -24.8105725000       -1.9031716630    1.4181955947E-05    1.2806863761E-05    1.3750921857E-06
      2132.7547799528      -24.7105725000       -1.8962635883    1.4504181875E-05    1.3087847529E-05    1.4163343461E-06
      2132.8547799528      -24.6105725000       -1.8893303116    1.4839369983E-05    1.3378569391E-05    1.4608005926E-06
      2132.9547799528      -24.5105725000       -1.8823713850    1.5188675904E-05    1.3679482144E-05    1.5091937601E-06
      2133.0547799528      -24.4105725000       -1.8753866931    1.5554698415E-05    1.3991574681E-05    1.5631237337E-06
      2133.1547799528      -24.3105725000       -1.8683758899    1.5938025240E-05    1.4315834916E-05    1.6221903247E-06
      2133.2547799528      -24.2105725000       -1.8613385661    1.6341426985E-05    1.4652702376E-05    1.6887246096E-06
      2133.3547799528      -24.1105725000       -1.8542747067    1.6766331825E-05    1.5002491946E-05    1.7638398788E-06
      2133.4547799528      -24.0105725000       -1.8471837768    1.7215002267E-05    1.5366216490E-05    1.8487857765E-06
      2133.5547799528      -23.9105725000       -1.8400654635    1.7688780318E-05    1.5742439156E-05    1.9463411617E-06
      2133.6547799528      -23.8105725000       -1.8329196219    1.8193949902E-05    1.6132812172E-05    2.0611377301E-06
      2133.7547799528      -23.7105725000       -1.8257456956    1.8735374071E-05    1.6539471267E-05    2.1959028032E-06
      2133.8547799528      -23.6105725000       -1.8185434692    1.9320716774E-05    1.6964311244E-05    2.3564055300E-06
      2133.9547799528      -23.5105725000       -1.8113126640    1.9964066591E-05    1.7407476090E-05    2.5565905010E-06
      2134.0547799528      -23.4105725000       -1.8040528774    2.0677550202E-05    1.7870289744E-05    2.8072604573E-06
      2134.1547799528      -23.3105725000       -1.7967637579    2.1487533916E-05    1.8352472297E-05    3.1350616191E-06
      2134.2547799528      -23.2105725000       -1.7894449472    2.2430021905E-05    1.8854498343E-05    3.5755235617E-06
      2134.3547799528      -23.1105725000       -1.7820960198    2.3566165794E-05    1.9378539195E-05    4.1876265996E-06
      2134.4547799528      -23.0105725000       -1.7747167214    2.5006170400E-05    1.9927280143E-05    5.0788902572E-06
      2134.5547799528      -22.9105725000       -1.7673066114    2.6949809860E-05    2.0504469302E-05    6.4453405580E-06
      2134.6547799528      -22.8105725000       -1.7598653006    2.9750126485E-05    2.1106306942E-05    8.6438195438E-06
      2134.7547799528      -22.7105725000       -1.7523924522    3.3999436891E-05    2.1737528498E-05    1.2261908393E-05
      2134.8547799528      -22.6105725000       -1.7448874780    4.0200153376E-05    2.2402094185E-05    1.7798059190E-05
      2134.9547799528      -22.5105725000       -1.7373500231    4.6548756989E-05    2.3101203916E-05    2.3447553074E-05
      2135.0547799528      -22.4105725000       -1.7297798473    4.7666151346E-05    2.3838095061E-05    2.3828056284E-05
      2135.1547799528      -22.3105725000       -1.7221764574    4.3173330783E-05    2.4613294483E-05    1.8560036300E-05
      2135.2547799528      -22.2105725000       -1.7145392874    3.8482249942E-05    2.5431791379E-05    1.3050458562E-05
      2135.3547799528      -22.1105725000       -1.7068679461    3.5700494114E-05    2.6296616466E-05    9.4038776472E-06
      2135.4547799528      -22.0105725000       -1.6991619081    3.4366041316E-05    2.7212834082E-05    7.1532072342E-06
      2135.5547799528      -21.9105725000       -1.6914208250    3.3910632273E-05    2.8184028333E-05    5.7266039407E-06
      2135.6547799528      -21.8105725000       -1.6836440871    3.4048152562E-05    2.9213988708E-05    4.8341638542E-06
      2135.7547799528      -21.7105725000       -1.6758313884    3.4556361634E-05    3.0312402665E-05    4.2439589686E-06
      2135.8547799528      -21.6105725000       -1.6679819684    3.5377733270E-05    3.1480472233E-05    3.8972610375E-06
      2135.9547799528      -21.5105725000       -1.6600954986    3.6474210285E-05    3.2725373531E-05    3.7488367540E-06
      2136.0547799528      -21.4105725000       -1.6521713195    3.7909513606E-05    3.4068008324E-05    3.8415052816E-06
      2136.1547799528      -21.3105725000       -1.6442090801    4.0175585543E-05    3.5505193451E-05    4.6703920923E-06
      2136.2547799528      -21.2105725000       -1.6362080298    4.1413256758E-05    3.7036038511E-05    4.3772182471E-06
      2136.3547799528      -21.1105725000       -1.6281675962    4.1865250336E-05    3.8709819413E-05    3.1554309226E-06
      2136.4547799528      -21.0105725000       -1.6200872587    4.3141018755E-05    4.0531332563E-05    2.6096861916E-06
      2136.5547799528      -20.9105725000       -1.6119665493    4.4769992248E-05    4.2505469836E-05    2.2645224117E-06
      2136.6547799528      -20.8105725000       -1.6038045893    4.6926536006E-05    4.4672665220E-05    2.2538707863E-06
      2136.7547799528      -20.7105725000       -1.5956009458    4.8637905225E-05    4.7041201797E-05    1.5967034280E-06
      2136.8547799528      -20.6105725000       -1.5873549054    5.0195626658E-05    4.9689027102E-05    5.0659955644E-07
      2136.9547799528      -20.5105725000       -1.5790658039    5.2245933500E-05    5.2658385429E-05   -4.1245192910E-07
      2137.0547799528      -20.4105725000       -1.5707329596    5.4533413236E-05    5.5994589231E-05   -1.4611759958E-06
      2137.1547799528      -20.3105725000       -1.5623556045    5.7047992231E-05    5.9821274139E-05   -2.7732819072E-06
      2137.2547799528      -20.2105725000       -1.5539332242    5.9844114598E-05    6.4291913982E-05   -4.4477993848E-06
      2137.3547799528      -20.1105725000       -1.5454648759    6.2899578799E-05    6.9597033820E-05   -6.6974550213E-06
      2137.4547799528      -20.0105725000       -1.5369497306    6.6126238765E-05    7.6081734450E-05   -9.9554956847E-06
      2137.5547799528      -19.9105725000       -1.5283873543    6.9793934788E-05    8.4277498506E-05   -1.4483563719E-05
      2137.6547799528      -19.8105725000       -1.5197766685    7.3728143159E-05    9.4757956520E-05   -2.1029813361E-05
      2137.7547799528      -19.7105725000       -1.5111168475    7.8147208302E-05    1.0792366198E-04   -2.9776453678E-05
      2137.8547799528      -19.6105725000       -1.5024071833    8.3030816393E-05    1.2396192506E-04   -4.0931108663E-05
      2137.9547799528      -19.5105725000       -1.4936466613    8.8424352126E-05    1.4300204372E-04   -5.4577691590E-05
      2138.0547799528      -19.4105725000       -1.4848345966    9.4359480803E-05    1.6507688470E-04   -7.0717403896E-05
      2138.1547799528      -19.3105725000       -1.4759697774    1.0089182689E-04    1.9025566049E-04   -8.9363833599E-05
      2138.2547799528      -19.2105725000       -1.4670513925    1.0804151372E-04    2.1866299568E-04   -1.1062148196E-04
      2138.3547799528      -19.1105725000       -1.4580786051    1.1510282622E-04    2.5036015366E-04   -1.3525732744E-04
      2138.4547799528      -19.0105725000       -1.4490501841    1.2541538391E-04    2.8541713205E-04   -1.6000174813E-04
      2138.5547799528      -18.9105725000       -1.4399650831    1.3804341247E-04    3.2393772485E-04   -1.8589431238E-04
      2138.6547799528      -18.8105725000       -1.4308223713    1.5136818935E-04    3.6600443295E-04   -2.1463624360E-04
      2138.7547799528      -18.7105725000       -1.4216208621    1.6634530464E-04    4.1166198380E-04   -2.4531667916E-04
      2138.8547799528      -18.6105725000       -1.4123593311    1.8311630821E-04    4.6096353943E-04   -2.7784723122E-04
      2138.9547799528      -18.5105725000       -1.4030367413    2.0111089854E-04    5.1395228357E-04   -3.1284138503E-04
      2139.0547799528      -18.4105725000       -1.3936517912    2.2921868365E-04    5.7057480929E-04   -3.4135612564E-04
      2139.1547799528      -18.3105725000       -1.3842032890    2.6457604409E-04    6.3083103811E-04   -3.6625499401E-04
      2139.2547799528      -18.2105725000       -1.3746896148    3.0469155570E-04    6.9464411224E-04   -3.8995255653E-04
      2139.3547799528      -18.1105725000       -1.3651097958    3.5344611232E-04    7.6185997590E-04   -4.0841386359E-04
      2139.4547799528      -18.0105725000       -1.3554622724    4.1397373403E-04    8.3233215239E-04   -4.1835841835E-04
      2139.5547799528      -17.9105725000       -1.3457455886    4.8997745502E-04    9.0589881820E-04   -4.1592136317E-04
      2139.6547799528      -17.8105725000       -1.3359582354    5.8589511296E-04    9.8226098223E-04   -3.9636586927E-04
      2139.7547799528      -17.7105725000       -1.3260986079    7.0673194774E-04    1.0611018733E-03   -3.5436992560E-04
      2139.8547799528      -17.6105725000       -1.3161652030    8.5726652712E-04    1.1420665793E-03   -2.8480005222E-04
      2139.9547799528      -17.5105725000       -1.3061560932    1.0409149014E-03    1.2247917432E-03   -1.8387684180E-04
      2140.0547799528      -17.4105725000       -1.2960698529    1.2576323607E-03    1.3087485914E-03   -5.1116230715E-05
      2140.1547799528      -17.3105725000       -1.2859044190    1.5029729955E-03    1.3935444844E-03    1.0942851110E-04
      2140.2547799528      -17.2105725000       -1.2756579815    1.7682089307E-03    1.4785628954E-03    2.8964603531E-04
      2140.3547799528      -17.1105725000       -1.2653286568    2.0428683701E-03    1.5634124700E-03    4.7945590007E-04
      2140.4547799528      -17.0105725000       -1.2549141860    2.3173141975E-03    1.6474276350E-03    6.6988656246E-04
      2140.5547799528      -16.9105725000       -1.2444126452    2.5848783005E-03    1.7301609630E-03    8.5471733744E-04
      2140.6547799528      -16.8105725000       -1.2338217681    2.8410851256E-03    1.8110028595E-03    1.0300822662E-03
      2140.7547799528      -16.7105725000       -1.2231391035    3.0826628882E-03    1.8895230893E-03    1.1931397989E-03
      2140.8547799528      -16.6105725000       -1.2123624006    3.3068758233E-03    1.9652232463E-03    1.3416525771E-03
      2140.9547799528      -16.5105725000       -1.2014889076    3.5125412689E-03    2.0376846750E-03    1.4748565940E-03
      2141.0547799528      -16.4105725000       -1.1905161958    3.7019439475E-03    2.1064617628E-03    1.5954821848E-03
      2141.1547799528      -16.3105725000       -1.1794413607    3.8824324849E-03    2.1713387990E-03    1.7110936859E-03
      2141.2547799528      -16.2105725000       -1.1682616348    4.0660238732E-03    2.2319534723E-03    1.8340704009E-03
      2141.3547799528      -16.1105725000       -1.1569737473    4.2681628152E-03    2.2881281210E-03    1.9800346943E-03
      2141.4547799528      -16.0105725000       -1.1455747332    4.5047692593E-03    2.3397554990E-03    2.1650137602E-03
      2141.5547799528      -15.9105725000       -1.1340611477    4.7885252943E-03    2.3867420320E-03    2.4017832623E-03
      2141.6547799528      -15.8105725000       -1.1224294177    5.1238530794E-03    2.4290164262E-03    2.6948366532E-03
      2141.7547799528      -15.7105725000       -1.1106758793    5.5003986641E-03    2.4666333196E-03    3.0337653445E-03
      2141.8547799528      -15.6105725000       -1.0987966719    5.8835079976E-03    2.4996867712E-03    3.3838212265E-03
      2141.9547799528      -15.5105725000       -1.0867876258    6.2079456674E-03    2.5282390324E-03    3.6797066350E-03
      2142.0547799528      -15.4105725000       -1.0746443882    6.3832373709E-03    2.5524522364E-03    3.8307851345E-03
      2142.1547799528      -15.3105725000       -1.0623623074    6.3240396456E-03    2.5725149894E-03    3.7515246562E-03
      2142.2547799528      -15.2105725000       -1.0499365615    5.9966557532E-03    2.5885653526E-03    3.4080904006E-03
      2142.3547799528      -15.1105725000       -1.0373620906    5.4462105796E-03    2.6009283635E-03    2.8452822161E-03
      2142.4547799528      -15.0105725000       -1.0246331595    4.7736772184E-03    2.6097426922E-03    2.1639345262E-03
      2142.5547799528      -14.9105725000       -1.0117441488    4.0846699628E-03    2.6152961422E-03    1.4693738206E-03
      2142.6547799528      -14.8105725000       -0.9986889138    3.4516992485E-03    2.6177632507E-03    8.3393599774E-04
      2142.7547799528      -14.7105725000       -0.9854606861    2.9082400567E-03    2.6174281997E-03    2.9081185692E-04
      2142.8547799528      -14.6105725000       -0.9720524034    2.4597832987E-03    2.6145130515E-03   -1.5472975280E-04
      2142.9547799528      -14.5105725000       -0.9584566200    2.0975358953E-03    2.6091837357E-03   -5.1164784047E-04
      2143.0547799528      -14.4105725000       -0.9446651558    1.8079801185E-03    2.6017425874E-03   -7.9376246885E-04
      2143.1547799528      -14.3105725000       -0.9306692831    1.5772810346E-03    2.5923377598E-03   -1.0150567252E-03
      2143.2547799528      -14.2105725000       -0.9164598109    1.3935338934E-03    2.5811596585E-03   -1.1876257651E-03
      2143.3547799528      -14.1105725000       -0.9020264387    1.2470413005E-03    2.5683959050E-03   -1.3213546045E-03
      2143.4547799528      -14.0105725000       -0.8873583607    1.1302021697E-03    2.5542250150E-03   -1.4240228454E-03
      2143.5547799528      -13.9105725000       -0.8724437390    1.0370916416E-03    2.5388186169E-03   -1.5017269753E-03
      2143.6547799528      -13.8105725000       -0.8572696437    9.6260294509E-04    2.5222408033E-03   -1.5596378582E-03
      2143.7547799528      -13.7105725000       -0.8418220435    9.0223421617E-04    2.5046474829E-03   -1.6024132667E-03
      2143.8547799528      -13.6105725000       -0.8260856597    8.5182149739E-04    2.4861869676E-03   -1.6343654702E-03
      2143.9547799528      -13.5105725000       -0.8100436294    8.0773222036E-04    2.4669476500E-03   -1.6592154296E-03
      2144.0547799528      -13.4105725000       -0.7936774527    7.6753536983E-04    2.4469665265E-03   -1.6794311566E-03
      2144.1547799528      -13.3105725000       -0.7769666121    7.3105549925E-04    2.4263697271E-03   -1.6953142279E-03
      2144.2547799528      -13.2105725000       -0.7598883343    7.0024565819E-04    2.4052191836E-03   -1.7049735254E-03
      2144.3547799528      -13.1105725000       -0.7424172983    6.7786799904E-04    2.3834704842E-03   -1.7056024852E-03
      2144.4547799528      -13.0105725000       -0.7245250921    6.6635880659E-04    2.3612735644E-03   -1.6949147579E-03
      2144.5547799528      -12.9105725000       -0.7061796655    6.6689067054E-04    2.3386110602E-03   -1.6717203896E-03
      2144.6547799528      -12.8105725000       -0.6873448074    6.7951718068E-04    2.3154013104E-03   -1.6358841297E-03
      2144.7547799528      -12.7105725000       -0.6679791177    7.0366807182E-04    2.2916992238E-03   -1.5880311520E-03
      2144.8547799528      -12.6105725000       -0.6480349265    7.3779568592E-04    2.2674909089E-03   -1.5296952230E-03
      2144.9547799528      -12.5105725000       -0.6274570930    7.7900030984E-04    2.2426329182E-03   -1.4636326084E-03
      2145.0547799528      -12.4105725000       -0.6061812003    8.2280986125E-04    2.2170490598E-03   -1.3942391986E-03
      2145.1547799528      -12.3105725000       -0.5841308174    8.6309139390E-04    2.1905695681E-03   -1.3274781742E-03
      2145.2547799528      -12.2105725000       -0.5612147089    8.9316798344E-04    2.1629626380E-03   -1.2697946546E-03
      2145.3547799528      -12.1105725000       -0.5373221941    9.0771104342E-04    2.1339630140E-03   -1.2262519705E-03
      2145.4547799528      -12.0105725000       -0.5123165798    9.0428377231E-04    2.1031289654E-03   -1.1988451931E-03
      2145.5547799528      -11.9105725000       -0.4860262017    8.8418190124E-04    2.0698331398E-03   -1.1856512386E-03
      2145.6547799528      -11.8105725000       -0.4582299055    8.5137925697E-04    2.0331600543E-03   -1.1817807973E-03
      2145.7547799528      -11.7105725000       -0.4286348218    8.1132913136E-04    1.9917317912E-03   -1.1804026598E-03
      2145.8547799528      -11.6105725000       -0.3968387263    7.7000690665E-04    1.9434467235E-03   -1.1734398169E-03
      2145.9547799528      -11.5105725000       -0.3622625460    7.3399190657E-04    1.8848046821E-03   -1.1508127756E-03
      2146.0547799528      -11.4105725000       -0.3240174632    7.1014069052E-04    1.8097616226E-03   -1.0996209321E-03
      2146.1547799528      -11.3105725000       -0.2806073544    7.0167449970E-04    1.7080531492E-03   -1.0063786495E-03
      2146.2547799528      -11.2105725000       -0.2291149527    6.9789018761E-04    1.5617618560E-03   -8.6387166840E-04
      2146.3547799528      -11.1105725000       -0.1620087316    6.6363528886E-04    1.3473209182E-03   -6.8368562938E-04
      2146.4547799528      -11.0105725000        0.0000000000    5.6127938927E-04    1.0651199350E-03   -5.0384054577E-04
      2146.5547799528      -10.9105725000        0.1620087316    4.2135158501E-04    7.8538083883E-04   -3.6402925382E-04
      2146.6547799528      -10.8105725000        0.2291149527    3.0795337290E-04    5.7755961834E-04   -2.6960624545E-04
      2146.7547799528      -10.7105725000        0.2806073544    2.3343594346E-04    4.4085082682E-04   -2.0741488336E-04
      2146.8547799528      -10.6105725000        0.3240174632    1.8539213995E-04    3.5069558390E-04   -1.6530344395E-04
      2146.9547799528      -10.5105725000        0.3622625460    1.5314506708E-04    2.8869182549E-04   -1.3554675840E-04
      2147.0547799528      -10.4105725000        0.3968387263    1.3040503724E-04    2.4406876279E-04   -1.1366372555E-04
      2147.1547799528      -10.3105725000        0.4286348218    1.1363605308E-04    2.1065794559E-04   -9.7021892503E-05
      2147.2547799528      -10.2105725000        0.4582299055    1.0079693868E-04    1.8480962576E-04   -8.4012687080E-05
      2147.3547799528      -10.1105725000        0.4860262017    9.0657543706E-05    1.6426808360E-04   -7.3610539896E-05
      2147.4547799528      -10.0105725000        0.5123165798    8.2443254609E-05    1.4757879274E-04   -6.5135538133E-05
      2147.5547799428       -9.9105725100        0.5373221941    7.5646312925E-05    1.3376750182E-04   -5.8121188894E-05
      2147.6547799428       -9.8105725100        0.5612147089    6.9921836684E-05    1.2215959402E-04   -5.2237757337E-05
      2147.7547799428       -9.7105725100        0.5841308174    6.5028171256E-05    1.1227426291E-04   -4.7246091656E-05
      2147.8547799428       -9.6105725100        0.6061812003    6.0791319510E-05    1.0376012668E-04   -4.2968807170E-05
      2147.9547799428       -9.5105725100        0.6274570930    5.7082975032E-05    9.6354708496E-05   -3.9271733464E-05
      2148.0547799428       -9.4105725100        0.6480349265    5.3806515428E-05    8.9858141597E-05   -3.6051626169E-05
      2148.1547799428       -9.3105725100        0.6679791177    5.0887812884E-05    8.4115634489E-05   -3.3227821605E-05
      2148.2547799428       -9.2105725100        0.6873448074    4.8269048873E-05    7.9005489536E-05   -3.0736440664E-05
      2148.3547799428       -9.1105725100        0.7061796655    4.5904454095E-05    7.4430735595E-05   -2.8526281500E-05
      2148.4547799428       -9.0105725100        0.7245250921    4.3757313023E-05    7.0313168879E-05   -2.6555855856E-05
      2148.5547799428       -8.9105725100        0.7424172983    4.1797817854E-05    6.6589033218E-05   -2.4791215364E-05
      2148.6547799428       -8.8105725100        0.7598883343    4.0001504699E-05    6.3205838170E-05   -2.3204333471E-05
      2148.7547799428       -8.7105725100        0.7769666121    3.8348096298E-05    6.0119980906E-05   -2.1771884608E-05
      2148.8547799428       -8.6105725100        0.7936774527    3.6820633402E-05    5.7294945075E-05   -2.0474311673E-05
      2148.9547799428       -8.5105725100        0.8100436294    3.5404814336E-05    5.4699919996E-05   -1.9295105660E-05
      2149.0547799428       -8.4105725100        0.8260856597    3.4088486828E-05    5.2308730189E-05   -1.8220243361E-05
      2149.1547799428       -8.3105725100        0.8418220435    3.2861252695E-05    5.0098996945E-05   -1.7237744251E-05
      2149.2547799428       -8.2105725100        0.8572696437    3.1714157166E-05    4.8051475345E-05   -1.6337318179E-05
      2149.3547799428       -8.1105725100        0.8724437390    3.0639442430E-05    4.6149525398E-05   -1.5510082968E-05
      2149.4547799428       -8.0105725100        0.8873583607    2.9630350394E-05    4.4378686703E-05   -1.4748336308E-05
      2149.5547799428       -7.9105725100        0.9020264387    2.8680963542E-05    4.2726333742E-05   -1.4045370200E-05
      2149.6547799428       -7.8105725100        0.9164598109    2.7786075539E-05    4.1181394551E-05   -1.3395319012E-05
      2149.7547799428       -7.7105725100        0.9306692831    2.6941085285E-05    3.9734119565E-05   -1.2793034280E-05
      2149.8547799428       -7.6105725100        0.9446651558    2.6141909566E-05    3.8375890518E-05   -1.2233980951E-05
      2149.9547799428       -7.5105725100        0.9584566200    2.5384910593E-05    3.7099061517E-05   -1.1714150924E-05
      2150.0547799428       -7.4105725100        0.9720524034    2.4666835529E-05    3.5896826163E-05   -1.1229990634E-05
      2150.1547799428       -7.3105725100        0.9854606861    2.3984765751E-05    3.4763105854E-05   -1.0778340104E-05
      2150.2547799428       -7.2105725100        0.9986889138    2.3336074027E-05    3.3692455445E-05   -1.0356381418E-05
      2150.3547799428       -7.1105725100        1.0117441488    2.2718388225E-05    3.2679983195E-05   -9.9615949699E-06
      2150.4547799428       -7.0105725100        1.0246331595    2.2129560390E-05    3.1721282542E-05   -9.5917221525E-06
      2150.5547799428       -6.9105725100        1.0373620906    2.1567640278E-05    3.0812373712E-05   -9.2447334342E-06
      2150.6547799428       -6.8105725100        1.0499365615    2.1030852625E-05    2.9949653553E-05   -8.9188009282E-06
      2150.7547799428       -6.7105725100        1.0623623074    2.0517577520E-05    2.9129852268E-05   -8.6122747482E-06
      2150.8547799428       -6.6105725100        1.0746443882    2.0026333415E-05    2.8349995972E-05   -8.3236625569E-06
      2150.9547799428       -6.5105725100        1.0867876258    1.9555762352E-05    2.7607374173E-05   -8.0516118215E-06
      2151.0547799428       -6.4105725100        1.0987966719    1.9104617073E-05    2.6899511444E-05   -7.7948943707E-06
      2151.1547799428       -6.3105725100        1.1106758793    1.8671749742E-05    2.6224142657E-05   -7.5523929152E-06
      2151.2547799428       -6.2105725100        1.1224294177    1.8256102039E-05    2.5579191289E-05   -7.3230892508E-06
      2151.3547799428       -6.1105725100        1.1340611477    1.7856696436E-05    2.4962750342E-05   -7.1060539063E-06
      2151.4547799428       -6.0105725100        1.1455747332    1.7472628494E-05    2.4373065530E-05   -6.9004370355E-06
