# Once                                                             FEFF 10.0.0
# POT  SCF  30  3.0000   0, NO core-hole, AFOLP (folp(0)= 1.150)
# Abs   Z=15 Rmt= 1.365 Rnm= 1.439 K  shell
# Pot 1 Z=60 Rmt= 1.794 Rnm= 1.830
# Pot 2 Z=60 Rmt= 1.795 Rnm= 1.831
# Pot 3 Z=28 Rmt= 1.353 Rnm= 1.427
# Pot 4 Z=15 Rmt= 1.365 Rnm= 1.439
# Gam_ch=4.583E-01 H-L exch Vi= 0.000E+00 Vr= 0.000E+00
# Mu=-1.101E+01eV kf=1.996E+00 Vint=-1.991E+01eV Rs_int= 1.817
#  -----------------------------------------------------------------------
#   0.94851E+00  0.15042E+01  0.69813E+00 -0.4046309E+00  0.7888073E+02 method to calculate xsect
#   4.5826000E-01    351    301
#       em              xsnorm            xsec  
 -0.410105725E+02  0.22913E+00  0.28356E-03 -0.35286E-03  0.93796E-05
 -0.409105725E+02  0.22913E+00  0.28443E-03 -0.34875E-03  0.93940E-05
 -0.408105725E+02  0.22913E+00  0.28531E-03 -0.34463E-03  0.94085E-05
 -0.407105725E+02  0.22913E+00  0.28619E-03 -0.34050E-03  0.94234E-05
 -0.406105725E+02  0.22913E+00  0.28707E-03 -0.33637E-03  0.94386E-05
 -0.405105725E+02  0.22913E+00  0.28795E-03 -0.33223E-03  0.94540E-05
 -0.404105725E+02  0.22913E+00  0.28884E-03 -0.32809E-03  0.94697E-05
 -0.403105725E+02  0.22913E+00  0.28973E-03 -0.32394E-03  0.94857E-05
 -0.402105725E+02  0.22913E+00  0.29063E-03 -0.31978E-03  0.95020E-05
 -0.401105725E+02  0.22913E+00  0.29153E-03 -0.31561E-03  0.95186E-05
 -0.400105725E+02  0.22913E+00  0.29243E-03 -0.31144E-03  0.95355E-05
 -0.399105725E+02  0.22913E+00  0.29333E-03 -0.30726E-03  0.95527E-05
 -0.398105725E+02  0.22913E+00  0.29424E-03 -0.30307E-03  0.95702E-05
 -0.397105725E+02  0.22913E+00  0.29515E-03 -0.29888E-03  0.95880E-05
 -0.396105725E+02  0.22913E+00  0.29606E-03 -0.29467E-03  0.96061E-05
 -0.395105725E+02  0.22913E+00  0.29698E-03 -0.29046E-03  0.96246E-05
 -0.394105725E+02  0.22913E+00  0.29790E-03 -0.28625E-03  0.96433E-05
 -0.393105725E+02  0.22913E+00  0.29882E-03 -0.28202E-03  0.96624E-05
 -0.392105725E+02  0.22913E+00  0.29975E-03 -0.27779E-03  0.96818E-05
 -0.391105725E+02  0.22913E+00  0.30068E-03 -0.27354E-03  0.97016E-05
 -0.390105725E+02  0.22913E+00  0.30161E-03 -0.26929E-03  0.97217E-05
 -0.389105725E+02  0.22913E+00  0.30254E-03 -0.26503E-03  0.97422E-05
 -0.388105725E+02  0.22913E+00  0.30348E-03 -0.26076E-03  0.97630E-05
 -0.387105725E+02  0.22913E+00  0.30442E-03 -0.25649E-03  0.97841E-05
 -0.386105725E+02  0.22913E+00  0.30536E-03 -0.25220E-03  0.98056E-05
 -0.385105725E+02  0.22913E+00  0.30631E-03 -0.24790E-03  0.98275E-05
 -0.384105725E+02  0.22913E+00  0.30726E-03 -0.24360E-03  0.98497E-05
 -0.383105725E+02  0.22913E+00  0.30821E-03 -0.23928E-03  0.98723E-05
 -0.382105725E+02  0.22913E+00  0.30917E-03 -0.23496E-03  0.98953E-05
 -0.381105725E+02  0.22913E+00  0.31012E-03 -0.23062E-03  0.99187E-05
 -0.380105725E+02  0.22913E+00  0.31108E-03 -0.22628E-03  0.99425E-05
 -0.379105725E+02  0.22913E+00  0.31204E-03 -0.22192E-03  0.99666E-05
 -0.378105725E+02  0.22913E+00  0.31301E-03 -0.21756E-03  0.99912E-05
 -0.377105725E+02  0.22913E+00  0.31398E-03 -0.21318E-03  0.10016E-04
 -0.376105725E+02  0.22913E+00  0.31495E-03 -0.20880E-03  0.10042E-04
 -0.375105725E+02  0.22913E+00  0.31592E-03 -0.20440E-03  0.10067E-04
 -0.374105725E+02  0.22913E+00  0.31689E-03 -0.19999E-03  0.10094E-04
 -0.373105725E+02  0.22913E+00  0.31787E-03 -0.19557E-03  0.10120E-04
 -0.372105725E+02  0.22913E+00  0.31885E-03 -0.19114E-03  0.10147E-04
 -0.371105725E+02  0.22913E+00  0.31983E-03 -0.18669E-03  0.10175E-04
 -0.370105725E+02  0.22913E+00  0.32082E-03 -0.18224E-03  0.10203E-04
 -0.369105725E+02  0.22913E+00  0.32180E-03 -0.17777E-03  0.10231E-04
 -0.368105725E+02  0.22913E+00  0.32279E-03 -0.17329E-03  0.10260E-04
 -0.367105725E+02  0.22913E+00  0.32378E-03 -0.16880E-03  0.10289E-04
 -0.366105725E+02  0.22913E+00  0.32477E-03 -0.16429E-03  0.10319E-04
 -0.365105725E+02  0.22913E+00  0.32577E-03 -0.15978E-03  0.10350E-04
 -0.364105725E+02  0.22913E+00  0.32676E-03 -0.15525E-03  0.10380E-04
 -0.363105725E+02  0.22913E+00  0.32776E-03 -0.15070E-03  0.10412E-04
 -0.362105725E+02  0.22913E+00  0.32876E-03 -0.14614E-03  0.10444E-04
 -0.361105725E+02  0.22913E+00  0.32976E-03 -0.14157E-03  0.10476E-04
 -0.360105725E+02  0.22913E+00  0.33077E-03 -0.13699E-03  0.10509E-04
 -0.359105725E+02  0.22913E+00  0.33177E-03 -0.13239E-03  0.10542E-04
 -0.358105725E+02  0.22913E+00  0.33278E-03 -0.12777E-03  0.10576E-04
 -0.357105725E+02  0.22913E+00  0.33378E-03 -0.12314E-03  0.10611E-04
 -0.356105725E+02  0.22913E+00  0.33479E-03 -0.11850E-03  0.10646E-04
 -0.355105725E+02  0.22913E+00  0.33580E-03 -0.11384E-03  0.10681E-04
 -0.354105725E+02  0.22913E+00  0.33681E-03 -0.10917E-03  0.10718E-04
 -0.353105725E+02  0.22913E+00  0.33782E-03 -0.10448E-03  0.10754E-04
 -0.352105725E+02  0.22913E+00  0.33884E-03 -0.99769E-04  0.10792E-04
 -0.351105725E+02  0.22913E+00  0.33985E-03 -0.95046E-04  0.10830E-04
 -0.350105725E+02  0.22913E+00  0.34086E-03 -0.90307E-04  0.10869E-04
 -0.349105725E+02  0.22913E+00  0.34188E-03 -0.85552E-04  0.10908E-04
 -0.348105725E+02  0.22913E+00  0.34289E-03 -0.80779E-04  0.10948E-04
 -0.347105725E+02  0.22913E+00  0.34391E-03 -0.75989E-04  0.10988E-04
 -0.346105725E+02  0.22913E+00  0.34492E-03 -0.71181E-04  0.11030E-04
 -0.345105725E+02  0.22913E+00  0.34594E-03 -0.66355E-04  0.11071E-04
 -0.344105725E+02  0.22913E+00  0.34695E-03 -0.61511E-04  0.11114E-04
 -0.343105725E+02  0.22913E+00  0.34797E-03 -0.56649E-04  0.11157E-04
 -0.342105725E+02  0.22913E+00  0.34898E-03 -0.51768E-04  0.11201E-04
 -0.341105725E+02  0.22913E+00  0.34999E-03 -0.46867E-04  0.11246E-04
 -0.340105725E+02  0.22913E+00  0.35101E-03 -0.41948E-04  0.11292E-04
 -0.339105725E+02  0.22913E+00  0.35202E-03 -0.37008E-04  0.11338E-04
 -0.338105725E+02  0.22913E+00  0.35303E-03 -0.32048E-04  0.11385E-04
 -0.337105725E+02  0.22913E+00  0.35404E-03 -0.27068E-04  0.11433E-04
 -0.336105725E+02  0.22913E+00  0.35505E-03 -0.22068E-04  0.11481E-04
 -0.335105725E+02  0.22913E+00  0.35606E-03 -0.17045E-04  0.11531E-04
 -0.334105725E+02  0.22913E+00  0.35706E-03 -0.12002E-04  0.11581E-04
 -0.333105725E+02  0.22913E+00  0.35806E-03 -0.69361E-05  0.11632E-04
 -0.332105725E+02  0.22913E+00  0.35907E-03 -0.18484E-05  0.11684E-04
 -0.331105725E+02  0.22913E+00  0.36006E-03  0.32619E-05  0.11737E-04
 -0.330105725E+02  0.22913E+00  0.36106E-03  0.83956E-05  0.11791E-04
 -0.329105725E+02  0.22913E+00  0.36205E-03  0.13552E-04  0.11846E-04
 -0.328105725E+02  0.22913E+00  0.36304E-03  0.18732E-04  0.11901E-04
 -0.327105725E+02  0.22913E+00  0.36403E-03  0.23937E-04  0.11958E-04
 -0.326105725E+02  0.22913E+00  0.36501E-03  0.29166E-04  0.12015E-04
 -0.325105725E+02  0.22913E+00  0.36599E-03  0.34421E-04  0.12074E-04
 -0.324105725E+02  0.22913E+00  0.36696E-03  0.39701E-04  0.12133E-04
 -0.323105725E+02  0.22913E+00  0.36793E-03  0.45007E-04  0.12194E-04
 -0.322105725E+02  0.22913E+00  0.36890E-03  0.50340E-04  0.12256E-04
 -0.321105725E+02  0.22913E+00  0.36986E-03  0.55699E-04  0.12318E-04
 -0.320105725E+02  0.22913E+00  0.37081E-03  0.61086E-04  0.12382E-04
 -0.319105725E+02  0.22913E+00  0.37176E-03  0.66500E-04  0.12447E-04
 -0.318105725E+02  0.22913E+00  0.37270E-03  0.71943E-04  0.12513E-04
 -0.317105725E+02  0.22913E+00  0.37364E-03  0.77415E-04  0.12581E-04
 -0.316105725E+02  0.22913E+00  0.37457E-03  0.82916E-04  0.12649E-04
 -0.315105725E+02  0.22913E+00  0.37549E-03  0.88447E-04  0.12719E-04
 -0.314105725E+02  0.22913E+00  0.37640E-03  0.94008E-04  0.12790E-04
 -0.313105725E+02  0.22913E+00  0.37731E-03  0.99600E-04  0.12862E-04
 -0.312105725E+02  0.22913E+00  0.37820E-03  0.10522E-03  0.12936E-04
 -0.311105725E+02  0.22913E+00  0.37909E-03  0.11088E-03  0.13011E-04
 -0.310105725E+02  0.22913E+00  0.37997E-03  0.11657E-03  0.13088E-04
 -0.309105725E+02  0.22913E+00  0.38084E-03  0.12229E-03  0.13165E-04
 -0.308105725E+02  0.22913E+00  0.38170E-03  0.12805E-03  0.13245E-04
 -0.307105725E+02  0.22913E+00  0.38255E-03  0.13384E-03  0.13325E-04
 -0.306105725E+02  0.22913E+00  0.38338E-03  0.13966E-03  0.13408E-04
 -0.305105725E+02  0.22913E+00  0.38420E-03  0.14553E-03  0.13492E-04
 -0.304105725E+02  0.22913E+00  0.38502E-03  0.15143E-03  0.13577E-04
 -0.303105725E+02  0.22913E+00  0.38581E-03  0.15736E-03  0.13664E-04
 -0.302105725E+02  0.22913E+00  0.38660E-03  0.16334E-03  0.13753E-04
 -0.301105725E+02  0.22913E+00  0.38737E-03  0.16935E-03  0.13843E-04
 -0.300105725E+02  0.22913E+00  0.38812E-03  0.17540E-03  0.13936E-04
 -0.299105725E+02  0.22913E+00  0.38886E-03  0.18149E-03  0.14030E-04
 -0.298105725E+02  0.22913E+00  0.38958E-03  0.18763E-03  0.14125E-04
 -0.297105725E+02  0.22913E+00  0.39028E-03  0.19380E-03  0.14223E-04
 -0.296105725E+02  0.22913E+00  0.39097E-03  0.20002E-03  0.14323E-04
 -0.295105725E+02  0.22913E+00  0.39163E-03  0.20628E-03  0.14425E-04
 -0.294105725E+02  0.22913E+00  0.39228E-03  0.21259E-03  0.14529E-04
 -0.293105725E+02  0.22913E+00  0.39290E-03  0.21894E-03  0.14635E-04
 -0.292105725E+02  0.22913E+00  0.39351E-03  0.22534E-03  0.14743E-04
 -0.291105725E+02  0.22913E+00  0.39409E-03  0.23179E-03  0.14853E-04
 -0.290105725E+02  0.22913E+00  0.39464E-03  0.23828E-03  0.14966E-04
 -0.289105725E+02  0.22913E+00  0.39518E-03  0.24482E-03  0.15081E-04
 -0.288105725E+02  0.22913E+00  0.39568E-03  0.25142E-03  0.15198E-04
 -0.287105725E+02  0.22913E+00  0.39616E-03  0.25806E-03  0.15318E-04
 -0.286105725E+02  0.22913E+00  0.39661E-03  0.26476E-03  0.15441E-04
 -0.285105725E+02  0.22913E+00  0.39704E-03  0.27151E-03  0.15566E-04
 -0.284105725E+02  0.22913E+00  0.39743E-03  0.27832E-03  0.15694E-04
 -0.283105725E+02  0.22913E+00  0.39779E-03  0.28518E-03  0.15824E-04
 -0.282105725E+02  0.22913E+00  0.39812E-03  0.29210E-03  0.15958E-04
 -0.281105725E+02  0.22913E+00  0.39841E-03  0.29908E-03  0.16095E-04
 -0.280105725E+02  0.22913E+00  0.39866E-03  0.30612E-03  0.16234E-04
 -0.279105725E+02  0.22913E+00  0.39888E-03  0.31322E-03  0.16377E-04
 -0.278105725E+02  0.22913E+00  0.39906E-03  0.32038E-03  0.16523E-04
 -0.277105725E+02  0.22913E+00  0.39920E-03  0.32761E-03  0.16672E-04
 -0.276105725E+02  0.22913E+00  0.39930E-03  0.33490E-03  0.16825E-04
 -0.275105725E+02  0.22913E+00  0.39935E-03  0.34226E-03  0.16982E-04
 -0.274105725E+02  0.22913E+00  0.39935E-03  0.34968E-03  0.17142E-04
 -0.273105725E+02  0.22913E+00  0.39931E-03  0.35718E-03  0.17306E-04
 -0.272105725E+02  0.22913E+00  0.39922E-03  0.36475E-03  0.17474E-04
 -0.271105725E+02  0.22913E+00  0.39907E-03  0.37239E-03  0.17646E-04
 -0.270105725E+02  0.22913E+00  0.39887E-03  0.38011E-03  0.17822E-04
 -0.269105725E+02  0.22913E+00  0.39862E-03  0.38791E-03  0.18003E-04
 -0.268105725E+02  0.22913E+00  0.39830E-03  0.39578E-03  0.18188E-04
 -0.267105725E+02  0.22913E+00  0.39792E-03  0.40374E-03  0.18378E-04
 -0.266105725E+02  0.22913E+00  0.39748E-03  0.41178E-03  0.18572E-04
 -0.265105725E+02  0.22913E+00  0.39698E-03  0.41991E-03  0.18772E-04
 -0.264105725E+02  0.22913E+00  0.39640E-03  0.42812E-03  0.18977E-04
 -0.263105725E+02  0.22913E+00  0.39575E-03  0.43642E-03  0.19187E-04
 -0.262105725E+02  0.22913E+00  0.39503E-03  0.44482E-03  0.19403E-04
 -0.261105725E+02  0.22913E+00  0.39422E-03  0.45331E-03  0.19625E-04
 -0.260105725E+02  0.22913E+00  0.39334E-03  0.46190E-03  0.19852E-04
 -0.259105725E+02  0.22913E+00  0.39237E-03  0.47059E-03  0.20086E-04
 -0.258105725E+02  0.22913E+00  0.39131E-03  0.47938E-03  0.20327E-04
 -0.257105725E+02  0.22913E+00  0.39016E-03  0.48828E-03  0.20574E-04
 -0.256105725E+02  0.22913E+00  0.38891E-03  0.49728E-03  0.20828E-04
 -0.255105725E+02  0.22913E+00  0.38756E-03  0.50640E-03  0.21090E-04
 -0.254105725E+02  0.22913E+00  0.38611E-03  0.51563E-03  0.21359E-04
 -0.253105725E+02  0.22913E+00  0.38455E-03  0.52498E-03  0.21637E-04
 -0.252105725E+02  0.22913E+00  0.38288E-03  0.53446E-03  0.21922E-04
 -0.251105725E+02  0.22913E+00  0.38109E-03  0.54406E-03  0.22217E-04
 -0.250105725E+02  0.22913E+00  0.37917E-03  0.55379E-03  0.22520E-04
 -0.249105725E+02  0.22913E+00  0.37713E-03  0.56365E-03  0.22833E-04
 -0.248105725E+02  0.22913E+00  0.37495E-03  0.57365E-03  0.23155E-04
 -0.247105725E+02  0.22913E+00  0.37264E-03  0.58379E-03  0.23488E-04
 -0.246105725E+02  0.22913E+00  0.37018E-03  0.59408E-03  0.23832E-04
 -0.245105725E+02  0.22913E+00  0.36758E-03  0.60452E-03  0.24187E-04
 -0.244105725E+02  0.22913E+00  0.36481E-03  0.61512E-03  0.24554E-04
 -0.243105725E+02  0.22913E+00  0.36189E-03  0.62588E-03  0.24934E-04
 -0.242105725E+02  0.22913E+00  0.35879E-03  0.63681E-03  0.25327E-04
 -0.241105725E+02  0.22913E+00  0.35552E-03  0.64791E-03  0.25733E-04
 -0.240105725E+02  0.22913E+00  0.35207E-03  0.65919E-03  0.26154E-04
 -0.239105725E+02  0.22913E+00  0.34843E-03  0.67065E-03  0.26590E-04
 -0.238105725E+02  0.22913E+00  0.34459E-03  0.68231E-03  0.27043E-04
 -0.237105725E+02  0.22913E+00  0.34055E-03  0.69417E-03  0.27512E-04
 -0.236105725E+02  0.22913E+00  0.33629E-03  0.70624E-03  0.27999E-04
 -0.235105725E+02  0.22913E+00  0.33181E-03  0.71852E-03  0.28506E-04
 -0.234105725E+02  0.22913E+00  0.32710E-03  0.73103E-03  0.29032E-04
 -0.233105725E+02  0.22913E+00  0.32216E-03  0.74376E-03  0.29579E-04
 -0.232105725E+02  0.22913E+00  0.31696E-03  0.75674E-03  0.30150E-04
 -0.231105725E+02  0.22913E+00  0.31152E-03  0.76997E-03  0.30744E-04
 -0.230105725E+02  0.22913E+00  0.30581E-03  0.78347E-03  0.31363E-04
 -0.229105725E+02  0.22913E+00  0.29982E-03  0.79724E-03  0.32010E-04
 -0.228105725E+02  0.22913E+00  0.29356E-03  0.81129E-03  0.32685E-04
 -0.227105725E+02  0.22913E+00  0.28700E-03  0.82565E-03  0.33392E-04
 -0.226105725E+02  0.22913E+00  0.28015E-03  0.84032E-03  0.34132E-04
 -0.225105725E+02  0.22913E+00  0.27298E-03  0.85532E-03  0.34907E-04
 -0.224105725E+02  0.22913E+00  0.26550E-03  0.87066E-03  0.35721E-04
 -0.223105725E+02  0.22913E+00  0.25770E-03  0.88636E-03  0.36575E-04
 -0.222105725E+02  0.22913E+00  0.24957E-03  0.90244E-03  0.37475E-04
 -0.221105725E+02  0.22913E+00  0.24110E-03  0.91892E-03  0.38422E-04
 -0.220105725E+02  0.22913E+00  0.23229E-03  0.93582E-03  0.39421E-04
 -0.219105725E+02  0.22913E+00  0.22314E-03  0.95316E-03  0.40477E-04
 -0.218105725E+02  0.22913E+00  0.21363E-03  0.97097E-03  0.41594E-04
 -0.217105725E+02  0.22913E+00  0.20378E-03  0.98928E-03  0.42779E-04
 -0.216105725E+02  0.22913E+00  0.19359E-03  0.10081E-02  0.44039E-04
 -0.215105725E+02  0.22913E+00  0.18306E-03  0.10275E-02  0.45380E-04
 -0.214105725E+02  0.22913E+00  0.17220E-03  0.10475E-02  0.46812E-04
 -0.213105725E+02  0.22913E+00  0.16102E-03  0.10681E-02  0.48345E-04
 -0.212105725E+02  0.22913E+00  0.14956E-03  0.10894E-02  0.49990E-04
 -0.211105725E+02  0.22913E+00  0.13782E-03  0.11115E-02  0.51762E-04
 -0.210105725E+02  0.22913E+00  0.12586E-03  0.11343E-02  0.53678E-04
 -0.209105725E+02  0.22913E+00  0.11373E-03  0.11580E-02  0.55758E-04
 -0.208105725E+02  0.22913E+00  0.10147E-03  0.11826E-02  0.58028E-04
 -0.207105725E+02  0.22913E+00  0.89182E-04  0.12082E-02  0.60518E-04
 -0.206105725E+02  0.22913E+00  0.76970E-04  0.12350E-02  0.63270E-04
 -0.205105725E+02  0.22913E+00  0.64977E-04  0.12629E-02  0.66335E-04
 -0.204105725E+02  0.22913E+00  0.53396E-04  0.12922E-02  0.69784E-04
 -0.203105725E+02  0.22913E+00  0.42496E-04  0.13230E-02  0.73716E-04
 -0.202105725E+02  0.22913E+00  0.32668E-04  0.13555E-02  0.78276E-04
 -0.201105725E+02  0.22913E+00  0.24508E-04  0.13898E-02  0.83684E-04
 -0.200105725E+02  0.22913E+00  0.18939E-04  0.14263E-02  0.90282E-04
 -0.199105725E+02  0.22913E+00  0.17215E-04  0.14650E-02  0.98574E-04
 -0.198105725E+02  0.22913E+00  0.20327E-04  0.15058E-02  0.10914E-03
 -0.197105725E+02  0.22913E+00  0.28286E-04  0.15482E-02  0.12239E-03
 -0.196105725E+02  0.22913E+00  0.40585E-04  0.15919E-02  0.13853E-03
 -0.195105725E+02  0.22913E+00  0.56834E-04  0.16366E-02  0.15765E-03
 -0.194105725E+02  0.22913E+00  0.76853E-04  0.16819E-02  0.17981E-03
 -0.193105725E+02  0.22913E+00  0.10061E-03  0.17278E-02  0.20509E-03
 -0.192105725E+02  0.22913E+00  0.12814E-03  0.17740E-02  0.23356E-03
 -0.191105725E+02  0.22913E+00  0.15954E-03  0.18202E-02  0.26532E-03
 -0.190105725E+02  0.22913E+00  0.19493E-03  0.18663E-02  0.30044E-03
 -0.189105725E+02  0.22913E+00  0.23443E-03  0.19120E-02  0.33902E-03
 -0.188105725E+02  0.22913E+00  0.27818E-03  0.19571E-02  0.38113E-03
 -0.187105725E+02  0.22913E+00  0.32630E-03  0.20012E-02  0.42684E-03
 -0.186105725E+02  0.22913E+00  0.37889E-03  0.20442E-02  0.47619E-03
 -0.185105725E+02  0.22913E+00  0.43603E-03  0.20856E-02  0.52920E-03
 -0.184105725E+02  0.22913E+00  0.49778E-03  0.21251E-02  0.58587E-03
 -0.183105725E+02  0.22913E+00  0.56415E-03  0.21625E-02  0.64616E-03
 -0.182105725E+02  0.22913E+00  0.63509E-03  0.21972E-02  0.71000E-03
 -0.181105725E+02  0.22913E+00  0.71052E-03  0.22290E-02  0.77727E-03
 -0.180105725E+02  0.22913E+00  0.79028E-03  0.22575E-02  0.84780E-03
 -0.179105725E+02  0.22913E+00  0.87415E-03  0.22824E-02  0.92140E-03
 -0.178105725E+02  0.22913E+00  0.96183E-03  0.23031E-02  0.99779E-03
 -0.177105725E+02  0.22913E+00  0.10530E-02  0.23195E-02  0.10767E-02
 -0.176105725E+02  0.22913E+00  0.11471E-02  0.23312E-02  0.11577E-02
 -0.175105725E+02  0.22913E+00  0.12437E-02  0.23379E-02  0.12405E-02
 -0.174105725E+02  0.22913E+00  0.13421E-02  0.23394E-02  0.13245E-02
 -0.173105725E+02  0.22913E+00  0.14418E-02  0.23355E-02  0.14094E-02
 -0.172105725E+02  0.22913E+00  0.15421E-02  0.23261E-02  0.14945E-02
 -0.171105725E+02  0.22913E+00  0.16422E-02  0.23112E-02  0.15795E-02
 -0.170105725E+02  0.22913E+00  0.17413E-02  0.22907E-02  0.16636E-02
 -0.169105725E+02  0.22913E+00  0.18387E-02  0.22647E-02  0.17465E-02
 -0.168105725E+02  0.22913E+00  0.19337E-02  0.22334E-02  0.18275E-02
 -0.167105725E+02  0.22913E+00  0.20256E-02  0.21970E-02  0.19062E-02
 -0.166105725E+02  0.22913E+00  0.21138E-02  0.21557E-02  0.19821E-02
 -0.165105725E+02  0.22913E+00  0.21976E-02  0.21099E-02  0.20548E-02
 -0.164105725E+02  0.22913E+00  0.22766E-02  0.20599E-02  0.21238E-02
 -0.163105725E+02  0.22913E+00  0.23504E-02  0.20062E-02  0.21890E-02
 -0.162105725E+02  0.22913E+00  0.24186E-02  0.19492E-02  0.22499E-02
 -0.161105725E+02  0.22913E+00  0.24810E-02  0.18893E-02  0.23064E-02
 -0.160105725E+02  0.22913E+00  0.25375E-02  0.18271E-02  0.23584E-02
 -0.159105725E+02  0.22913E+00  0.25881E-02  0.17629E-02  0.24058E-02
 -0.158105725E+02  0.22913E+00  0.26327E-02  0.16973E-02  0.24485E-02
 -0.157105725E+02  0.22913E+00  0.26716E-02  0.16306E-02  0.24866E-02
 -0.156105725E+02  0.22913E+00  0.27047E-02  0.15634E-02  0.25202E-02
 -0.155105725E+02  0.22913E+00  0.27325E-02  0.14959E-02  0.25493E-02
 -0.154105725E+02  0.22913E+00  0.27551E-02  0.14286E-02  0.25741E-02
 -0.153105725E+02  0.22913E+00  0.27728E-02  0.13617E-02  0.25948E-02
 -0.152105725E+02  0.22913E+00  0.27859E-02  0.12956E-02  0.26115E-02
 -0.151105725E+02  0.22913E+00  0.27948E-02  0.12305E-02  0.26246E-02
 -0.150105725E+02  0.22913E+00  0.27997E-02  0.11666E-02  0.26342E-02
 -0.149105725E+02  0.22913E+00  0.28011E-02  0.11042E-02  0.26406E-02
 -0.148105725E+02  0.22913E+00  0.27992E-02  0.10433E-02  0.26439E-02
 -0.147105725E+02  0.22913E+00  0.27943E-02  0.98408E-03  0.26445E-02
 -0.146105725E+02  0.22913E+00  0.27868E-02  0.92667E-03  0.26426E-02
 -0.145105725E+02  0.22913E+00  0.27769E-02  0.87112E-03  0.26383E-02
 -0.144105725E+02  0.22913E+00  0.27649E-02  0.81748E-03  0.26320E-02
 -0.143105725E+02  0.22913E+00  0.27511E-02  0.76578E-03  0.26238E-02
 -0.142105725E+02  0.22913E+00  0.27356E-02  0.71603E-03  0.26139E-02
 -0.141105725E+02  0.22913E+00  0.27188E-02  0.66824E-03  0.26025E-02
 -0.140105725E+02  0.22913E+00  0.27008E-02  0.62238E-03  0.25898E-02
 -0.139105725E+02  0.22913E+00  0.26817E-02  0.57844E-03  0.25760E-02
 -0.138105725E+02  0.22913E+00  0.26618E-02  0.53637E-03  0.25611E-02
 -0.137105725E+02  0.22913E+00  0.26412E-02  0.49614E-03  0.25453E-02
 -0.136105725E+02  0.22913E+00  0.26200E-02  0.45769E-03  0.25288E-02
 -0.135105725E+02  0.22913E+00  0.25983E-02  0.42098E-03  0.25117E-02
 -0.134105725E+02  0.22913E+00  0.25763E-02  0.38596E-03  0.24940E-02
 -0.133105725E+02  0.22913E+00  0.25541E-02  0.35256E-03  0.24759E-02
 -0.132105725E+02  0.22913E+00  0.25317E-02  0.32072E-03  0.24575E-02
 -0.131105725E+02  0.22913E+00  0.25092E-02  0.29039E-03  0.24387E-02
 -0.130105725E+02  0.22913E+00  0.24867E-02  0.26151E-03  0.24198E-02
 -0.129105725E+02  0.22913E+00  0.24642E-02  0.23401E-03  0.24008E-02
 -0.128105725E+02  0.22913E+00  0.24418E-02  0.20784E-03  0.23816E-02
 -0.127105725E+02  0.22913E+00  0.24195E-02  0.18294E-03  0.23624E-02
 -0.126105725E+02  0.22913E+00  0.23974E-02  0.15926E-03  0.23433E-02
 -0.125105725E+02  0.22913E+00  0.23755E-02  0.13673E-03  0.23242E-02
 -0.124105725E+02  0.22913E+00  0.23538E-02  0.11531E-03  0.23052E-02
 -0.123105725E+02  0.22913E+00  0.23324E-02  0.94937E-04  0.22863E-02
 -0.122105725E+02  0.22913E+00  0.23113E-02  0.75571E-04  0.22675E-02
 -0.121105725E+02  0.22913E+00  0.22904E-02  0.57159E-04  0.22489E-02
 -0.120105725E+02  0.22913E+00  0.22699E-02  0.39657E-04  0.22305E-02
 -0.119105725E+02  0.22913E+00  0.22496E-02  0.23020E-04  0.22123E-02
 -0.118105725E+02  0.22913E+00  0.22297E-02  0.72068E-05  0.21943E-02
 -0.117105725E+02  0.22913E+00  0.22101E-02 -0.78240E-05  0.21765E-02
 -0.116105725E+02  0.22913E+00  0.21909E-02 -0.22111E-04  0.21590E-02
 -0.115105725E+02  0.22913E+00  0.21720E-02 -0.35689E-04  0.21418E-02
 -0.114105725E+02  0.22913E+00  0.21534E-02 -0.48595E-04  0.21247E-02
 -0.113105725E+02  0.22913E+00  0.21352E-02 -0.60861E-04  0.21080E-02
 -0.112105725E+02  0.22913E+00  0.21173E-02 -0.72519E-04  0.20915E-02
 -0.111105725E+02  0.22913E+00  0.20998E-02 -0.83599E-04  0.20753E-02
 -0.110105725E+02  0.22913E+00  0.20825E-02 -0.94130E-04  0.20593E-02
 -0.109105725E+02  0.22913E+00  0.20657E-02 -0.10414E-03  0.20436E-02
 -0.108105725E+02  0.22913E+00  0.20491E-02 -0.11365E-03  0.20282E-02
 -0.107105725E+02  0.22913E+00  0.20329E-02 -0.12269E-03  0.20131E-02
 -0.106105725E+02  0.22913E+00  0.20170E-02 -0.13128E-03  0.19982E-02
 -0.105105725E+02  0.22913E+00  0.20014E-02 -0.13944E-03  0.19836E-02
 -0.104105725E+02  0.22913E+00  0.19862E-02 -0.14720E-03  0.19692E-02
 -0.103105725E+02  0.22913E+00  0.19712E-02 -0.15456E-03  0.19551E-02
 -0.102105725E+02  0.22913E+00  0.19566E-02 -0.16157E-03  0.19413E-02
 -0.101105725E+02  0.22913E+00  0.19422E-02 -0.16822E-03  0.19278E-02
 -0.100105725E+02  0.22913E+00  0.19282E-02 -0.17454E-03  0.19144E-02
 -0.991057251E+01  0.22913E+00  0.19144E-02 -0.18054E-03  0.19014E-02
 -0.981057251E+01  0.22913E+00  0.19009E-02 -0.18624E-03  0.18886E-02
 -0.971057251E+01  0.22913E+00  0.18877E-02 -0.19165E-03  0.18760E-02
 -0.961057251E+01  0.22913E+00  0.18748E-02 -0.19678E-03  0.18637E-02
 -0.951057251E+01  0.22913E+00  0.18621E-02 -0.20166E-03  0.18516E-02
 -0.941057251E+01  0.22913E+00  0.18497E-02 -0.20628E-03  0.18397E-02
 -0.931057251E+01  0.22913E+00  0.18375E-02 -0.21067E-03  0.18280E-02
 -0.921057251E+01  0.22913E+00  0.18256E-02 -0.21484E-03  0.18166E-02
 -0.911057251E+01  0.22913E+00  0.18139E-02 -0.21878E-03  0.18054E-02
 -0.901057251E+01  0.22913E+00  0.18024E-02 -0.22252E-03  0.17944E-02
 -0.891057251E+01  0.22913E+00  0.17912E-02 -0.22606E-03  0.17837E-02
 -0.881057251E+01  0.22913E+00  0.17802E-02 -0.22942E-03  0.17731E-02
 -0.871057251E+01  0.22913E+00  0.17695E-02 -0.23260E-03  0.17627E-02
 -0.861057251E+01  0.22913E+00  0.17589E-02 -0.23561E-03  0.17525E-02
 -0.851057251E+01  0.22913E+00  0.17486E-02 -0.23845E-03  0.17426E-02
 -0.841057251E+01  0.22913E+00  0.17385E-02 -0.24114E-03  0.17328E-02
 -0.831057251E+01  0.22913E+00  0.17285E-02 -0.24368E-03  0.17232E-02
 -0.821057251E+01  0.22913E+00  0.17188E-02 -0.24607E-03  0.17137E-02
 -0.811057251E+01  0.22913E+00  0.17092E-02 -0.24834E-03  0.17045E-02
 -0.801057251E+01  0.22913E+00  0.16999E-02 -0.25047E-03  0.16954E-02
 -0.791057251E+01  0.22913E+00  0.16907E-02 -0.25247E-03  0.16865E-02
 -0.781057251E+01  0.22913E+00  0.16817E-02 -0.25436E-03  0.16778E-02
 -0.771057251E+01  0.22913E+00  0.16729E-02 -0.25614E-03  0.16692E-02
 -0.761057251E+01  0.22913E+00  0.16642E-02 -0.25780E-03  0.16608E-02
 -0.751057251E+01  0.22913E+00  0.16558E-02 -0.25937E-03  0.16525E-02
 -0.741057251E+01  0.22913E+00  0.16474E-02 -0.26083E-03  0.16444E-02
 -0.731057251E+01  0.22913E+00  0.16393E-02 -0.26220E-03  0.16365E-02
 -0.721057251E+01  0.22913E+00  0.16313E-02 -0.26347E-03  0.16286E-02
 -0.711057251E+01  0.22913E+00  0.16234E-02 -0.26466E-03  0.16210E-02
 -0.701057251E+01  0.22913E+00  0.16157E-02 -0.26577E-03  0.16135E-02
 -0.691057251E+01  0.22913E+00  0.16081E-02 -0.26679E-03  0.16061E-02
 -0.681057251E+01  0.22913E+00  0.16007E-02 -0.26774E-03  0.15988E-02
 -0.671057251E+01  0.22913E+00  0.15934E-02 -0.26862E-03  0.15917E-02
 -0.661057251E+01  0.22913E+00  0.15863E-02 -0.26942E-03  0.15847E-02
 -0.651057251E+01  0.22913E+00  0.15793E-02 -0.27016E-03  0.15778E-02
 -0.641057251E+01  0.22913E+00  0.15724E-02 -0.27084E-03  0.15711E-02
 -0.631057251E+01  0.22913E+00  0.15656E-02 -0.27145E-03  0.15644E-02
 -0.621057251E+01  0.22913E+00  0.15590E-02 -0.27200E-03  0.15579E-02
 -0.611057251E+01  0.22913E+00  0.15525E-02 -0.27250E-03  0.15515E-02
 -0.601057251E+01  0.22913E+00  0.15461E-02 -0.27294E-03  0.15453E-02
 -0.110105725E+02  0.50000E-02  0.20831E-02 -0.13068E-03  0.20816E-02
 -0.110105725E+02  0.10000E-01  0.20831E-02 -0.12984E-03  0.20811E-02
 -0.110105725E+02  0.11183E-01  0.20831E-02 -0.12964E-03  0.20810E-02
 -0.110105725E+02  0.16684E-01  0.20831E-02 -0.12871E-03  0.20805E-02
 -0.110105725E+02  0.24889E-01  0.20830E-02 -0.12733E-03  0.20797E-02
 -0.110105725E+02  0.37130E-01  0.20830E-02 -0.12528E-03  0.20785E-02
 -0.110105725E+02  0.55391E-01  0.20830E-02 -0.12224E-03  0.20767E-02
 -0.110105725E+02  0.82634E-01  0.20830E-02 -0.11773E-03  0.20740E-02
 -0.110105725E+02  0.12328E+00  0.20829E-02 -0.11107E-03  0.20700E-02
 -0.110105725E+02  0.18391E+00  0.20827E-02 -0.10129E-03  0.20639E-02
 -0.110105725E+02  0.27435E+00  0.20823E-02 -0.87072E-04  0.20546E-02
 -0.110105725E+02  0.40929E+00  0.20814E-02 -0.66646E-04  0.20404E-02
 -0.110105725E+02  0.61059E+00  0.20794E-02 -0.37924E-04  0.20184E-02
 -0.110105725E+02  0.91089E+00  0.20749E-02  0.11002E-05  0.19844E-02
 -0.110105725E+02  0.13589E+01  0.20644E-02  0.51176E-04  0.19319E-02
 -0.110105725E+02  0.20272E+01  0.20398E-02  0.10940E-03  0.18528E-02
 -0.110105725E+02  0.30243E+01  0.19806E-02  0.16592E-03  0.17398E-02
 -0.110105725E+02  0.45117E+01  0.18446E-02  0.20272E-03  0.15932E-02
