  -0.1447444681E+001  -0.3385977900E-009   0.2910475777E-008
  -0.1443769750E+001  -0.3417015121E-009   0.2900686695E-008
  -0.1440094819E+001  -0.3448147629E-009   0.2891219903E-008
  -0.1436419888E+001  -0.3479437062E-009   0.2881990305E-008
  -0.1432744957E+001  -0.3510853286E-009   0.2873065304E-008
  -0.1429070026E+001  -0.3542427999E-009   0.2864420562E-008
  -0.1425395095E+001  -0.3574162356E-009   0.2856031036E-008
  -0.1421720165E+001  -0.3606089130E-009   0.2847870956E-008
  -0.1418045234E+001  -0.3638146170E-009   0.2840009283E-008
  -0.1414370303E+001  -0.3670398309E-009   0.2832356630E-008
  -0.1410695372E+001  -0.3702847073E-009   0.2824982420E-008
  -0.1407020441E+001  -0.3735494334E-009   0.2817860503E-008
  -0.1403345510E+001  -0.3768309389E-009   0.2810931248E-008
  -0.1399670579E+001  -0.3801359022E-009   0.2804265096E-008
  -0.1395995648E+001  -0.3834612684E-009   0.2797834910E-008
  -0.1392320717E+001  -0.3868105753E-009   0.2791612753E-008
  -0.1388645786E+001  -0.3901807169E-009   0.2785603504E-008
  -0.1384970856E+001  -0.3935752599E-009   0.2779846034E-008
  -0.1381295925E+001  -0.3969910810E-009   0.2774277916E-008
  -0.1377620994E+001  -0.4004352373E-009   0.2768938008E-008
  -0.1373946063E+001  -0.4039046260E-009   0.2763797020E-008
  -0.1370271132E+001  -0.4073995241E-009   0.2758859651E-008
  -0.1366596201E+001  -0.4109202131E-009   0.2754130701E-008
  -0.1362921270E+001  -0.4144669782E-009   0.2749615080E-008
  -0.1359246339E+001  -0.4180472463E-009   0.2745282186E-008
  -0.1355571408E+001  -0.4216507030E-009   0.2741136369E-008
  -0.1351896477E+001  -0.4252884132E-009   0.2737182081E-008
  -0.1348221547E+001  -0.4289535448E-009   0.2733460280E-008
  -0.1344546616E+001  -0.4326501161E-009   0.2729866396E-008
  -0.1340871685E+001  -0.4363784832E-009   0.2726514413E-008
  -0.1337196754E+001  -0.4401390902E-009   0.2723298346E-008
  -0.1333521823E+001  -0.4439360696E-009   0.2720296510E-008
  -0.1329846892E+001  -0.4477623803E-009   0.2717476196E-008
  -0.1326171961E+001  -0.4516259891E-009   0.2714803684E-008
  -0.1322497030E+001  -0.4555235643E-009   0.2712320901E-008
  -0.1318822099E+001  -0.4594582501E-009   0.2710032380E-008
  -0.1315147168E+001  -0.4634294166E-009   0.2707864892E-008
  -0.1311472238E+001  -0.4674379033E-009   0.2705939090E-008
  -0.1307797307E+001  -0.4714846586E-009   0.2704142120E-008
  -0.1304122376E+001  -0.4755701952E-009   0.2702516952E-008
  -0.1300447445E+001  -0.4796962692E-009   0.2701027578E-008
  -0.1296772514E+001  -0.4838626151E-009   0.2699758197E-008
  -0.1293097583E+001  -0.4880702377E-009   0.2698632539E-008
  -0.1289422652E+001  -0.4923205450E-009   0.2697654081E-008
  -0.1285747721E+001  -0.4966137230E-009   0.2696867787E-008
  -0.1282072790E+001  -0.5009508394E-009   0.2696194819E-008
  -0.1278397859E+001  -0.5053325012E-009   0.2695722049E-008
  -0.1274722929E+001  -0.5097602239E-009   0.2695411906E-008
  -0.1271047998E+001  -0.5142342812E-009   0.2695225585E-008
  -0.1267373067E+001  -0.5187553264E-009   0.2695252222E-008
  -0.1263698136E+001  -0.5233249792E-009   0.2695366710E-008
  -0.1260023205E+001  -0.5279439226E-009   0.2695702461E-008
  -0.1256348274E+001  -0.5326129578E-009   0.2696132472E-008
  -0.1252673343E+001  -0.5373328135E-009   0.2696747959E-008
  -0.1248998412E+001  -0.5421051828E-009   0.2697508573E-008
  -0.1245323481E+001  -0.5469299593E-009   0.2698463018E-008
  -0.1241648550E+001  -0.5518089012E-009   0.2699524841E-008
  -0.1237973620E+001  -0.5567428391E-009   0.2700742554E-008
  -0.1234298689E+001  -0.5617331020E-009   0.2702119921E-008
  -0.1230623758E+001  -0.5667801173E-009   0.2703660800E-008
  -0.1226948827E+001  -0.5718852769E-009   0.2705322035E-008
  -0.1223273896E+001  -0.5770494929E-009   0.2707153995E-008
  -0.1219598965E+001  -0.5822737357E-009   0.2709112913E-008
  -0.1215924034E+001  -0.5875599217E-009   0.2711250124E-008
  -0.1212249103E+001  -0.5929085988E-009   0.2713521240E-008
  -0.1208574172E+001  -0.5983207699E-009   0.2715978590E-008
  -0.1204899241E+001  -0.6037975008E-009   0.2718577154E-008
  -0.1201224311E+001  -0.6093408797E-009   0.2721270323E-008
  -0.1197549380E+001  -0.6149514753E-009   0.2724161088E-008
  -0.1193874449E+001  -0.6206304350E-009   0.2727203436E-008
  -0.1190199518E+001  -0.6263794219E-009   0.2730401005E-008
  -0.1186524587E+001  -0.6321996242E-009   0.2733757520E-008
  -0.1182849656E+001  -0.6380922786E-009   0.2737224608E-008
  -0.1179174725E+001  -0.6440586030E-009   0.2740857464E-008
  -0.1175499794E+001  -0.6501003956E-009   0.2744660094E-008
  -0.1171824863E+001  -0.6562189892E-009   0.2748583004E-008
  -0.1168149932E+001  -0.6624151576E-009   0.2752683046E-008
  -0.1164475002E+001  -0.6686913448E-009   0.2756964526E-008
  -0.1160800071E+001  -0.6750484621E-009   0.2761321743E-008
  -0.1157125140E+001  -0.6814884204E-009   0.2765922902E-008
  -0.1153450209E+001  -0.6880122106E-009   0.2770605943E-008
  -0.1149775278E+001  -0.6946224085E-009   0.2775485690E-008
  -0.1146100347E+001  -0.7013194574E-009   0.2780509883E-008
  -0.1142425416E+001  -0.7081060736E-009   0.2785681903E-008
  -0.1138750485E+001  -0.7149833074E-009   0.2791005219E-008
  -0.1135075554E+001  -0.7219533714E-009   0.2796542093E-008
  -0.1131400623E+001  -0.7290174351E-009   0.2802179328E-008
  -0.1127725693E+001  -0.7361783985E-009   0.2807978834E-008
  -0.1124050762E+001  -0.7434368592E-009   0.2813944461E-008
  -0.1120375831E+001  -0.7507958491E-009   0.2820080163E-008
  -0.1116700900E+001  -0.7582566436E-009   0.2826389999E-008
  -0.1113025969E+001  -0.7658211606E-009   0.2832878137E-008
  -0.1109351038E+001  -0.7734920209E-009   0.2839486141E-008
  -0.1105676107E+001  -0.7812712240E-009   0.2846279909E-008
  -0.1102001176E+001  -0.7891602082E-009   0.2853263931E-008
  -0.1098326245E+001  -0.7971624056E-009   0.2860378253E-008
  -0.1094651314E+001  -0.8052793322E-009   0.2867690911E-008
  -0.1090976384E+001  -0.8135125951E-009   0.2875140899E-008
  -0.1087301453E+001  -0.8218664263E-009   0.2882797732E-008
  -0.1083626522E+001  -0.8303412283E-009   0.2890599330E-008
  -0.1079951591E+001  -0.8389407085E-009   0.2898616733E-008
  -0.1076276660E+001  -0.8476673845E-009   0.2906786765E-008
  -0.1072601729E+001  -0.8565238037E-009   0.2915112836E-008
  -0.1068926798E+001  -0.8655118431E-009   0.2923668362E-008
  -0.1065251867E+001  -0.8746356063E-009   0.2932388454E-008
  -0.1061576936E+001  -0.8838964337E-009   0.2941276839E-008
  -0.1057902005E+001  -0.8932985621E-009   0.2950337346E-008
  -0.1054227075E+001  -0.9028441368E-009   0.2959646751E-008
  -0.1050552144E+001  -0.9125361970E-009   0.2969064167E-008
  -0.1046877213E+001  -0.9223784521E-009   0.2978740223E-008
  -0.1043202282E+001  -0.9323733724E-009   0.2988531215E-008
  -0.1039527351E+001  -0.9425240835E-009   0.2998591097E-008
  -0.1035852420E+001  -0.9528354485E-009   0.3008850043E-008
  -0.1032177489E+001  -0.9633093411E-009   0.3019312729E-008
  -0.1028502558E+001  -0.9739500553E-009   0.3029905537E-008
  -0.1024827627E+001  -0.9847603010E-009   0.3040789423E-008
  -0.1021152696E+001  -0.9957454239E-009   0.3051811741E-008
  -0.1017477766E+001  -0.1006908381E-008   0.3063056114E-008
  -0.1013802835E+001  -0.1018253061E-008   0.3074527886E-008
  -0.1010127904E+001  -0.1029782630E-008   0.3086232557E-008
  -0.1006452973E+001  -0.1041503725E-008   0.3098092042E-008
  -0.1002778042E+001  -0.1053417988E-008   0.3110278720E-008
  -0.9991031111E+000  -0.1065531537E-008   0.3122630130E-008
  -0.9954281802E+000  -0.1077847997E-008   0.3135149538E-008
  -0.9917532493E+000  -0.1090372784E-008   0.3147927892E-008
  -0.9880783184E+000  -0.1103109762E-008   0.3160971641E-008
  -0.9844033875E+000  -0.1116064680E-008   0.3174287430E-008
  -0.9807284566E+000  -0.1129241710E-008   0.3187791449E-008
  -0.9770535257E+000  -0.1142646910E-008   0.3201487583E-008
  -0.9733785948E+000  -0.1156285552E-008   0.3215472613E-008
  -0.9697036639E+000  -0.1170163114E-008   0.3229753922E-008
  -0.9660287330E+000  -0.1184284343E-008   0.3244244122E-008
  -0.9623538021E+000  -0.1198655976E-008   0.3258947659E-008
  -0.9586788712E+000  -0.1213283940E-008   0.3273966394E-008
  -0.9550039403E+000  -0.1228174455E-008   0.3289210088E-008
  -0.9513290094E+000  -0.1243333814E-008   0.3304783297E-008
  -0.9476540785E+000  -0.1258768618E-008   0.3320593834E-008
  -0.9439791476E+000  -0.1274485613E-008   0.3336646943E-008
  -0.9403042167E+000  -0.1290491753E-008   0.3352948023E-008
  -0.9366292858E+000  -0.1306795190E-008   0.3369607305E-008
  -0.9329543549E+000  -0.1323401298E-008   0.3386528452E-008
  -0.9292794240E+000  -0.1340319812E-008   0.3403717427E-008
  -0.9256044931E+000  -0.1357556397E-008   0.3421289051E-008
  -0.9219295622E+000  -0.1375121468E-008   0.3439033660E-008
  -0.9182546313E+000  -0.1393023306E-008   0.3457176581E-008
  -0.9145797004E+000  -0.1411268414E-008   0.3475615914E-008
  -0.9109047695E+000  -0.1429867966E-008   0.3494358657E-008
  -0.9072298386E+000  -0.1448830071E-008   0.3513412021E-008
  -0.9035549077E+000  -0.1468165428E-008   0.3532783442E-008
  -0.8998799768E+000  -0.1487882658E-008   0.3552599582E-008
  -0.8962050459E+000  -0.1507992087E-008   0.3572631947E-008
  -0.8925301150E+000  -0.1528505372E-008   0.3593006133E-008
  -0.8888551841E+000  -0.1549432192E-008   0.3613730555E-008
  -0.8851802532E+000  -0.1570783698E-008   0.3634939462E-008
  -0.8815053223E+000  -0.1592572956E-008   0.3656392429E-008
  -0.8778303914E+000  -0.1614811958E-008   0.3678222585E-008
  -0.8741554605E+000  -0.1637510586E-008   0.3700439493E-008
  -0.8704805296E+000  -0.1660685643E-008   0.3723053035E-008
  -0.8668055987E+000  -0.1684346537E-008   0.3746073417E-008
  -0.8631306678E+000  -0.1708511209E-008   0.3769374719E-008
  -0.8594557369E+000  -0.1733189730E-008   0.3793238833E-008
  -0.8557808060E+000  -0.1758399863E-008   0.3817402051E-008
  -0.8521058751E+000  -0.1784156924E-008   0.3842012379E-008
  -0.8484309442E+000  -0.1810475550E-008   0.3866937188E-008
  -0.8447560133E+000  -0.1837373502E-008   0.3892475802E-008
  -0.8410810824E+000  -0.1864865194E-008   0.3918349654E-008
  -0.8374061515E+000  -0.1892972741E-008   0.3944716383E-008
  -0.8337312206E+000  -0.1921710214E-008   0.3971436149E-008
  -0.8300562897E+000  -0.1951099553E-008   0.3998827410E-008
  -0.8263813588E+000  -0.1981161033E-008   0.4026437401E-008
  -0.8227064279E+000  -0.2011913386E-008   0.4054748155E-008
  -0.8190314970E+000  -0.2043378276E-008   0.4083456359E-008
  -0.8153565661E+000  -0.2075577967E-008   0.4112570353E-008
  -0.8116816352E+000  -0.2108537154E-008   0.4142266920E-008
  -0.8080067042E+000  -0.2142278261E-008   0.4172562910E-008
  -0.8043317733E+000  -0.2176826446E-008   0.4203302171E-008
  -0.8006568424E+000  -0.2212207605E-008   0.4234670868E-008
  -0.7969819115E+000  -0.2248448974E-008   0.4266508312E-008
  -0.7933069806E+000  -0.2285580586E-008   0.4298825010E-008
  -0.7896320497E+000  -0.2323628053E-008   0.4331817085E-008
  -0.7859571188E+000  -0.2362623916E-008   0.4365316579E-008
  -0.7822821879E+000  -0.2402601826E-008   0.4399526795E-008
  -0.7786072570E+000  -0.2443591382E-008   0.4434274743E-008
  -0.7749323261E+000  -0.2485627156E-008   0.4469573128E-008
  -0.7712573952E+000  -0.2528749070E-008   0.4505636678E-008
  -0.7675824643E+000  -0.2572991032E-008   0.4542284332E-008
  -0.7639075334E+000  -0.2618394422E-008   0.4579530324E-008
  -0.7602326025E+000  -0.2664998259E-008   0.4617389349E-008
  -0.7565576716E+000  -0.2712845415E-008   0.4655876585E-008
  -0.7528827407E+000  -0.2761980495E-008   0.4695227902E-008
  -0.7492078098E+000  -0.2812452774E-008   0.4735247356E-008
  -0.7455328789E+000  -0.2864309298E-008   0.4775723687E-008
  -0.7418579480E+000  -0.2917598602E-008   0.4817126992E-008
  -0.7381830171E+000  -0.2972379168E-008   0.4859251337E-008
  -0.7345080862E+000  -0.3028700095E-008   0.4902115619E-008
  -0.7308331553E+000  -0.3086627376E-008   0.4945739413E-008
  -0.7271582244E+000  -0.3146215349E-008   0.4990142972E-008
  -0.7234832935E+000  -0.3207533808E-008   0.5035091571E-008
  -0.7198083626E+000  -0.3270644945E-008   0.5081113328E-008
  -0.7161334317E+000  -0.3335622877E-008   0.5127714009E-008
  -0.7124585008E+000  -0.3402542021E-008   0.5175172208E-008
  -0.7087835699E+000  -0.3471475288E-008   0.5223511636E-008
  -0.7051086390E+000  -0.3542510438E-008   0.5272756892E-008
  -0.7014337081E+000  -0.3615728704E-008   0.5322645164E-008
  -0.6977587772E+000  -0.3691223616E-008   0.5373479164E-008
  -0.6940838463E+000  -0.3769085003E-008   0.5425285779E-008
  -0.6904089154E+000  -0.3849419891E-008   0.5477785922E-008
  -0.6867339845E+000  -0.3932324938E-008   0.5531302294E-008
  -0.6830590536E+000  -0.4017915244E-008   0.5585543845E-008
  -0.6793841227E+000  -0.4106308739E-008   0.5640519905E-008
  -0.6757091918E+000  -0.4197622841E-008   0.5696574449E-008
  -0.6720342609E+000  -0.4291992748E-008   0.5753054066E-008
  -0.6683593300E+000  -0.4389549025E-008   0.5810995349E-008
  -0.6646843991E+000  -0.4490439048E-008   0.5869379804E-008
  -0.6610094682E+000  -0.4594813497E-008   0.5928558326E-008
  -0.6573345373E+000  -0.4702835952E-008   0.5988538855E-008
  -0.6536596064E+000  -0.4814671589E-008   0.6049713158E-008
  -0.6499846755E+000  -0.4930504520E-008   0.6111328378E-008
  -0.6463097446E+000  -0.5050521114E-008   0.6173362448E-008
  -0.6426348137E+000  -0.5174922061E-008   0.6236617125E-008
  -0.6389598828E+000  -0.5303918755E-008   0.6299854997E-008
  -0.6352849519E+000  -0.5437741172E-008   0.6364317861E-008
  -0.6316100210E+000  -0.5576619469E-008   0.6428700803E-008
  -0.6279350901E+000  -0.5720808942E-008   0.6493847345E-008
  -0.6242601592E+000  -0.5870574444E-008   0.6558812228E-008
  -0.6205852283E+000  -0.6026200253E-008   0.6624475791E-008
  -0.6169102974E+000  -0.6187977439E-008   0.6689585765E-008
  -0.6132353665E+000  -0.6356228634E-008   0.6754735077E-008
  -0.6095604356E+000  -0.6531273707E-008   0.6819433249E-008
  -0.6058855047E+000  -0.6713458360E-008   0.6883456894E-008
  -0.6022105738E+000  -0.6903156990E-008   0.6946558047E-008
  -0.5985356429E+000  -0.7100730098E-008   0.7008290565E-008
  -0.5948607120E+000  -0.7306567208E-008   0.7068216517E-008
  -0.5911857811E+000  -0.7521053463E-008   0.7125848939E-008
  -0.5875108502E+000  -0.7744561043E-008   0.7180584100E-008
  -0.5838359193E+000  -0.7977432702E-008   0.7231557324E-008
  -0.5801609884E+000  -0.8219935426E-008   0.7277737209E-008
  -0.5764860575E+000  -0.8472137183E-008   0.7317971464E-008
  -0.5728111266E+000  -0.8733761148E-008   0.7350478639E-008
  -0.5691361957E+000  -0.9003711796E-008   0.7373551248E-008
  -0.5654612648E+000  -0.9279419254E-008   0.7385577097E-008
  -0.5617863339E+000  -0.9557392331E-008   0.7387247411E-008
  -0.5581114030E+000  -0.9835846942E-008   0.7381326531E-008
  -0.5544364721E+000  -0.1011506747E-007   0.7370177422E-008
  -0.5507615412E+000  -0.1039590670E-007   0.7355236560E-008
  -0.5470866103E+000  -0.1067921570E-007   0.7337096234E-008
  -0.5434116794E+000  -0.1096576152E-007   0.7316359549E-008
  -0.5397367485E+000  -0.1125614805E-007   0.7293252132E-008
  -0.5360618176E+000  -0.1155103858E-007   0.7267945903E-008
  -0.5323868867E+000  -0.1185092288E-007   0.7240754680E-008
  -0.5287119558E+000  -0.1215645740E-007   0.7211620063E-008
  -0.5250370249E+000  -0.1246826796E-007   0.7180934799E-008
  -0.5213620940E+000  -0.1278682215E-007   0.7148579216E-008
  -0.5176871631E+000  -0.1311275549E-007   0.7114912496E-008
  -0.5140122322E+000  -0.1344677787E-007   0.7079854113E-008
  -0.5103373013E+000  -0.1378941475E-007   0.7043583925E-008
  -0.5066623704E+000  -0.1414165779E-007   0.7006324376E-008
  -0.5029874395E+000  -0.1450404334E-007   0.6968199758E-008
  -0.4993125086E+000  -0.1487760661E-007   0.6929289279E-008
  -0.4956375777E+000  -0.1526335318E-007   0.6889790297E-008
  -0.4919626468E+000  -0.1566206976E-007   0.6849877432E-008
  -0.4882877159E+000  -0.1607496628E-007   0.6809784833E-008
  -0.4846127850E+000  -0.1650359038E-007   0.6769694398E-008
  -0.4809378541E+000  -0.1694891276E-007   0.6729879273E-008
  -0.4772629232E+000  -0.1741281285E-007   0.6690573084E-008
  -0.4735879923E+000  -0.1789677826E-007   0.6652161264E-008
  -0.4699130614E+000  -0.1840292729E-007   0.6614914420E-008
  -0.4662381305E+000  -0.1893342868E-007   0.6579283389E-008
  -0.4625631996E+000  -0.1949047706E-007   0.6545686648E-008
  -0.4588882687E+000  -0.2007710011E-007   0.6514774497E-008
  -0.4552133378E+000  -0.2069589090E-007   0.6486802173E-008
  -0.4515384069E+000  -0.2135103139E-007   0.6462608989E-008
  -0.4478634760E+000  -0.2204638871E-007   0.6443574210E-008
  -0.4441885451E+000  -0.2278603191E-007   0.6429574569E-008
  -0.4405136142E+000  -0.2357578020E-007   0.6422759643E-008
  -0.4368386833E+000  -0.2442207067E-007   0.6424151248E-008
  -0.4331637524E+000  -0.2533107300E-007   0.6435431414E-008
  -0.4294888215E+000  -0.2631241211E-007   0.6458701837E-008
  -0.4258138906E+000  -0.2737438108E-007   0.6496583542E-008
  -0.4221389597E+000  -0.2853019762E-007   0.6552404815E-008
  -0.4184640288E+000  -0.2979269615E-007   0.6629051487E-008
  -0.4147890979E+000  -0.3117933957E-007   0.6733047736E-008
  -0.4111141670E+000  -0.3270993018E-007   0.6870608236E-008
  -0.4074392361E+000  -0.3440959147E-007   0.7049807808E-008
  -0.4037643052E+000  -0.3630957423E-007   0.7282329623E-008
  -0.4000893743E+000  -0.3844804054E-007   0.7582821041E-008
  -0.3964144434E+000  -0.4087329573E-007   0.7973977910E-008
  -0.3927395125E+000  -0.4364578389E-007   0.8483253935E-008
  -0.3890645816E+000  -0.4686210595E-007   0.9151362829E-008
  -0.3853896507E+000  -0.5061089833E-007   0.1004180640E-007
  -0.3817147198E+000  -0.5503037382E-007   0.1124626367E-007
  -0.3780397889E+000  -0.6037234763E-007   0.1290821710E-007
  -0.3743648580E+000  -0.6686180377E-007   0.1526288906E-007
  -0.3706899271E+000  -0.7492699528E-007   0.1870742080E-007
  -0.3670149973E+000  -0.8514400183E-007   0.2396095703E-007
  -0.3633400664E+000  -0.9831831272E-007   0.3239404960E-007
  -0.3596651355E+000  -0.1155651975E-006   0.4682839994E-007
  -0.3559902046E+000  -0.1369676129E-006   0.7347673919E-007
  -0.3523152737E+000  -0.1574891180E-006   0.1259253845E-006
  -0.3486403428E+000  -0.1430442148E-006   0.2218892798E-006
  -0.3449654119E+000  -0.1961953413E-007   0.3012999885E-006
  -0.3412904810E+000  -0.2032172728E-007   0.2236126485E-006
  -0.3376155501E+000  -0.1191478940E-007   0.1264026694E-006
  -0.3339406192E+000  -0.6635213369E-008   0.7334545351E-007
  -0.3302656883E+000  -0.3992089060E-008   0.4620780016E-007
  -0.3265907574E+000  -0.2603267911E-008   0.3131505428E-007
  -0.3229158265E+000  -0.1811236560E-008   0.2246645106E-007
  -0.3192408956E+000  -0.1325033405E-008   0.1684257443E-007
  -0.3155659647E+000  -0.1008004316E-008   0.1306827820E-007
  -0.3118910338E+000  -0.7909572194E-009   0.1042162491E-007
  -0.3082161029E+000  -0.6363526459E-009   0.8498139380E-008
  -0.3045411720E+000  -0.5225764421E-009   0.7058325875E-008
  -0.3008662411E+000  -0.4365402422E-009   0.5953591291E-008
  -0.2971913102E+000  -0.3699719000E-009   0.5088012578E-008
  -0.2935163793E+000  -0.3174486429E-009   0.4397531534E-008
  -0.2898414484E+000  -0.2753020267E-009   0.3838100169E-008
  -0.2861665175E+000  -0.2409817573E-009   0.3378650018E-008
  -0.2824915866E+000  -0.2126720806E-009   0.2996773710E-008
  -0.2788166557E+000  -0.1890527773E-009   0.2675989431E-008
  -0.2751417248E+000  -0.1691458814E-009   0.2403960137E-008
  -0.2714667939E+000  -0.1522148179E-009   0.2171305769E-008
  -0.2677918630E+000  -0.1376964875E-009   0.1970793576E-008
  -0.2641169321E+000  -0.1251545834E-009   0.1796775269E-008
  -0.2604420012E+000  -0.1142468971E-009   0.1644788754E-008
  -0.2567670703E+000  -0.1047020312E-009   0.1511271766E-008
  -0.2530921394E+000  -0.9630255433E-010   0.1393352903E-008
  -0.2494172085E+000  -0.8887264345E-010   0.1288697082E-008
  -0.2457422776E+000  -0.8226889963E-010   0.1195389826E-008
  -0.2420673467E+000  -0.7637344102E-010   0.1111849628E-008
  -0.2383924158E+000  -0.7108865059E-010   0.1036760873E-008
  -0.2347174849E+000  -0.6633314123E-010   0.9690220010E-009
  -0.2310425540E+000  -0.6203862681E-010   0.9077050751E-009
  -0.2273676231E+000  -0.5814747393E-010   0.8520239767E-009
  -0.2236926922E+000  -0.5461077076E-010   0.8013091927E-009
  -0.2200177613E+000  -0.5138679174E-010   0.7549876759E-009
  -0.2163428304E+000  -0.4843976826E-010   0.7125666466E-009
  -0.2126678995E+000  -0.4573889763E-010   0.6736204795E-009
  -0.2089929686E+000  -0.4325753897E-010   0.6377800205E-009
  -0.2053180377E+000  -0.4097255688E-010   0.6047238350E-009
  -0.2016431068E+000  -0.3886378266E-010   0.5741709968E-009
  -0.1979681759E+000  -0.3691356966E-010   0.5458751167E-009
  -0.1942932450E+000  -0.3510642434E-010   0.5196193725E-009
  -0.1906183141E+000  -0.3342869885E-010   0.4952123536E-009
  -0.1869433832E+000  -0.3186833351E-010   0.4724845711E-009
  -0.1832684523E+000  -0.3041464026E-010   0.4512855137E-009
  -0.1795935214E+000  -0.2905811977E-010   0.4314811554E-009
  -0.1759185905E+000  -0.2779030632E-010   0.4129518358E-009
  -0.1722436596E+000  -0.2660363584E-010   0.3955904525E-009
  -0.1685687287E+000  -0.2549133313E-010   0.3793009121E-009
  -0.1648937978E+000  -0.2444731523E-010   0.3639968010E-009
  -0.1612188669E+000  -0.2346610827E-010   0.3496002383E-009
