 Temperature (Hatree) = 0
 Electronic Temperature (eV) = 0
 xloss =   0.78795999999999999       eV
 efermi =   -10.663728200000000       eV
 Number of poles = 0
 Omega(Hart)    Re CCHI     Im CCHI   1-Fermi   Re xmu0    Im xmu0
  -0.1494363913E+001  -0.4966536820E-003   0.1736264939E-004   0.9916414065E+000  -0.5008400000E-003   0.1750900000E-004
  -0.1490688982E+001  -0.4944383055E-003   0.1728084784E-004   0.9916134642E+000  -0.4986200000E-003   0.1742700000E-004
  -0.1487014051E+001  -0.4922328759E-003   0.1720003921E-004   0.9915853346E+000  -0.4964100000E-003   0.1734600000E-004
  -0.1483339120E+001  -0.4900373927E-003   0.1712022343E-004   0.9915570157E+000  -0.4942100000E-003   0.1726600000E-004
  -0.1479664189E+001  -0.4878518553E-003   0.1704140042E-004   0.9915285055E+000  -0.4920200000E-003   0.1718700000E-004
  -0.1475989258E+001  -0.4856762631E-003   0.1696257862E-004   0.9914998022E+000  -0.4898400000E-003   0.1710800000E-004
  -0.1472314327E+001  -0.4835106156E-003   0.1688574096E-004   0.9914709038E+000  -0.4876700000E-003   0.1703100000E-004
  -0.1468639397E+001  -0.4813549123E-003   0.1680890442E-004   0.9914418082E+000  -0.4855100000E-003   0.1695400000E-004
  -0.1464964466E+001  -0.4792091525E-003   0.1673306040E-004   0.9914125135E+000  -0.4833600000E-003   0.1687800000E-004
  -0.1461289535E+001  -0.4770733358E-003   0.1665820885E-004   0.9913830177E+000  -0.4812200000E-003   0.1680300000E-004
  -0.1457614604E+001  -0.4749474614E-003   0.1658434967E-004   0.9913533185E+000  -0.4790900000E-003   0.1672900000E-004
  -0.1453939673E+001  -0.4728216155E-003   0.1651049146E-004   0.9913234140E+000  -0.4769600000E-003   0.1665500000E-004
  -0.1450264742E+001  -0.4707156244E-003   0.1643861683E-004   0.9912933020E+000  -0.4748500000E-003   0.1658300000E-004
  -0.1446589811E+001  -0.4686195739E-003   0.1636674307E-004   0.9912629803E+000  -0.4727500000E-003   0.1651100000E-004
  -0.1442914880E+001  -0.4665235510E-003   0.1629586142E-004   0.9912324467E+000  -0.4706500000E-003   0.1644000000E-004
  -0.1439239949E+001  -0.4644473801E-003   0.1622498061E-004   0.9912016990E+000  -0.4685700000E-003   0.1636900000E-004
  -0.1435565018E+001  -0.4623712361E-003   0.1615608298E-004   0.9911707349E+000  -0.4664900000E-003   0.1630000000E-004
  -0.1431890088E+001  -0.4603050308E-003   0.1608718607E-004   0.9911395522E+000  -0.4644200000E-003   0.1623100000E-004
  -0.1428215157E+001  -0.4582487635E-003   0.1601928100E-004   0.9911081484E+000  -0.4623600000E-003   0.1616300000E-004
  -0.1424540226E+001  -0.4562024336E-003   0.1595137661E-004   0.9910765214E+000  -0.4603100000E-003   0.1609500000E-004
  -0.1420865295E+001  -0.4541660403E-003   0.1588545499E-004   0.9910446686E+000  -0.4582700000E-003   0.1602900000E-004
  -0.1417190364E+001  -0.4521395830E-003   0.1581953394E-004   0.9910125877E+000  -0.4562400000E-003   0.1596300000E-004
  -0.1413515433E+001  -0.4501131512E-003   0.1575460443E-004   0.9909802761E+000  -0.4542100000E-003   0.1589800000E-004
  -0.1409840502E+001  -0.4480966547E-003   0.1568967543E-004   0.9909477315E+000  -0.4521900000E-003   0.1583300000E-004
  -0.1406165571E+001  -0.4460900927E-003   0.1562672878E-004   0.9909149512E+000  -0.4501800000E-003   0.1577000000E-004
  -0.1402490640E+001  -0.4440934646E-003   0.1556378252E-004   0.9908819327E+000  -0.4481800000E-003   0.1570700000E-004
  -0.1398815709E+001  -0.4421067696E-003   0.1550083665E-004   0.9908486733E+000  -0.4461900000E-003   0.1564400000E-004
  -0.1395140779E+001  -0.4401300069E-003   0.1543987280E-004   0.9908151706E+000  -0.4442100000E-003   0.1558300000E-004
  -0.1391465848E+001  -0.4381532681E-003   0.1537890923E-004   0.9907814217E+000  -0.4422300000E-003   0.1552200000E-004
  -0.1387790917E+001  -0.4361864608E-003   0.1531794592E-004   0.9907474239E+000  -0.4402600000E-003   0.1546100000E-004
  -0.1384115986E+001  -0.4342295844E-003   0.1525896431E-004   0.9907131745E+000  -0.4383000000E-003   0.1540200000E-004
  -0.1380441055E+001  -0.4322727312E-003   0.1519998284E-004   0.9906786707E+000  -0.4363400000E-003   0.1534300000E-004
  -0.1376766124E+001  -0.4303258079E-003   0.1514100151E-004   0.9906439096E+000  -0.4343900000E-003   0.1528400000E-004
  -0.1373091193E+001  -0.4283888138E-003   0.1508400154E-004   0.9906088883E+000  -0.4324500000E-003   0.1522700000E-004
  -0.1369416262E+001  -0.4264617480E-003   0.1502700157E-004   0.9905736040E+000  -0.4305200000E-003   0.1517000000E-004
  -0.1365741331E+001  -0.4245446098E-003   0.1497099214E-004   0.9905380536E+000  -0.4286000000E-003   0.1511400000E-004
  -0.1362066400E+001  -0.4226274933E-003   0.1491498264E-004   0.9905022341E+000  -0.4266800000E-003   0.1505800000E-004
  -0.1358391470E+001  -0.4207203034E-003   0.1485996354E-004   0.9904661425E+000  -0.4247700000E-003   0.1500300000E-004
  -0.1354716539E+001  -0.4188131349E-003   0.1480494429E-004   0.9904297756E+000  -0.4228600000E-003   0.1494800000E-004
  -0.1351041608E+001  -0.4169257961E-003   0.1475190568E-004   0.9903931303E+000  -0.4209700000E-003   0.1489500000E-004
  -0.1347366677E+001  -0.4150384777E-003   0.1469886677E-004   0.9903562034E+000  -0.4190800000E-003   0.1484200000E-004
  -0.1343691746E+001  -0.4131511801E-003   0.1464582757E-004   0.9903189916E+000  -0.4171900000E-003   0.1478900000E-004
  -0.1340016815E+001  -0.4112837091E-003   0.1459377834E-004   0.9902814915E+000  -0.4153200000E-003   0.1473700000E-004
  -0.1336341884E+001  -0.4094063553E-003   0.1454271898E-004   0.9902437000E+000  -0.4134400000E-003   0.1468600000E-004
  -0.1332666953E+001  -0.4075488264E-003   0.1449165915E-004   0.9902056134E+000  -0.4115800000E-003   0.1463500000E-004
  -0.1328992022E+001  -0.4056913168E-003   0.1444158903E-004   0.9901672284E+000  -0.4097200000E-003   0.1458500000E-004
  -0.1325317091E+001  -0.4038437282E-003   0.1439250848E-004   0.9901285415E+000  -0.4078700000E-003   0.1453600000E-004
  -0.1321642161E+001  -0.4020060596E-003   0.1434342730E-004   0.9900895491E+000  -0.4060300000E-003   0.1448700000E-004
  -0.1317967230E+001  -0.4001684095E-003   0.1429434547E-004   0.9900502474E+000  -0.4041900000E-003   0.1443800000E-004
  -0.1314292299E+001  -0.3983307782E-003   0.1424724302E-004   0.9900106330E+000  -0.4023500000E-003   0.1439100000E-004
  -0.1310617368E+001  -0.3965129652E-003   0.1420013975E-004   0.9899707019E+000  -0.4005300000E-003   0.1434400000E-004
  -0.1306942437E+001  -0.3946951699E-003   0.1415303565E-004   0.9899304504E+000  -0.3987100000E-003   0.1429700000E-004
  -0.1303267506E+001  -0.3928773923E-003   0.1410692060E-004   0.9898898746E+000  -0.3968900000E-003   0.1425100000E-004
  -0.1299592575E+001  -0.3910695313E-003   0.1406179448E-004   0.9898489706E+000  -0.3950800000E-003   0.1420600000E-004
  -0.1295917644E+001  -0.3892715858E-003   0.1401666733E-004   0.9898077344E+000  -0.3932800000E-003   0.1416100000E-004
  -0.1292242713E+001  -0.3874736571E-003   0.1397252891E-004   0.9897661619E+000  -0.3914800000E-003   0.1411700000E-004
  -0.1288567782E+001  -0.3856856426E-003   0.1392838936E-004   0.9897242490E+000  -0.3896900000E-003   0.1407300000E-004
  -0.1284892852E+001  -0.3838976445E-003   0.1388523834E-004   0.9896819916E+000  -0.3879000000E-003   0.1403000000E-004
  -0.1281217921E+001  -0.3821195594E-003   0.1384208608E-004   0.9896393852E+000  -0.3861200000E-003   0.1398700000E-004
  -0.1277542990E+001  -0.3803513862E-003   0.1379992216E-004   0.9895964256E+000  -0.3843500000E-003   0.1394500000E-004
  -0.1273868059E+001  -0.3785832282E-003   0.1375874642E-004   0.9895531085E+000  -0.3825800000E-003   0.1390400000E-004
  -0.1270193128E+001  -0.3768150857E-003   0.1371756922E-004   0.9895094292E+000  -0.3808100000E-003   0.1386300000E-004
  -0.1266518197E+001  -0.3750568535E-003   0.1367737999E-004   0.9894653833E+000  -0.3790500000E-003   0.1382300000E-004
  -0.1262843266E+001  -0.3733085305E-003   0.1363718918E-004   0.9894209661E+000  -0.3773000000E-003   0.1378300000E-004
  -0.1259168335E+001  -0.3715602217E-003   0.1359699674E-004   0.9893761729E+000  -0.3755500000E-003   0.1374300000E-004
  -0.1255493404E+001  -0.3698119274E-003   0.1355878134E-004   0.9893309989E+000  -0.3738000000E-003   0.1370500000E-004
  -0.1251818473E+001  -0.3680735405E-003   0.1352056410E-004   0.9892854392E+000  -0.3720600000E-003   0.1366700000E-004
  -0.1248143543E+001  -0.3663450599E-003   0.1348234499E-004   0.9892394889E+000  -0.3703300000E-003   0.1362900000E-004
  -0.1244468612E+001  -0.3646067006E-003   0.1344511320E-004   0.9891931430E+000  -0.3685900000E-003   0.1359200000E-004
  -0.1240793681E+001  -0.3628881384E-003   0.1340787940E-004   0.9891463962E+000  -0.3668700000E-003   0.1355500000E-004
  -0.1237118750E+001  -0.3611695887E-003   0.1337163267E-004   0.9890992435E+000  -0.3651500000E-003   0.1351900000E-004
  -0.1233443819E+001  -0.3594510518E-003   0.1333637284E-004   0.9890516793E+000  -0.3634300000E-003   0.1348400000E-004
  -0.1229768888E+001  -0.3577424178E-003   0.1330111074E-004   0.9890036985E+000  -0.3617200000E-003   0.1344900000E-004
  -0.1226093957E+001  -0.3560337959E-003   0.1326683529E-004   0.9889552954E+000  -0.3600100000E-003   0.1341500000E-004
  -0.1222419026E+001  -0.3543350753E-003   0.1323255740E-004   0.9889064645E+000  -0.3583100000E-003   0.1338100000E-004
  -0.1218744095E+001  -0.3526363661E-003   0.1319827705E-004   0.9888572001E+000  -0.3566100000E-003   0.1334700000E-004
  -0.1215069164E+001  -0.3509376685E-003   0.1316597181E-004   0.9888074964E+000  -0.3549100000E-003   0.1331500000E-004
  -0.1211394234E+001  -0.3492488703E-003   0.1313267509E-004   0.9887573474E+000  -0.3532200000E-003   0.1328200000E-004
  -0.1207719303E+001  -0.3475699699E-003   0.1310135311E-004   0.9887067472E+000  -0.3515400000E-003   0.1325100000E-004
  -0.1204044372E+001  -0.3458811930E-003   0.1306903956E-004   0.9886556897E+000  -0.3498500000E-003   0.1321900000E-004
  -0.1200369441E+001  -0.3442121994E-003   0.1303870038E-004   0.9886041686E+000  -0.3481800000E-003   0.1318900000E-004
  -0.1196694510E+001  -0.3425333295E-003   0.1300736955E-004   0.9885521776E+000  -0.3465000000E-003   0.1315800000E-004
  -0.1193019579E+001  -0.3408643551E-003   0.1297801270E-004   0.9884997102E+000  -0.3448300000E-003   0.1312900000E-004
  -0.1189344648E+001  -0.3391953901E-003   0.1294865256E-004   0.9884467599E+000  -0.3431600000E-003   0.1310000000E-004
  -0.1185669717E+001  -0.3375363188E-003   0.1291928909E-004   0.9883933200E+000  -0.3415000000E-003   0.1307100000E-004
  -0.1181994786E+001  -0.3358772561E-003   0.1289091058E-004   0.9883393836E+000  -0.3398400000E-003   0.1304300000E-004
  -0.1178319855E+001  -0.3342182023E-003   0.1286252854E-004   0.9882849438E+000  -0.3381800000E-003   0.1301500000E-004
  -0.1174644925E+001  -0.3325690397E-003   0.1283513116E-004   0.9882299936E+000  -0.3365300000E-003   0.1298800000E-004
  -0.1170969994E+001  -0.3309198851E-003   0.1280871820E-004   0.9881745256E+000  -0.3348800000E-003   0.1296200000E-004
  -0.1167295063E+001  -0.3292707386E-003   0.1278230134E-004   0.9881185326E+000  -0.3332300000E-003   0.1293600000E-004
  -0.1163620132E+001  -0.3276314809E-003   0.1275588051E-004   0.9880620071E+000  -0.3315900000E-003   0.1291000000E-004
  -0.1159945201E+001  -0.3259922304E-003   0.1273044367E-004   0.9880049415E+000  -0.3299500000E-003   0.1288500000E-004
  -0.1156270270E+001  -0.3243628667E-003   0.1270599058E-004   0.9879473279E+000  -0.3283200000E-003   0.1286100000E-004
  -0.1152595339E+001  -0.3227236303E-003   0.1268153313E-004   0.9878891585E+000  -0.3266800000E-003   0.1283700000E-004
  -0.1148920408E+001  -0.3210942797E-003   0.1265805907E-004   0.9878304251E+000  -0.3250500000E-003   0.1281400000E-004
  -0.1145245477E+001  -0.3194649355E-003   0.1263458039E-004   0.9877711196E+000  -0.3234200000E-003   0.1279100000E-004
  -0.1141570546E+001  -0.3178454749E-003   0.1261208474E-004   0.9877112335E+000  -0.3218000000E-003   0.1276900000E-004
  -0.1137895615E+001  -0.3162260198E-003   0.1258958422E-004   0.9876507583E+000  -0.3201800000E-003   0.1274700000E-004
  -0.1134220685E+001  -0.3146065701E-003   0.1256806633E-004   0.9875896852E+000  -0.3185600000E-003   0.1272600000E-004
  -0.1130545754E+001  -0.3129871260E-003   0.1254654331E-004   0.9875280054E+000  -0.3169400000E-003   0.1270500000E-004
  -0.1126870823E+001  -0.3113775622E-003   0.1252600253E-004   0.9874657097E+000  -0.3153300000E-003   0.1268500000E-004
  -0.1123195892E+001  -0.3097680029E-003   0.1250545632E-004   0.9874027889E+000  -0.3137200000E-003   0.1266500000E-004
  -0.1119520961E+001  -0.3081584482E-003   0.1248589195E-004   0.9873392335E+000  -0.3121100000E-003   0.1264600000E-004
  -0.1115846030E+001  -0.3065488980E-003   0.1246730913E-004   0.9872750339E+000  -0.3105000000E-003   0.1262800000E-004
  -0.1112171099E+001  -0.3049492247E-003   0.1244872037E-004   0.9872101803E+000  -0.3089000000E-003   0.1261000000E-004
  -0.1108496168E+001  -0.3033495548E-003   0.1243012559E-004   0.9871446626E+000  -0.3073000000E-003   0.1259200000E-004
  -0.1104821237E+001  -0.3017498885E-003   0.1241349885E-004   0.9870784706E+000  -0.3057000000E-003   0.1257600000E-004
  -0.1101146306E+001  -0.3001502257E-003   0.1239587861E-004   0.9870115937E+000  -0.3041000000E-003   0.1255900000E-004
  -0.1097471376E+001  -0.2985604359E-003   0.1238022580E-004   0.9869440214E+000  -0.3025100000E-003   0.1254400000E-004
  -0.1093796445E+001  -0.2969607798E-003   0.1236357931E-004   0.9868757428E+000  -0.3009100000E-003   0.1252800000E-004
  -0.1090121514E+001  -0.2953709954E-003   0.1234889963E-004   0.9868067466E+000  -0.2993200000E-003   0.1251400000E-004
  -0.1086446583E+001  -0.2937812134E-003   0.1233421277E-004   0.9867370216E+000  -0.2977300000E-003   0.1250000000E-004
  -0.1082771652E+001  -0.2921914339E-003   0.1231951862E-004   0.9866665561E+000  -0.2961400000E-003   0.1248600000E-004
  -0.1079096721E+001  -0.2906115229E-003   0.1230580365E-004   0.9865953383E+000  -0.2945600000E-003   0.1247300000E-004
  -0.1075421790E+001  -0.2890217476E-003   0.1229306754E-004   0.9865233561E+000  -0.2929700000E-003   0.1246100000E-004
  -0.1071746859E+001  -0.2874418395E-003   0.1228032348E-004   0.9864505971E+000  -0.2913900000E-003   0.1244900000E-004
  -0.1068071928E+001  -0.2858619325E-003   0.1226855773E-004   0.9863770487E+000  -0.2898100000E-003   0.1243800000E-004
  -0.1064396997E+001  -0.2842820266E-003   0.1225776993E-004   0.9863026980E+000  -0.2882300000E-003   0.1242800000E-004
  -0.1060722067E+001  -0.2827021220E-003   0.1224697349E-004   0.9862275317E+000  -0.2866500000E-003   0.1241800000E-004
  -0.1057047136E+001  -0.2811222185E-003   0.1223715442E-004   0.9861515364E+000  -0.2850700000E-003   0.1240900000E-004
  -0.1053372205E+001  -0.2795521770E-003   0.1222732626E-004   0.9860746984E+000  -0.2835000000E-003   0.1240000000E-004
  -0.1049697274E+001  -0.2779722752E-003   0.1221847487E-004   0.9859970034E+000  -0.2819200000E-003   0.1239200000E-004
  -0.1046022343E+001  -0.2764022339E-003   0.1221059985E-004   0.9859184372E+000  -0.2803500000E-003   0.1238500000E-004
  -0.1042347412E+001  -0.2748321922E-003   0.1220271496E-004   0.9858389850E+000  -0.2787800000E-003   0.1237800000E-004
  -0.1038672481E+001  -0.2732522927E-003   0.1219580579E-004   0.9857586317E+000  -0.2772000000E-003   0.1237200000E-004
  -0.1034997550E+001  -0.2716822513E-003   0.1218888626E-004   0.9856773620E+000  -0.2756300000E-003   0.1236600000E-004
  -0.1031322619E+001  -0.2701122095E-003   0.1218294177E-004   0.9855951600E+000  -0.2740600000E-003   0.1236100000E-004
  -0.1027647688E+001  -0.2685421675E-003   0.1217797190E-004   0.9855120096E+000  -0.2724900000E-003   0.1235700000E-004
  -0.1023972758E+001  -0.2669721252E-003   0.1217397621E-004   0.9854278944E+000  -0.2709200000E-003   0.1235400000E-004
  -0.1020297827E+001  -0.2654020825E-003   0.1216996889E-004   0.9853427975E+000  -0.2693500000E-003   0.1235100000E-004
  -0.1016622896E+001  -0.2638320395E-003   0.1216693501E-004   0.9852567015E+000  -0.2677800000E-003   0.1234900000E-004
  -0.1012947965E+001  -0.2622718480E-003   0.1216388891E-004   0.9851695889E+000  -0.2662200000E-003   0.1234700000E-004
  -0.1009273034E+001  -0.2607018035E-003   0.1216280056E-004   0.9850814415E+000  -0.2646500000E-003   0.1234700000E-004
  -0.1005598103E+001  -0.2591317587E-003   0.1216169920E-004   0.9849922407E+000  -0.2630800000E-003   0.1234700000E-004
  -0.1001923172E+001  -0.2575617136E-003   0.1216156950E-004   0.9849019677E+000  -0.2615100000E-003   0.1234800000E-004
  -0.9982482413E+000  -0.2559916681E-003   0.1216142614E-004   0.9848106029E+000  -0.2599400000E-003   0.1234900000E-004
  -0.9945733104E+000  -0.2544216223E-003   0.1216225358E-004   0.9847181264E+000  -0.2583700000E-003   0.1235100000E-004
  -0.9908983795E+000  -0.2528614225E-003   0.1216405129E-004   0.9846245179E+000  -0.2568100000E-003   0.1235400000E-004
  -0.9872234486E+000  -0.2512913750E-003   0.1216681873E-004   0.9845297565E+000  -0.2552400000E-003   0.1235800000E-004
  -0.9835485177E+000  -0.2497213273E-003   0.1217055532E-004   0.9844338207E+000  -0.2536700000E-003   0.1236300000E-004
  -0.9798735868E+000  -0.2481512792E-003   0.1217427616E-004   0.9843366885E+000  -0.2521000000E-003   0.1236800000E-004
  -0.9761986559E+000  -0.2465812307E-003   0.1217994943E-004   0.9842383376E+000  -0.2505300000E-003   0.1237500000E-004
  -0.9725237250E+000  -0.2450013405E-003   0.1218560594E-004   0.9841387448E+000  -0.2489500000E-003   0.1238200000E-004
  -0.9688487941E+000  -0.2434312923E-003   0.1219222941E-004   0.9840378864E+000  -0.2473800000E-003   0.1239000000E-004
  -0.9651738632E+000  -0.2418612438E-003   0.1219981922E-004   0.9839357383E+000  -0.2458100000E-003   0.1239900000E-004
  -0.9614989323E+000  -0.2402813566E-003   0.1220739087E-004   0.9838322755E+000  -0.2442300000E-003   0.1240800000E-004
  -0.9578240014E+000  -0.2387113085E-003   0.1221691148E-004   0.9837274725E+000  -0.2426600000E-003   0.1241900000E-004
  -0.9541490705E+000  -0.2371314237E-003   0.1222739642E-004   0.9836213031E+000  -0.2410800000E-003   0.1243100000E-004
  -0.9504741396E+000  -0.2355515408E-003   0.1223786147E-004   0.9835137405E+000  -0.2395000000E-003   0.1244300000E-004
  -0.9467992087E+000  -0.2339716598E-003   0.1225027306E-004   0.9834047570E+000  -0.2379200000E-003   0.1245700000E-004
  -0.9431242778E+000  -0.2323917806E-003   0.1226266352E-004   0.9832943245E+000  -0.2363400000E-003   0.1247100000E-004
  -0.9394493469E+000  -0.2308020716E-003   0.1227699880E-004   0.9831824137E+000  -0.2347500000E-003   0.1248700000E-004
  -0.9357744160E+000  -0.2292221975E-003   0.1229229471E-004   0.9830689948E+000  -0.2331700000E-003   0.1250400000E-004
  -0.9320994851E+000  -0.2276324959E-003   0.1230756750E-004   0.9829540372E+000  -0.2315800000E-003   0.1252100000E-004
  -0.9284245542E+000  -0.2260427988E-003   0.1232478237E-004   0.9828375094E+000  -0.2299900000E-003   0.1254000000E-004
  -0.9247496233E+000  -0.2244531062E-003   0.1234295540E-004   0.9827193791E+000  -0.2284000000E-003   0.1256000000E-004
  -0.9210746924E+000  -0.2228535922E-003   0.1236208573E-004   0.9825996129E+000  -0.2268000000E-003   0.1258100000E-004
  -0.9173997615E+000  -0.2212540854E-003   0.1238217246E-004   0.9824781766E+000  -0.2252000000E-003   0.1260300000E-004
  -0.9137248306E+000  -0.2196545859E-003   0.1240419703E-004   0.9823550353E+000  -0.2236000000E-003   0.1262700000E-004
  -0.9100498997E+000  -0.2180550939E-003   0.1242619366E-004   0.9822301526E+000  -0.2220000000E-003   0.1265100000E-004
  -0.9063749688E+000  -0.2164457885E-003   0.1245012596E-004   0.9821034915E+000  -0.2203900000E-003   0.1267700000E-004
  -0.9027000379E+000  -0.2148364935E-003   0.1247501057E-004   0.9819750137E+000  -0.2187800000E-003   0.1270400000E-004
  -0.8990251070E+000  -0.2132272091E-003   0.1250182831E-004   0.9818446800E+000  -0.2171700000E-003   0.1273300000E-004
  -0.8953501761E+000  -0.2116081185E-003   0.1252959600E-004   0.9817124497E+000  -0.2155500000E-003   0.1276300000E-004
  -0.8916752452E+000  -0.2099890417E-003   0.1255929411E-004   0.9815782814E+000  -0.2139300000E-003   0.1279500000E-004
  -0.8880003143E+000  -0.2083699791E-003   0.1258993967E-004   0.9814421321E+000  -0.2123100000E-003   0.1282800000E-004
  -0.8843253834E+000  -0.2067411178E-003   0.1262153150E-004   0.9813039577E+000  -0.2106800000E-003   0.1286200000E-004
  -0.8806504525E+000  -0.2051122741E-003   0.1265504957E-004   0.9811637127E+000  -0.2090500000E-003   0.1289800000E-004
  -0.8769755216E+000  -0.2034736382E-003   0.1269049219E-004   0.9810213502E+000  -0.2074100000E-003   0.1293600000E-004
  -0.8733005907E+000  -0.2018350237E-003   0.1272687677E-004   0.9808768220E+000  -0.2057700000E-003   0.1297500000E-004
  -0.8696256598E+000  -0.2001866236E-003   0.1276518270E-004   0.9807300784E+000  -0.2041200000E-003   0.1301600000E-004
  -0.8659507289E+000  -0.1985382489E-003   0.1280540817E-004   0.9805810681E+000  -0.2024700000E-003   0.1305900000E-004
  -0.8622757980E+000  -0.1968800957E-003   0.1284755129E-004   0.9804297383E+000  -0.2008100000E-003   0.1310400000E-004
  -0.8586008671E+000  -0.1952219722E-003   0.1289161013E-004   0.9802760344E+000  -0.1991500000E-003   0.1315100000E-004
  -0.8549259362E+000  -0.1935540779E-003   0.1293758268E-004   0.9801199001E+000  -0.1974800000E-003   0.1320000000E-004
  -0.8512510053E+000  -0.1918764181E-003   0.1298546689E-004   0.9799612775E+000  -0.1958000000E-003   0.1325100000E-004
  -0.8475760744E+000  -0.1901987967E-003   0.1303526062E-004   0.9798001067E+000  -0.1941200000E-003   0.1330400000E-004
  -0.8439011435E+000  -0.1885114182E-003   0.1308794131E-004   0.9796363258E+000  -0.1924300000E-003   0.1336000000E-004
  -0.8402262126E+000  -0.1868240832E-003   0.1314252673E-004   0.9794698711E+000  -0.1907400000E-003   0.1341800000E-004
  -0.8365512817E+000  -0.1851269999E-003   0.1319901452E-004   0.9793006766E+000  -0.1890400000E-003   0.1347800000E-004
  -0.8328763508E+000  -0.1834201745E-003   0.1325838138E-004   0.9791286742E+000  -0.1873300000E-003   0.1354100000E-004
  -0.8292014199E+000  -0.1817036136E-003   0.1332062427E-004   0.9789537935E+000  -0.1856100000E-003   0.1360700000E-004
  -0.8255264890E+000  -0.1799773239E-003   0.1338476128E-004   0.9787759618E+000  -0.1838800000E-003   0.1367500000E-004
  -0.8218515581E+000  -0.1782510982E-003   0.1345274689E-004   0.9785951038E+000  -0.1821500000E-003   0.1374700000E-004
  -0.8181766272E+000  -0.1765151541E-003   0.1352262039E-004   0.9784111418E+000  -0.1804100000E-003   0.1382100000E-004
  -0.8145016963E+000  -0.1747597168E-003   0.1359633531E-004   0.9782239953E+000  -0.1786500000E-003   0.1389900000E-004
  -0.8108267654E+000  -0.1730043601E-003   0.1367388750E-004   0.9780335809E+000  -0.1768900000E-003   0.1398100000E-004
  -0.8071518345E+000  -0.1712393080E-003   0.1375429480E-004   0.9778398126E+000  -0.1751200000E-003   0.1406600000E-004
  -0.8034769036E+000  -0.1694645685E-003   0.1383853102E-004   0.9776426010E+000  -0.1733400000E-003   0.1415500000E-004
  -0.7998019727E+000  -0.1676801500E-003   0.1392659153E-004   0.9774418538E+000  -0.1715500000E-003   0.1424800000E-004
  -0.7961270418E+000  -0.1658762890E-003   0.1401847158E-004   0.9772374750E+000  -0.1697400000E-003   0.1434500000E-004
  -0.7924521109E+000  -0.1640627710E-003   0.1411514324E-004   0.9770293655E+000  -0.1679200000E-003   0.1444700000E-004
  -0.7887771800E+000  -0.1622493738E-003   0.1421660076E-004   0.9768174223E+000  -0.1661000000E-003   0.1455400000E-004
  -0.7851022491E+000  -0.1604068027E-003   0.1432283817E-004   0.9766015387E+000  -0.1642500000E-003   0.1466600000E-004
  -0.7814273182E+000  -0.1585643725E-003   0.1443384925E-004   0.9763816041E+000  -0.1624000000E-003   0.1478300000E-004
  -0.7777523873E+000  -0.1567025640E-003   0.1455157990E-004   0.9761575034E+000  -0.1605300000E-003   0.1490700000E-004
  -0.7740774564E+000  -0.1548311545E-003   0.1467407021E-004   0.9759291175E+000  -0.1586500000E-003   0.1503600000E-004
  -0.7704025255E+000  -0.1529403986E-003   0.1480424030E-004   0.9756963225E+000  -0.1567500000E-003   0.1517300000E-004
  -0.7667275946E+000  -0.1510303154E-003   0.1494012989E-004   0.9754589897E+000  -0.1548300000E-003   0.1531600000E-004
  -0.7630526637E+000  -0.1491106771E-003   0.1508465633E-004   0.9752169854E+000  -0.1529000000E-003   0.1546800000E-004
  -0.7593777328E+000  -0.1471717472E-003   0.1523683383E-004   0.9749701705E+000  -0.1509500000E-003   0.1562800000E-004
  -0.7557028019E+000  -0.1452135473E-003   0.1539762657E-004   0.9747184006E+000  -0.1489800000E-003   0.1579700000E-004
  -0.7520278710E+000  -0.1432360996E-003   0.1556799733E-004   0.9744615252E+000  -0.1469900000E-003   0.1597600000E-004
  -0.7483529401E+000  -0.1412394272E-003   0.1574890730E-004   0.9741993878E+000  -0.1449800000E-003   0.1616600000E-004
  -0.7446780092E+000  -0.1392235544E-003   0.1594131612E-004   0.9739318253E+000  -0.1429500000E-003   0.1636800000E-004
  -0.7410030783E+000  -0.1371787697E-003   0.1614618169E-004   0.9736586681E+000  -0.1408900000E-003   0.1658300000E-004
  -0.7373281474E+000  -0.1351245754E-003   0.1636543355E-004   0.9733797391E+000  -0.1388200000E-003   0.1681300000E-004
  -0.7336532165E+000  -0.1330415284E-003   0.1659905202E-004   0.9730948540E+000  -0.1367200000E-003   0.1705800000E-004
  -0.7299782856E+000  -0.1309296662E-003   0.1685090778E-004   0.9728038203E+000  -0.1345900000E-003   0.1732200000E-004
  -0.7263033547E+000  -0.1287890275E-003   0.1712097583E-004   0.9725064374E+000  -0.1324300000E-003   0.1760500000E-004
  -0.7226284238E+000  -0.1266293751E-003   0.1741214670E-004   0.9722024956E+000  -0.1302500000E-003   0.1791000000E-004
  -0.7189534929E+000  -0.1244410230E-003   0.1772827789E-004   0.9718917763E+000  -0.1280400000E-003   0.1824100000E-004
  -0.7152785620E+000  -0.1222240156E-003   0.1807030577E-004   0.9715740507E+000  -0.1258000000E-003   0.1859900000E-004
  -0.7116036311E+000  -0.1199783988E-003   0.1844304878E-004   0.9712490799E+000  -0.1235300000E-003   0.1898900000E-004
  -0.7079287002E+000  -0.1177042211E-003   0.1885034606E-004   0.9709166138E+000  -0.1212300000E-003   0.1941500000E-004
  -0.7042537693E+000  -0.1154015329E-003   0.1929505865E-004   0.9705763908E+000  -0.1189000000E-003   0.1988000000E-004
  -0.7005788384E+000  -0.1130703871E-003   0.1978295172E-004   0.9702281371E+000  -0.1165400000E-003   0.2039000000E-004
  -0.6969039075E+000  -0.1107205380E-003   0.2031783943E-004   0.9698715659E+000  -0.1141600000E-003   0.2094900000E-004
  -0.6932289766E+000  -0.1083423376E-003   0.2090352698E-004   0.9695063764E+000  -0.1117500000E-003   0.2156100000E-004
  -0.6895540457E+000  -0.1059552293E-003   0.2154380999E-004   0.9691322534E+000  -0.1093300000E-003   0.2223000000E-004
  -0.6858791148E+000  -0.1035495663E-003   0.2224247397E-004   0.9687488662E+000  -0.1068900000E-003   0.2296000000E-004
  -0.6822041839E+000  -0.1011447703E-003   0.2299942020E-004   0.9683558673E+000  -0.1044500000E-003   0.2375100000E-004
  -0.6785292530E+000  -0.9873119499E-004   0.2381648091E-004   0.9679528921E+000  -0.1020000000E-003   0.2460500000E-004
  -0.6748543221E+000  -0.9632340061E-004   0.2469354458E-004   0.9675395571E+000  -0.9955500000E-004   0.2552200000E-004
  -0.6711793912E+000  -0.9392238492E-004   0.2563049390E-004   0.9671154591E+000  -0.9711600000E-004   0.2650200000E-004
  -0.6675044603E+000  -0.9153494564E-004   0.2662527202E-004   0.9666801736E+000  -0.9469000000E-004   0.2754300000E-004
  -0.6638295294E+000  -0.8916303844E-004   0.2767678532E-004   0.9662332539E+000  -0.9227900000E-004   0.2864400000E-004
  -0.6601545985E+000  -0.8681054812E-004   0.2878200357E-004   0.9657742289E+000  -0.8988700000E-004   0.2980200000E-004
  -0.6564796676E+000  -0.8448135314E-004   0.2994079081E-004   0.9653026022E+000  -0.8751800000E-004   0.3101700000E-004
  -0.6528047367E+000  -0.8217739552E-004   0.3114914427E-004   0.9648178496E+000  -0.8517400000E-004   0.3228500000E-004
  -0.6491298058E+000  -0.7990061400E-004   0.3240595403E-004   0.9643194178E+000  -0.8285700000E-004   0.3360500000E-004
  -0.6454548749E+000  -0.7765294379E-004   0.3370817630E-004   0.9638067221E+000  -0.8056900000E-004   0.3497400000E-004
  -0.6417799440E+000  -0.7543727961E-004   0.3505372805E-004   0.9632791441E+000  -0.7831300000E-004   0.3639000000E-004
  -0.6381050131E+000  -0.7325362173E-004   0.3644148418E-004   0.9627360293E+000  -0.7608900000E-004   0.3785200000E-004
  -0.6344300822E+000  -0.7110485697E-004   0.3786742559E-004   0.9621766843E+000  -0.7390000000E-004   0.3935600000E-004
  -0.6307551513E+000  -0.6899194206E-004   0.3933137851E-004   0.9616003744E+000  -0.7174700000E-004   0.4090200000E-004
  -0.6270802204E+000  -0.6691487003E-004   0.4083027550E-004   0.9610063196E+000  -0.6963000000E-004   0.4248700000E-004
  -0.6234052895E+000  -0.6487555428E-004   0.4236200536E-004   0.9603936919E+000  -0.6755100000E-004   0.4410900000E-004
  -0.6197303586E+000  -0.6287398316E-004   0.4392349015E-004   0.9597616114E+000  -0.6551000000E-004   0.4576500000E-004
  -0.6160554277E+000  -0.6091110337E-004   0.4551452432E-004   0.9591091417E+000  -0.6350800000E-004   0.4745500000E-004
  -0.6123804968E+000  -0.5898785810E-004   0.4713297205E-004   0.9584352858E+000  -0.6154600000E-004   0.4917700000E-004
  -0.6087055659E+000  -0.5710518675E-004   0.4877573083E-004   0.9577389812E+000  -0.5962500000E-004   0.5092800000E-004
  -0.6050306350E+000  -0.5526211057E-004   0.5044256241E-004   0.9570190940E+000  -0.5774400000E-004   0.5270800000E-004
  -0.6013557041E+000  -0.5346052108E-004   0.5212938710E-004   0.9562744134E+000  -0.5590500000E-004   0.5451300000E-004
  -0.5976807732E+000  -0.5169943570E-004   0.5383594185E-004   0.9555036446E+000  -0.5410700000E-004   0.5634300000E-004
  -0.5940058423E+000  -0.4997882778E-004   0.5556099026E-004   0.9547054017E+000  -0.5235000000E-004   0.5819700000E-004
  -0.5903309114E+000  -0.4830057653E-004   0.5730137122E-004   0.9538781999E+000  -0.5063600000E-004   0.6007200000E-004
  -0.5866559805E+000  -0.4666369311E-004   0.5905486494E-004   0.9530204458E+000  -0.4896400000E-004   0.6196600000E-004
  -0.5829810496E+000  -0.4506814169E-004   0.6082209175E-004   0.9521304282E+000  -0.4733400000E-004   0.6388000000E-004
  -0.5793061187E+000  -0.4351388370E-004   0.6259888703E-004   0.9512063065E+000  -0.4574600000E-004   0.6581000000E-004
  -0.5756311878E+000  -0.4200087757E-004   0.6438487468E-004   0.9502460989E+000  -0.4420000000E-004   0.6775600000E-004
  -0.5719562569E+000  -0.4053002768E-004   0.6617775042E-004   0.9492476680E+000  -0.4269700000E-004   0.6971600000E-004
  -0.5682813260E+000  -0.3909938599E-004   0.6797613393E-004   0.9482087060E+000  -0.4123500000E-004   0.7168900000E-004
  -0.5646063951E+000  -0.3771079738E-004   0.6977861378E-004   0.9471267174E+000  -0.3981600000E-004   0.7367400000E-004
  -0.5609314642E+000  -0.3636325554E-004   0.7158279829E-004   0.9459989995E+000  -0.3843900000E-004   0.7566900000E-004
  -0.5572565333E+000  -0.3505575370E-004   0.7338720742E-004   0.9448226207E+000  -0.3710300000E-004   0.7767300000E-004
  -0.5535816024E+000  -0.3378822815E-004   0.7519031948E-004   0.9435943965E+000  -0.3580800000E-004   0.7968500000E-004
  -0.5499066715E+000  -0.3256155181E-004   0.7699056660E-004   0.9423108612E+000  -0.3455500000E-004   0.8170400000E-004
  -0.5462317406E+000  -0.3137470394E-004   0.7878632954E-004   0.9409682373E+000  -0.3334300000E-004   0.8372900000E-004
  -0.5425568097E+000  -0.3022666196E-004   0.8057405270E-004   0.9395623996E+000  -0.3217100000E-004   0.8575700000E-004
  -0.5388818788E+000  -0.2911733935E-004   0.8235481883E-004   0.9380888351E+000  -0.3103900000E-004   0.8779000000E-004
  -0.5352069479E+000  -0.2804570460E-004   0.8412493875E-004   0.9365425967E+000  -0.2994600000E-004   0.8982500000E-004
  -0.5315320170E+000  -0.2701259303E-004   0.8588252546E-004   0.9349182510E+000  -0.2889300000E-004   0.9186100000E-004
  -0.5278570861E+000  -0.2601788972E-004   0.8762560226E-004   0.9332098178E+000  -0.2788000000E-004   0.9389700000E-004
  -0.5241821552E+000  -0.2505960490E-004   0.8935302274E-004   0.9314107006E+000  -0.2690500000E-004   0.9593300000E-004
  -0.5205072243E+000  -0.2413760935E-004   0.9106165954E-004   0.9295136070E+000  -0.2596800000E-004   0.9796700000E-004
  -0.5168322934E+000  -0.2325083211E-004   0.9275104560E-004   0.9275104560E+000  -0.2506800000E-004   0.1000000000E-003
  -0.5131573625E+000  -0.2240004531E-004   0.9441777342E-004   0.9253922711E+000  -0.2420600000E-004   0.1020300000E-003
  -0.5094824316E+000  -0.2158322491E-004   0.9605365919E-004   0.9231490552E+000  -0.2338000000E-004   0.1040500000E-003
  -0.5058075007E+000  -0.2080018628E-004   0.9766603625E-004   0.9207696451E+000  -0.2259000000E-004   0.1060700000E-003
  -0.5021325698E+000  -0.2005072229E-004   0.9925272818E-004   0.9182415411E+000  -0.2183600000E-004   0.1080900000E-003
  -0.4984576389E+000  -0.1933368427E-004   0.1008021328E-003   0.9155507066E+000  -0.2111700000E-004   0.1101000000E-003
  -0.4947827080E+000  -0.1864881765E-004   0.1023115773E-003   0.9126813314E+000  -0.2043300000E-004   0.1121000000E-003
  -0.4911077771E+000  -0.1799492448E-004   0.1037780384E-003   0.9096155528E+000  -0.1978300000E-004   0.1140900000E-003
  -0.4874328462E+000  -0.1737078063E-004   0.1051980856E-003   0.9063331228E+000  -0.1916600000E-004   0.1160700000E-003
  -0.4837579152E+000  -0.1677603425E-004   0.1065768401E-003   0.9028110134E+000  -0.1858200000E-004   0.1180500000E-003
  -0.4800829843E+000  -0.1620848464E-004   0.1079007336E-003   0.8990229432E+000  -0.1802900000E-004   0.1200200000E-003
  -0.4764080534E+000  -0.1566948364E-004   0.1091556868E-003   0.8949388110E+000  -0.1750900000E-004   0.1219700000E-003
  -0.4727331225E+000  -0.1515671871E-004   0.1103537358E-003   0.8905240138E+000  -0.1702000000E-004   0.1239200000E-003
  -0.4690581916E+000  -0.1466960310E-004   0.1114702059E-003   0.8857386244E+000  -0.1656200000E-004   0.1258500000E-003
  -0.4653832607E+000  -0.1420569371E-004   0.1125061356E-003   0.8805363983E+000  -0.1613300000E-004   0.1277700000E-003
  -0.4617083298E+000  -0.1376510344E-004   0.1134523080E-003   0.8748635719E+000  -0.1573400000E-004   0.1296800000E-003
  -0.4580333989E+000  -0.1334518377E-004   0.1142979418E-003   0.8686574085E+000  -0.1536300000E-004   0.1315800000E-003
  -0.4543584680E+000  -0.1294490353E-004   0.1150217593E-003   0.8618444428E+000  -0.1502000000E-004   0.1334600000E-003
  -0.4506835371E+000  -0.1256304573E-004   0.1156176116E-003   0.8543383698E+000  -0.1470500000E-004   0.1353300000E-003
  -0.4470086062E+000  -0.1219732302E-004   0.1160678882E-003   0.8460375263E+000  -0.1441700000E-004   0.1371900000E-003
  -0.4433336753E+000  -0.1184521443E-004   0.1163433531E-003   0.8368219311E+000  -0.1415500000E-004   0.1390300000E-003
  -0.4396587444E+000  -0.1150474787E-004   0.1164195515E-003   0.8265498863E+000  -0.1391900000E-004   0.1408500000E-003
  -0.4359838135E+000  -0.1117194844E-004   0.1162837881E-003   0.8150542380E+000  -0.1370700000E-004   0.1426700000E-003
  -0.4323088826E+000  -0.1084491343E-004   0.1158769374E-003   0.8021385672E+000  -0.1352000000E-004   0.1444600000E-003
  -0.4286339517E+000  -0.1052041230E-004   0.1151748087E-003   0.7875739110E+000  -0.1335800000E-004   0.1462400000E-003
  -0.4249590208E+000  -0.1019236258E-004   0.1141300942E-003   0.7710971840E+000  -0.1321800000E-004   0.1480100000E-003
  -0.4212840899E+000  -0.9857367912E-005   0.1126814303E-003   0.7524133968E+000  -0.1310100000E-004   0.1497600000E-003
  -0.4176091590E+000  -0.9510054120E-005   0.1107702675E-003   0.7312051453E+000  -0.1300600000E-004   0.1514900000E-003
  -0.4139342281E+000  -0.9145629899E-005   0.1083360783E-003   0.7071545580E+000  -0.1293300000E-004   0.1532000000E-003
  -0.4102592972E+000  -0.8758877373E-005   0.1053295633E-003   0.6799842693E+000  -0.1288100000E-004   0.1549000000E-003
  -0.4065843663E+000  -0.8345723233E-005   0.1017023382E-003   0.6495231717E+000  -0.1284900000E-004   0.1565800000E-003
  -0.4029094354E+000  -0.7904976804E-005   0.9744976079E-004   0.6157962767E+000  -0.1283700000E-004   0.1582500000E-003
  -0.3992345045E+000  -0.7438249553E-005   0.9260168978E-004   0.5791225127E+000  -0.1284400000E-004   0.1599000000E-003
  -0.3955595736E+000  -0.6952141050E-005   0.8725558228E-004   0.5401818998E+000  -0.1287000000E-004   0.1615300000E-003
  -0.3918846427E+000  -0.6457000000E-005   0.8157000000E-004   0.5000000000E+000  -0.1291400000E-004   0.1631400000E-003
  -0.3882097118E+000  -0.5938090946E-005   0.7501472487E-004   0.4598181002E+000  -0.1291400000E-004   0.1631400000E-003
  -0.3845347809E+000  -0.5435211871E-005   0.6866195328E-004   0.4208774873E+000  -0.1291400000E-004   0.1631400000E-003
  -0.3808598500E+000  -0.4961606883E-005   0.6267899542E-004   0.3842037233E+000  -0.1291400000E-004   0.1631400000E-003
  -0.3771849191E+000  -0.4526057761E-005   0.5717678977E-004   0.3504768283E+000  -0.1291400000E-004   0.1631400000E-003
  -0.3735099882E+000  -0.4132683146E-005   0.5220736630E-004   0.3200157307E+000  -0.1291400000E-004   0.1631400000E-003
  -0.3698350573E+000  -0.3781806037E-005   0.4777480540E-004   0.2928454420E+000  -0.1291400000E-004   0.1631400000E-003
  -0.3661601246E+000  -0.3471216607E-005   0.4385119075E-004   0.2687948434E+000  -0.1291400000E-004   0.1631400000E-003
  -0.3624851937E+000  -0.3197333265E-005   0.4039127682E-004   0.2475865932E+000  -0.1291400000E-004   0.1631400000E-003
  -0.3588102628E+000  -0.2956050853E-005   0.3734320397E-004   0.2289028072E+000  -0.1291400000E-004   0.1631400000E-003
  -0.3551353319E+000  -0.2743270413E-005   0.3465519090E-004   0.2124260813E+000  -0.1291400000E-004   0.1631400000E-003
  -0.3514604010E+000  -0.2555182455E-005   0.3227911304E-004   0.1978614260E+000  -0.1291400000E-004   0.1631400000E-003
  -0.3477854701E+000  -0.2388389492E-005   0.3017205062E-004   0.1849457559E+000  -0.1291400000E-004   0.1631400000E-003
  -0.3441105392E+000  -0.2239934699E-005   0.2829665067E-004   0.1734501083E+000  -0.1291400000E-004   0.1631400000E-003
  -0.3404356083E+000  -0.2107281519E-005   0.2662086937E-004   0.1631780641E+000  -0.1291400000E-004   0.1631400000E-003
  -0.3367606774E+000  -0.1988271329E-005   0.2511743724E-004   0.1539624693E+000  -0.1291400000E-004   0.1631400000E-003
  -0.3330857465E+000  -0.1881074242E-005   0.2376323771E-004   0.1456616263E+000  -0.1291400000E-004   0.1631400000E-003
  -0.3294108156E+000  -0.1784140819E-005   0.2253869701E-004   0.1381555536E+000  -0.1291400000E-004   0.1631400000E-003
  -0.3257358847E+000  -0.1696158185E-005   0.2142722985E-004   0.1313425883E+000  -0.1291400000E-004   0.1631400000E-003
  -0.3220609538E+000  -0.1616011794E-005   0.2041475640E-004   0.1251364251E+000  -0.1291400000E-004   0.1631400000E-003
  -0.3183860229E+000  -0.1542752917E-005   0.1948929153E-004   0.1194635990E+000  -0.1291400000E-004   0.1631400000E-003
  -0.3147110920E+000  -0.1475571372E-005   0.1864060041E-004   0.1142613731E+000  -0.1291400000E-004   0.1631400000E-003
  -0.3110361611E+000  -0.1413772856E-005   0.1785991202E-004   0.1094759839E+000  -0.1291400000E-004   0.1631400000E-003
  -0.3073612302E+000  -0.1356760167E-005   0.1713968202E-004   0.1050611869E+000  -0.1291400000E-004   0.1631400000E-003
  -0.3036862993E+000  -0.1304017686E-005   0.1647339673E-004   0.1009770549E+000  -0.1291400000E-004   0.1631400000E-003
  -0.3000113684E+000  -0.1255098550E-005   0.1585541098E-004   0.9718898482E-001  -0.1291400000E-004   0.1631400000E-003
  -0.2963364375E+000  -0.1209614030E-005   0.1528081407E-004   0.9366687549E-001  -0.1291400000E-004   0.1631400000E-003
  -0.2926615066E+000  -0.1167224731E-005   0.1474531846E-004   0.9038444562E-001  -0.1291400000E-004   0.1631400000E-003
  -0.2889865757E+000  -0.1127633267E-005   0.1424516735E-004   0.8731866707E-001  -0.1291400000E-004   0.1631400000E-003
  -0.2853116448E+000  -0.1090578157E-005   0.1377705750E-004   0.8444929204E-001  -0.1291400000E-004   0.1631400000E-003
  -0.2816367139E+000  -0.1055828721E-005   0.1333807477E-004   0.8175845760E-001  -0.1291400000E-004   0.1631400000E-003
  -0.2779617830E+000  -0.1023180788E-005   0.1292563991E-004   0.7923035372E-001  -0.1291400000E-004   0.1631400000E-003
  -0.2742868521E+000  -0.9924530868E-006   0.1253746295E-004   0.7685094369E-001  -0.1291400000E-004   0.1631400000E-003
  -0.2706119212E+000  -0.9634841968E-006   0.1217150471E-004   0.7460772780E-001  -0.1291400000E-004   0.1631400000E-003
  -0.2669369903E+000  -0.9361299574E-006   0.1182594403E-004   0.7248954293E-001  -0.1291400000E-004   0.1631400000E-003
  -0.2632620594E+000  -0.9102612666E-006   0.1149915000E-004   0.7048639203E-001  -0.1291400000E-004   0.1631400000E-003
  -0.2595871285E+000  -0.8857622004E-006   0.1118965815E-004   0.6858929847E-001  -0.1291400000E-004   0.1631400000E-003
  -0.2559121976E+000  -0.8625284015E-006   0.1089615018E-004   0.6679018131E-001  -0.1291400000E-004   0.1631400000E-003
  -0.2522372667E+000  -0.8404656953E-006   0.1061743639E-004   0.6508174812E-001  -0.1291400000E-004   0.1631400000E-003
  -0.2485623358E+000  -0.8194888958E-006   0.1035244064E-004   0.6345740250E-001  -0.1291400000E-004   0.1631400000E-003
  -0.2448874049E+000  -0.7995207740E-006   0.1010018732E-004   0.6191116417E-001  -0.1291400000E-004   0.1631400000E-003
  -0.2412124740E+000  -0.7804911620E-006   0.9859790009E-005   0.6043759966E-001  -0.1291400000E-004   0.1631400000E-003
  -0.2375375431E+000  -0.7623361746E-006   0.9630441655E-005   0.5903176201E-001  -0.1291400000E-004   0.1631400000E-003
  -0.2338626122E+000  -0.7449975301E-006   0.9411405999E-005   0.5768913816E-001  -0.1291400000E-004   0.1631400000E-003
  -0.2301876813E+000  -0.7284219561E-006   0.9202010060E-005   0.5640560292E-001  -0.1291400000E-004   0.1631400000E-003
  -0.2265127504E+000  -0.7125606684E-006   0.9001637559E-005   0.5517737869E-001  -0.1291400000E-004   0.1631400000E-003
  -0.2228378195E+000  -0.6973689134E-006   0.8809723132E-005   0.5400099995E-001  -0.1291400000E-004   0.1631400000E-003
  -0.2191628886E+000  -0.6828055640E-006   0.8625747228E-005   0.5287328202E-001  -0.1291400000E-004   0.1631400000E-003
  -0.2154879577E+000  -0.6688327633E-006   0.8449231610E-005   0.5179129343E-001  -0.1291400000E-004   0.1631400000E-003
  -0.2118130268E+000  -0.6554156090E-006   0.8279735361E-005   0.5075233150E-001  -0.1291400000E-004   0.1631400000E-003
  -0.2081380959E+000  -0.6425218727E-006   0.8116851349E-005   0.4975390063E-001  -0.1291400000E-004   0.1631400000E-003
